"TOA5","2","CR300","7174","CR300.Std.07.00","CPU:Site 2 (Field).CR300","63613","CS655"
"TIMESTAMP","RECORD","station","latitude","longitude","altitude","BattV","CS655_5_VWC_Avg","CS655_10_VWC_Avg","CS655_20_VWC_Avg","CS655_50_VWC_Avg","CS655_5_T_Avg","CS655_10_T_Avg","CS655_20_T_Avg","CS655_50_T_Avg","CS655_5_EC_Avg","CS655_10_EC_Avg","CS655_20_EC_Avg","CS655_50_EC_Avg","CS655_5_Perm_Avg","CS655_10_Perm_Avg","CS655_20_Perm_Avg","CS655_50_Perm_Avg","CS655_5_PA_Avg","CS655_10_PA_Avg","CS655_20_PA_Avg","CS655_50_PA_Avg","CS655_5_VR_Avg","CS655_10_VR_Avg","CS655_20_VR_Avg","CS655_50_VR_Avg"
"TS","RN","name","decdegrees","decdegrees","m","Volts","m^3/m^3","m^3/m^3","m^3/m^3","m^3/m^3","Deg C","Deg C","Deg C","Deg C","dS/m","dS/m","dS/m","dS/m","unitless","unitless","unitless","unitless","nSec","nSec","nSec","nSec","unitless","unitless","unitless","unitless"
"","","Smp","Smp","Smp","Smp","Smp","Avg","Avg","Avg","Avg","Avg","Avg","Avg","Avg","Avg","Avg","Avg","Avg","Avg","Avg","Avg","Avg","Avg","Avg","Avg","Avg","Avg","Avg","Avg","Avg"
"2023-03-24 15:00:00",0,"Site 2",30.5498,-96.4115,75,13.32,0.3,0.31,0.379,0.456,23.89,22.39,21.14,19.16,0.298,0.361,0.613,0.998,16.62,17.28,22.93,31.54,1.68,1.697,1.837,2.016,1.368,1.444,1.75,2.244
"2023-03-24 16:00:00",1,"Site 2",30.5498,-96.4115,75,13.47,0.301,0.311,0.38,0.455,24.96,23.02,21.29,19.17,0.304,0.366,0.616,0.998,16.69,17.36,22.96,31.49,1.682,1.699,1.837,2.016,1.376,1.451,1.753,2.243
"2023-03-24 17:00:00",2,"Site 2",30.5498,-96.4115,75,13.45,0.302,0.311,0.38,0.456,26.4,24.08,21.62,19.2,0.314,0.376,0.621,0.998,16.75,17.42,23,31.54,1.684,1.701,1.839,2.016,1.387,1.462,1.76,2.243
"2023-03-24 18:00:00",3,"Site 2",30.5498,-96.4115,75,13.45,0.302,0.312,0.38,0.456,26.69,24.9,22.05,19.22,0.313,0.381,0.628,0.999,16.73,17.44,23.01,31.53,1.684,1.702,1.84,2.016,1.387,1.469,1.768,2.244
"2023-03-24 19:00:00",4,"Site 2",30.5498,-96.4115,75,13.45,0.3,0.312,0.381,0.456,25.93,25.05,22.46,19.26,0.304,0.377,0.634,1,16.64,17.44,23.11,31.52,1.681,1.702,1.842,2.016,1.376,1.465,1.776,2.246
"2023-03-24 20:00:00",5,"Site 2",30.5498,-96.4115,75,12.76,0.298,0.311,0.382,0.456,24.75,24.69,22.71,19.28,0.3,0.373,0.637,1.001,16.48,17.36,23.16,31.52,1.677,1.7,1.844,2.016,1.371,1.459,1.779,2.247
"2023-03-24 21:00:00",6,"Site 2",30.5498,-96.4115,75,12.68,0.296,0.31,0.381,0.456,23.49,24.01,22.77,19.34,0.292,0.366,0.637,0.998,16.35,17.29,23.14,31.57,1.673,1.697,1.843,2.017,1.361,1.451,1.779,2.243
"2023-03-24 22:00:00",7,"Site 2",30.5498,-96.4115,75,12.61,0.295,0.308,0.381,0.456,22.41,23.23,22.65,19.39,0.285,0.36,0.634,1.005,16.25,17.2,23.09,31.57,1.67,1.695,1.842,2.018,1.352,1.443,1.776,2.252
"2023-03-24 23:00:00",8,"Site 2",30.5498,-96.4115,75,12.54,0.294,0.307,0.38,0.456,21.51,22.52,22.44,19.44,0.277,0.357,0.63,1.007,16.17,17.12,23,31.55,1.667,1.692,1.84,2.018,1.342,1.439,1.77,2.254
"2023-03-25 00:00:00",9,"Site 2",30.5498,-96.4115,75,12.47,0.292,0.306,0.38,0.456,20.73,21.86,22.15,19.52,0.273,0.352,0.625,1.008,16.07,17.04,23,31.59,1.665,1.69,1.839,2.018,1.337,1.433,1.765,2.256
"2023-03-25 01:00:00",10,"Site 2",30.5498,-96.4115,75,12.43,0.291,0.305,0.379,0.456,20.04,21.25,21.85,19.57,0.269,0.346,0.62,1.009,15.98,16.96,22.93,31.61,1.662,1.688,1.837,2.019,1.332,1.426,1.758,2.257
"2023-03-25 02:00:00",11,"Site 2",30.5498,-96.4115,75,12.41,0.29,0.304,0.378,0.456,19.42,20.72,21.53,19.62,0.265,0.341,0.615,1.012,15.92,16.9,22.86,31.62,1.66,1.686,1.836,2.019,1.327,1.42,1.752,2.261
"2023-03-25 03:00:00",12,"Site 2",30.5498,-96.4115,75,12.39,0.289,0.303,0.378,0.457,18.83,20.17,21.21,19.65,0.26,0.337,0.61,1.013,15.84,16.82,22.79,31.67,1.658,1.684,1.834,2.02,1.321,1.414,1.746,2.262
"2023-03-25 04:00:00",13,"Site 2",30.5498,-96.4115,75,12.36,0.288,0.302,0.377,0.457,18.29,19.67,20.89,19.71,0.256,0.332,0.605,1.014,15.78,16.78,22.72,31.66,1.656,1.682,1.832,2.02,1.316,1.409,1.739,2.263
"2023-03-25 05:00:00",14,"Site 2",30.5498,-96.4115,75,12.34,0.286,0.301,0.376,0.457,17.76,19.18,20.56,19.73,0.253,0.328,0.6,1.014,15.7,16.71,22.66,31.65,1.654,1.68,1.83,2.02,1.312,1.404,1.733,2.264
"2023-03-25 06:00:00",15,"Site 2",30.5498,-96.4115,75,12.32,0.285,0.301,0.376,0.457,17.29,18.72,20.24,19.74,0.25,0.324,0.594,1.015,15.63,16.66,22.59,31.65,1.652,1.679,1.828,2.02,1.308,1.399,1.726,2.265
"2023-03-25 07:00:00",16,"Site 2",30.5498,-96.4115,75,12.29,0.284,0.3,0.375,0.457,16.82,18.32,19.93,19.75,0.246,0.321,0.589,1.015,15.57,16.6,22.54,31.65,1.65,1.677,1.827,2.02,1.304,1.394,1.72,2.264
"2023-03-25 08:00:00",17,"Site 2",30.5498,-96.4115,75,12.31,0.284,0.299,0.374,0.457,16.34,17.89,19.61,19.74,0.243,0.317,0.585,1.015,15.52,16.55,22.47,31.65,1.648,1.675,1.825,2.02,1.3,1.389,1.714,2.265
"2023-03-25 09:00:00",18,"Site 2",30.5498,-96.4115,75,12.42,0.283,0.298,0.373,0.457,16.1,17.5,19.33,19.72,0.242,0.314,0.579,1.014,15.46,16.5,22.4,31.66,1.647,1.674,1.823,2.02,1.298,1.386,1.708,2.263
"2023-03-25 10:00:00",19,"Site 2",30.5498,-96.4115,75,12.55,0.284,0.298,0.373,0.457,16.91,17.42,19.03,19.69,0.247,0.314,0.575,1.012,15.52,16.5,22.34,31.67,1.649,1.674,1.822,2.02,1.305,1.386,1.703,2.261
"2023-03-25 11:00:00",20,"Site 2",30.5498,-96.4115,75,12.66,0.285,0.299,0.372,0.456,18.27,17.86,18.87,19.67,0.255,0.319,0.573,1.014,15.58,16.54,22.31,31.63,1.651,1.675,1.821,2.019,1.314,1.392,1.7,2.263
"2023-03-25 12:00:00",21,"Site 2",30.5498,-96.4115,75,12.88,0.285,0.3,0.372,0.456,19.23,18.5,18.89,19.63,0.259,0.323,0.574,1.011,15.6,16.59,22.31,31.6,1.652,1.677,1.821,2.019,1.319,1.398,1.701,2.259
"2023-03-25 13:00:00",22,"Site 2",30.5498,-96.4115,75,13.39,0.286,0.3,0.372,0.456,20.09,19.29,19.04,19.59,0.266,0.33,0.577,1.01,15.67,16.64,22.31,31.61,1.654,1.679,1.821,2.019,1.329,1.406,1.704,2.258
"2023-03-25 14:00:00",23,"Site 2",30.5498,-96.4115,75,13.48,0.289,0.302,0.373,0.456,22.31,20.53,19.33,19.54,0.283,0.342,0.581,1.008,15.84,16.73,22.35,31.54,1.66,1.682,1.822,2.018,1.349,1.421,1.71,2.256
"2023-03-25 15:00:00",24,"Site 2",30.5498,-96.4115,75,13.49,0.29,0.303,0.374,0.456,24.78,22.13,19.81,19.49,0.295,0.355,0.589,1.008,15.95,16.85,22.42,31.55,1.664,1.686,1.825,2.018,1.364,1.437,1.719,2.255
"2023-03-25 16:00:00",25,"Site 2",30.5498,-96.4115,75,13.5,0.292,0.305,0.375,0.456,26.45,23.6,20.44,19.46,0.302,0.367,0.599,1.006,16.05,16.95,22.53,31.56,1.667,1.69,1.828,2.018,1.373,1.451,1.732,2.253
"2023-03-25 17:00:00",26,"Site 2",30.5498,-96.4115,75,13.48,0.292,0.306,0.376,0.455,27.31,24.72,21.13,19.44,0.307,0.368,0.609,1.006,16.05,17.06,22.65,31.48,1.667,1.692,1.831,2.016,1.379,1.454,1.744,2.253
"2023-03-25 18:00:00",27,"Site 2",30.5498,-96.4115,75,13.46,0.29,0.307,0.377,0.455,27.28,25.38,21.76,19.42,0.305,0.373,0.618,1.005,15.96,17.08,22.72,31.49,1.665,1.693,1.833,2.016,1.377,1.459,1.756,2.252
"2023-03-25 19:00:00",28,"Site 2",30.5498,-96.4115,75,13.46,0.289,0.306,0.378,0.455,26.42,25.45,22.31,19.42,0.299,0.374,0.625,1.006,15.84,17,22.78,31.48,1.662,1.692,1.835,2.016,1.37,1.461,1.764,2.253
"2023-03-25 20:00:00",29,"Site 2",30.5498,-96.4115,75,12.77,0.287,0.305,0.378,0.455,25.13,25.04,22.62,19.43,0.294,0.37,0.629,1.005,15.72,16.94,22.84,31.49,1.658,1.69,1.837,2.016,1.363,1.455,1.769,2.252
"2023-03-25 21:00:00",30,"Site 2",30.5498,-96.4115,75,12.69,0.285,0.303,0.378,0.456,23.58,24.23,22.73,19.45,0.284,0.362,0.629,1.006,15.57,16.85,22.84,31.5,1.654,1.687,1.837,2.017,1.351,1.446,1.769,2.254
"2023-03-25 22:00:00",31,"Site 2",30.5498,-96.4115,75,12.63,0.283,0.302,0.378,0.456,22.25,23.31,22.63,19.51,0.276,0.358,0.627,1.009,15.46,16.74,22.79,31.53,1.65,1.684,1.836,2.018,1.341,1.44,1.767,2.258
"2023-03-25 23:00:00",32,"Site 2",30.5498,-96.4115,75,12.59,0.281,0.301,0.377,0.456,21.25,22.47,22.39,19.58,0.27,0.351,0.622,1.011,15.34,16.66,22.7,31.52,1.647,1.682,1.833,2.018,1.333,1.432,1.761,2.259
"2023-03-26 00:00:00",33,"Site 2",30.5498,-96.4115,75,12.56,0.28,0.299,0.377,0.456,20.46,21.73,22.09,19.63,0.265,0.345,0.617,1.012,15.27,16.57,22.69,31.57,1.645,1.679,1.833,2.018,1.327,1.424,1.754,2.26
"2023-03-26 01:00:00",34,"Site 2",30.5498,-96.4115,75,12.52,0.279,0.299,0.376,0.456,19.77,21.1,21.75,19.71,0.26,0.34,0.612,1.015,15.18,16.51,22.61,31.57,1.642,1.677,1.831,2.019,1.321,1.418,1.748,2.264
"2023-03-26 02:00:00",35,"Site 2",30.5498,-96.4115,75,12.48,0.278,0.298,0.375,0.456,19.12,20.52,21.42,19.76,0.256,0.335,0.607,1.015,15.12,16.45,22.56,31.59,1.64,1.675,1.829,2.019,1.316,1.412,1.742,2.265
"2023-03-26 03:00:00",36,"Site 2",30.5498,-96.4115,75,12.45,0.276,0.297,0.374,0.456,18.57,19.99,21.06,19.79,0.252,0.331,0.601,1.017,15.05,16.39,22.49,31.63,1.638,1.673,1.827,2.02,1.311,1.407,1.735,2.268
"2023-03-26 04:00:00",37,"Site 2",30.5498,-96.4115,75,12.41,0.275,0.296,0.374,0.456,18.05,19.49,20.76,19.83,0.249,0.326,0.596,1.018,14.98,16.33,22.4,31.63,1.636,1.671,1.825,2.02,1.307,1.401,1.728,2.268
"2023-03-26 05:00:00",38,"Site 2",30.5498,-96.4115,75,12.37,0.274,0.295,0.373,0.456,17.6,19.05,20.43,19.85,0.246,0.323,0.591,1.018,14.92,16.28,22.35,31.62,1.634,1.67,1.824,2.02,1.304,1.397,1.722,2.269
"2023-03-26 06:00:00",39,"Site 2",30.5498,-96.4115,75,12.34,0.274,0.295,0.372,0.456,17.3,18.66,20.13,19.86,0.244,0.32,0.586,1.019,14.88,16.24,22.3,31.61,1.633,1.669,1.822,2.02,1.301,1.393,1.716,2.27
"2023-03-26 07:00:00",40,"Site 2",30.5498,-96.4115,75,12.32,0.273,0.294,0.372,0.456,16.98,18.34,19.82,19.88,0.241,0.317,0.582,1.018,14.83,16.19,22.24,31.62,1.631,1.667,1.821,2.02,1.298,1.39,1.711,2.269
"2023-03-26 08:00:00",41,"Site 2",30.5498,-96.4115,75,12.36,0.273,0.293,0.371,0.456,16.66,18.01,19.56,19.85,0.239,0.314,0.577,1.018,14.79,16.15,22.19,31.62,1.63,1.666,1.819,2.02,1.295,1.387,1.706,2.269
"2023-03-26 09:00:00",42,"Site 2",30.5498,-96.4115,75,12.67,0.272,0.293,0.37,0.456,16.68,17.78,19.31,19.85,0.24,0.312,0.574,1.018,14.78,16.11,22.11,31.63,1.63,1.665,1.817,2.02,1.296,1.384,1.701,2.268
"2023-03-26 10:00:00",43,"Site 2",30.5498,-96.4115,75,12.42,0.273,0.293,0.37,0.456,17.3,17.84,19.1,19.82,0.243,0.313,0.571,1.018,14.81,16.14,22.08,31.63,1.631,1.666,1.816,2.02,1.3,1.385,1.698,2.268
"2023-03-26 11:00:00",44,"Site 2",30.5498,-96.4115,75,12.62,0.273,0.293,0.369,0.456,17.7,18.06,18.99,19.8,0.245,0.315,0.57,1.016,14.8,16.15,22.03,31.59,1.631,1.666,1.815,2.019,1.302,1.387,1.696,2.266
"2023-03-26 12:00:00",45,"Site 2",30.5498,-96.4115,75,12.84,0.273,0.293,0.369,0.456,18.06,18.28,18.95,19.75,0.247,0.317,0.569,1.014,14.79,16.14,22.04,31.58,1.631,1.666,1.815,2.019,1.304,1.389,1.695,2.263
"2023-03-26 13:00:00",46,"Site 2",30.5498,-96.4115,75,12.89,0.273,0.293,0.369,0.456,18.46,18.51,18.96,19.72,0.249,0.318,0.569,1.013,14.81,16.15,22.04,31.58,1.632,1.666,1.815,2.019,1.307,1.391,1.695,2.263
"2023-03-26 14:00:00",47,"Site 2",30.5498,-96.4115,75,12.87,0.273,0.294,0.369,0.456,18.96,18.81,18.99,19.66,0.252,0.321,0.57,1.012,14.85,16.17,22.03,31.57,1.633,1.667,1.815,2.018,1.311,1.394,1.697,2.261
"2023-03-26 15:00:00",48,"Site 2",30.5498,-96.4115,75,13.44,0.274,0.294,0.369,0.456,19.54,19.16,19.08,19.64,0.255,0.324,0.571,1.01,14.88,16.19,22.02,31.53,1.634,1.668,1.815,2.018,1.315,1.398,1.698,2.259
"2023-03-26 16:00:00",49,"Site 2",30.5498,-96.4115,75,13.15,0.275,0.295,0.37,0.456,20.45,19.67,19.21,19.59,0.261,0.328,0.573,1.01,14.93,16.26,22.07,31.53,1.636,1.67,1.816,2.018,1.322,1.403,1.7,2.258
"2023-03-26 17:00:00",50,"Site 2",30.5498,-96.4115,75,13.48,0.275,0.295,0.37,0.456,20.97,20.18,19.4,19.55,0.264,0.332,0.576,1.008,14.95,16.27,22.09,31.54,1.637,1.671,1.817,2.018,1.326,1.408,1.704,2.256
"2023-03-26 18:00:00",51,"Site 2",30.5498,-96.4115,75,13.56,0.276,0.296,0.371,0.456,21.46,20.59,19.62,19.52,0.267,0.335,0.579,1.008,14.99,16.3,22.14,31.52,1.638,1.672,1.818,2.017,1.329,1.412,1.708,2.256
"2023-03-26 19:00:00",52,"Site 2",30.5498,-96.4115,75,13.55,0.275,0.296,0.371,0.455,21.72,20.97,19.85,19.49,0.268,0.338,0.583,1.008,14.98,16.34,22.15,31.47,1.638,1.673,1.819,2.016,1.33,1.416,1.713,2.255
"2023-03-26 20:00:00",53,"Site 2",30.5498,-96.4115,75,12.76,0.275,0.296,0.371,0.455,21.38,21.12,20.07,19.46,0.266,0.338,0.586,1.007,14.93,16.34,22.18,31.47,1.636,1.673,1.82,2.016,1.328,1.416,1.716,2.255
"2023-03-26 21:00:00",54,"Site 2",30.5498,-96.4115,75,12.7,0.274,0.295,0.372,0.455,20.7,20.9,20.21,19.45,0.261,0.336,0.588,1.006,14.88,16.3,22.23,31.48,1.635,1.672,1.821,2.016,1.323,1.413,1.718,2.253
"2023-03-26 22:00:00",55,"Site 2",30.5498,-96.4115,75,12.65,0.273,0.295,0.372,0.455,20.21,20.57,20.25,19.44,0.259,0.333,0.588,1.006,14.83,16.26,22.23,31.48,1.633,1.671,1.821,2.016,1.319,1.41,1.718,2.253
"2023-03-26 23:00:00",56,"Site 2",30.5498,-96.4115,75,12.62,0.273,0.294,0.371,0.455,20.07,20.36,20.21,19.44,0.258,0.332,0.586,1.006,14.79,16.22,22.18,31.48,1.632,1.669,1.82,2.016,1.318,1.408,1.716,2.254
"2023-03-27 00:00:00",57,"Site 2",30.5498,-96.4115,75,12.58,0.273,0.294,0.371,0.455,19.97,20.21,20.14,19.44,0.257,0.331,0.586,1.006,14.79,16.22,22.18,31.48,1.632,1.669,1.82,2.016,1.318,1.407,1.716,2.254
"2023-03-27 01:00:00",58,"Site 2",30.5498,-96.4115,75,12.55,0.272,0.294,0.371,0.455,19.84,20.12,20.08,19.45,0.256,0.33,0.585,1.007,14.75,16.2,22.18,31.48,1.631,1.669,1.82,2.016,1.316,1.406,1.715,2.254
"2023-03-27 02:00:00",59,"Site 2",30.5498,-96.4115,75,12.5,0.272,0.294,0.37,0.455,19.54,19.98,20.04,19.46,0.254,0.328,0.584,1.007,14.73,16.19,22.13,31.48,1.63,1.668,1.819,2.016,1.314,1.404,1.714,2.254
"2023-03-27 03:00:00",60,"Site 2",30.5498,-96.4115,75,12.46,0.271,0.293,0.371,0.455,19.04,19.72,19.97,19.47,0.251,0.326,0.583,1.007,14.66,16.15,22.14,31.47,1.628,1.667,1.819,2.016,1.31,1.401,1.712,2.254
"2023-03-27 04:00:00",61,"Site 2",30.5498,-96.4115,75,12.42,0.27,0.293,0.37,0.455,18.56,19.38,19.85,19.47,0.248,0.323,0.581,1.008,14.62,16.11,22.09,31.47,1.627,1.666,1.818,2.016,1.306,1.398,1.709,2.255
"2023-03-27 05:00:00",62,"Site 2",30.5498,-96.4115,75,12.38,0.269,0.292,0.37,0.455,18.09,19.02,19.7,19.47,0.246,0.32,0.578,1.007,14.57,16.06,22.07,31.48,1.625,1.665,1.817,2.016,1.303,1.394,1.706,2.254
"2023-03-27 06:00:00",63,"Site 2",30.5498,-96.4115,75,12.35,0.268,0.291,0.369,0.455,17.75,18.68,19.53,19.47,0.243,0.317,0.575,1.007,14.53,16.03,22.03,31.47,1.624,1.663,1.816,2.016,1.3,1.39,1.702,2.255
"2023-03-27 07:00:00",64,"Site 2",30.5498,-96.4115,75,12.33,0.268,0.291,0.369,0.455,17.44,18.4,19.34,19.48,0.241,0.315,0.572,1.008,14.49,15.99,22,31.47,1.623,1.662,1.815,2.016,1.298,1.388,1.699,2.256
"2023-03-27 08:00:00",65,"Site 2",30.5498,-96.4115,75,12.34,0.267,0.29,0.369,0.455,17.17,18.16,19.16,19.47,0.24,0.313,0.569,1.008,14.46,15.96,21.96,31.47,1.622,1.662,1.814,2.016,1.295,1.385,1.695,2.255
"2023-03-27 09:00:00",66,"Site 2",30.5498,-96.4115,75,12.48,0.267,0.29,0.368,0.455,17.1,17.94,18.99,19.47,0.239,0.312,0.566,1.008,14.46,15.92,21.93,31.47,1.622,1.66,1.813,2.016,1.295,1.383,1.692,2.255
"2023-03-27 10:00:00",67,"Site 2",30.5498,-96.4115,75,12.99,0.267,0.29,0.368,0.455,17.52,17.95,18.83,19.45,0.242,0.312,0.564,1.006,14.46,15.94,21.89,31.48,1.622,1.661,1.812,2.016,1.298,1.384,1.689,2.253
"2023-03-27 11:00:00",68,"Site 2",30.5498,-96.4115,75,13.03,0.268,0.29,0.368,0.455,18.38,18.22,18.75,19.43,0.247,0.315,0.564,1.006,14.51,15.96,21.89,31.48,1.624,1.662,1.812,2.016,1.305,1.387,1.688,2.253
"2023-03-27 12:00:00",69,"Site 2",30.5498,-96.4115,75,13.49,0.269,0.291,0.368,0.455,19.68,18.84,18.79,19.42,0.254,0.32,0.565,1.005,14.56,16.01,21.88,31.49,1.626,1.663,1.812,2.016,1.313,1.394,1.69,2.252
"2023-03-27 13:00:00",70,"Site 2",30.5498,-96.4115,75,13.56,0.27,0.292,0.368,0.455,20.58,19.52,18.95,19.4,0.26,0.326,0.568,1.004,14.64,16.05,21.89,31.44,1.629,1.665,1.812,2.016,1.321,1.401,1.694,2.251
"2023-03-27 14:00:00",71,"Site 2",30.5498,-96.4115,75,13.52,0.272,0.293,0.368,0.455,22.23,20.5,19.23,19.36,0.27,0.334,0.572,1.003,14.74,16.11,21.92,31.42,1.632,1.667,1.813,2.015,1.334,1.411,1.699,2.25
"2023-03-27 15:00:00",72,"Site 2",30.5498,-96.4115,75,13.48,0.274,0.294,0.369,0.455,24.09,21.71,19.63,19.33,0.282,0.345,0.579,1.002,14.86,16.21,21.98,31.43,1.636,1.671,1.815,2.015,1.348,1.424,1.707,2.248
"2023-03-27 16:00:00",73,"Site 2",30.5498,-96.4115,75,13.48,0.275,0.296,0.37,0.455,25.49,22.96,20.17,19.32,0.287,0.352,0.587,1.002,14.92,16.32,22.06,31.43,1.639,1.674,1.818,2.015,1.355,1.433,1.717,2.248
"2023-03-27 17:00:00",74,"Site 2",30.5498,-96.4115,75,13.46,0.274,0.296,0.371,0.455,26.01,23.82,20.77,19.32,0.292,0.36,0.596,1.001,14.9,16.35,22.17,31.38,1.639,1.675,1.821,2.015,1.361,1.444,1.728,2.247
"2023-03-27 18:00:00",75,"Site 2",30.5498,-96.4115,75,13.45,0.273,0.297,0.372,0.454,26.11,24.38,21.32,19.3,0.292,0.361,0.604,1.001,14.86,16.38,22.24,31.36,1.637,1.676,1.823,2.014,1.361,1.444,1.738,2.247
"2023-03-27 19:00:00",76,"Site 2",30.5498,-96.4115,75,13.51,0.273,0.296,0.372,0.454,25.5,24.48,21.77,19.31,0.288,0.361,0.609,1.002,14.8,16.36,22.31,31.35,1.636,1.676,1.825,2.014,1.356,1.444,1.745,2.248
"2023-03-27 20:00:00",77,"Site 2",30.5498,-96.4115,75,12.76,0.271,0.296,0.373,0.455,24.61,24.23,22.06,19.34,0.282,0.361,0.613,1.003,14.72,16.31,22.35,31.42,1.633,1.675,1.826,2.015,1.348,1.445,1.749,2.249
"2023-03-27 21:00:00",78,"Site 2",30.5498,-96.4115,75,12.7,0.27,0.295,0.373,0.455,23.54,23.71,22.19,19.37,0.277,0.357,0.614,1.003,14.61,16.27,22.38,31.42,1.63,1.673,1.827,2.015,1.342,1.439,1.751,2.25
"2023-03-27 22:00:00",79,"Site 2",30.5498,-96.4115,75,12.66,0.268,0.294,0.373,0.455,22.7,23.12,22.18,19.43,0.272,0.35,0.613,1.005,14.53,16.2,22.34,31.41,1.627,1.671,1.826,2.015,1.335,1.43,1.75,2.252
"2023-03-27 23:00:00",80,"Site 2",30.5498,-96.4115,75,12.64,0.268,0.293,0.373,0.455,22.14,22.61,22.06,19.49,0.267,0.348,0.61,1.007,14.49,16.15,22.32,31.47,1.626,1.669,1.825,2.016,1.33,1.428,1.746,2.255
"2023-03-28 00:00:00",81,"Site 2",30.5498,-96.4115,75,12.61,0.267,0.293,0.372,0.455,21.83,22.24,21.9,19.54,0.267,0.343,0.608,1.009,14.44,16.12,22.29,31.46,1.625,1.668,1.824,2.016,1.329,1.422,1.743,2.257
"2023-03-28 01:00:00",82,"Site 2",30.5498,-96.4115,75,12.59,0.266,0.292,0.372,0.456,21.52,21.99,21.76,19.62,0.265,0.343,0.606,1.011,14.41,16.07,22.25,31.52,1.623,1.667,1.823,2.018,1.326,1.422,1.74,2.259
"2023-03-28 02:00:00",83,"Site 2",30.5498,-96.4115,75,12.56,0.265,0.292,0.371,0.456,21.14,21.68,21.62,19.66,0.262,0.34,0.604,1.012,14.34,16.05,22.22,31.51,1.622,1.666,1.822,2.018,1.323,1.418,1.738,2.261
"2023-03-28 03:00:00",84,"Site 2",30.5498,-96.4115,75,12.53,0.265,0.291,0.371,0.456,20.77,21.39,21.47,19.73,0.26,0.338,0.601,1.014,14.31,16.01,22.21,31.5,1.62,1.665,1.822,2.018,1.32,1.415,1.735,2.263
"2023-03-28 04:00:00",85,"Site 2",30.5498,-96.4115,75,12.49,0.264,0.291,0.371,0.456,20.53,21.14,21.32,19.78,0.258,0.336,0.599,1.015,14.29,15.97,22.17,31.54,1.62,1.664,1.821,2.018,1.318,1.413,1.732,2.265
"2023-03-28 05:00:00",86,"Site 2",30.5498,-96.4115,75,12.46,0.264,0.29,0.371,0.456,20.22,20.89,21.17,19.81,0.256,0.333,0.596,1.017,14.23,15.94,22.14,31.55,1.618,1.663,1.82,2.019,1.316,1.41,1.729,2.267
"2023-03-28 06:00:00",87,"Site 2",30.5498,-96.4115,75,12.42,0.263,0.289,0.37,0.456,19.84,20.6,21.01,19.82,0.253,0.331,0.594,1.016,14.18,15.9,22.1,31.56,1.617,1.662,1.819,2.019,1.312,1.407,1.726,2.266
"2023-03-28 07:00:00",88,"Site 2",30.5498,-96.4115,75,12.39,0.262,0.289,0.37,0.456,19.51,20.33,20.84,19.85,0.251,0.329,0.591,1.017,14.15,15.88,22.07,31.55,1.616,1.661,1.818,2.019,1.31,1.404,1.722,2.268
"2023-03-28 08:00:00",89,"Site 2",30.5498,-96.4115,75,12.39,0.261,0.289,0.369,0.456,19.2,20.04,20.68,19.89,0.249,0.326,0.588,1.017,14.1,15.84,22.03,31.55,1.614,1.66,1.817,2.019,1.307,1.401,1.719,2.268
"2023-03-28 09:00:00",90,"Site 2",30.5498,-96.4115,75,12.58,0.261,0.288,0.369,0.456,18.92,19.78,20.47,19.88,0.247,0.324,0.585,1.018,14.06,15.8,21.99,31.54,1.613,1.659,1.816,2.019,1.305,1.398,1.715,2.269
"2023-03-28 10:00:00",91,"Site 2",30.5498,-96.4115,75,12.92,0.26,0.287,0.369,0.456,18.76,19.56,20.32,19.9,0.246,0.322,0.583,1.018,14.02,15.76,21.96,31.55,1.612,1.658,1.815,2.019,1.304,1.396,1.712,2.268
"2023-03-28 11:00:00",92,"Site 2",30.5498,-96.4115,75,13.15,0.26,0.287,0.368,0.456,19.02,19.47,20.15,19.91,0.247,0.321,0.58,1.018,14.01,15.73,21.91,31.55,1.612,1.657,1.814,2.019,1.305,1.395,1.709,2.268
"2023-03-28 12:00:00",93,"Site 2",30.5498,-96.4115,75,13.59,0.26,0.287,0.368,0.456,19.83,19.68,20.05,19.91,0.252,0.323,0.578,1.017,14.04,15.72,21.87,31.55,1.613,1.657,1.813,2.019,1.31,1.398,1.707,2.267
"2023-03-28 13:00:00",94,"Site 2",30.5498,-96.4115,75,13.61,0.261,0.287,0.367,0.456,20.66,20.18,20.06,19.88,0.257,0.328,0.579,1.016,14.08,15.75,21.86,31.56,1.614,1.658,1.813,2.019,1.317,1.403,1.707,2.266
"2023-03-28 14:00:00",95,"Site 2",30.5498,-96.4115,75,13.59,0.262,0.288,0.368,0.456,21.97,20.92,20.19,19.88,0.265,0.335,0.581,1.016,14.15,15.82,21.87,31.54,1.617,1.66,1.813,2.018,1.327,1.412,1.71,2.265
"2023-03-28 15:00:00",96,"Site 2",30.5498,-96.4115,75,13.6,0.263,0.289,0.368,0.456,23.78,21.95,20.43,19.88,0.276,0.343,0.585,1.015,14.22,15.87,21.91,31.52,1.62,1.663,1.814,2.018,1.34,1.423,1.715,2.264
"2023-03-28 16:00:00",97,"Site 2",30.5498,-96.4115,75,13.57,0.264,0.29,0.368,0.455,25.22,23.07,20.84,19.86,0.284,0.35,0.592,1.014,14.26,15.95,21.95,31.5,1.622,1.665,1.816,2.018,1.35,1.431,1.723,2.263
"2023-03-28 17:00:00",98,"Site 2",30.5498,-96.4115,75,13.58,0.264,0.291,0.369,0.455,25.76,23.94,21.31,19.86,0.285,0.359,0.599,1.014,14.24,15.99,22.03,31.5,1.622,1.667,1.818,2.018,1.351,1.441,1.732,2.263
"2023-03-28 18:00:00",99,"Site 2",30.5498,-96.4115,75,13.57,0.263,0.291,0.37,0.456,25.36,24.29,21.76,19.86,0.281,0.357,0.605,1.013,14.18,15.99,22.09,31.51,1.62,1.667,1.82,2.018,1.347,1.439,1.739,2.262
"2023-03-28 19:00:00",100,"Site 2",30.5498,-96.4115,75,13,0.26,0.29,0.37,0.456,24.29,24.07,22.09,19.87,0.277,0.354,0.608,1.012,14.02,15.93,22.13,31.51,1.615,1.665,1.821,2.018,1.341,1.436,1.744,2.261
"2023-03-28 20:00:00",101,"Site 2",30.5498,-96.4115,75,12.73,0.258,0.289,0.371,0.455,22.97,23.49,22.24,19.87,0.269,0.346,0.609,1.014,13.92,15.86,22.15,31.5,1.612,1.663,1.822,2.018,1.332,1.425,1.745,2.263
"2023-03-28 21:00:00",102,"Site 2",30.5498,-96.4115,75,12.68,0.257,0.288,0.37,0.455,21.8,22.72,22.18,19.9,0.262,0.345,0.608,1.015,13.81,15.77,22.12,31.49,1.608,1.66,1.821,2.018,1.323,1.424,1.743,2.264
"2023-03-28 22:00:00",103,"Site 2",30.5498,-96.4115,75,12.64,0.255,0.286,0.37,0.455,21.04,22.04,22,19.91,0.258,0.339,0.604,1.016,13.73,15.7,22.06,31.48,1.606,1.658,1.819,2.018,1.318,1.417,1.738,2.266
"2023-03-28 23:00:00",104,"Site 2",30.5498,-96.4115,75,12.61,0.254,0.286,0.369,0.456,20.41,21.47,21.76,19.97,0.254,0.335,0.6,1.017,13.66,15.64,22.02,31.55,1.604,1.656,1.818,2.019,1.313,1.412,1.734,2.267
"2023-03-29 00:00:00",105,"Site 2",30.5498,-96.4115,75,12.59,0.253,0.285,0.369,0.456,19.82,20.94,21.5,20.01,0.25,0.331,0.596,1.017,13.61,15.58,21.96,31.55,1.602,1.654,1.817,2.019,1.309,1.407,1.728,2.267
"2023-03-29 01:00:00",106,"Site 2",30.5498,-96.4115,75,12.56,0.253,0.284,0.368,0.456,19.39,20.52,21.23,20.04,0.247,0.327,0.592,1.019,13.57,15.54,21.91,31.54,1.601,1.653,1.815,2.019,1.305,1.403,1.723,2.269
"2023-03-29 02:00:00",107,"Site 2",30.5498,-96.4115,75,12.53,0.252,0.283,0.368,0.456,18.96,20.12,20.99,20.08,0.244,0.324,0.588,1.019,13.5,15.5,21.87,31.56,1.599,1.652,1.814,2.019,1.302,1.399,1.718,2.27
"2023-03-29 03:00:00",108,"Site 2",30.5498,-96.4115,75,12.5,0.251,0.283,0.367,0.456,18.67,19.76,20.73,20.11,0.243,0.321,0.584,1.021,13.47,15.46,21.82,31.58,1.597,1.651,1.813,2.019,1.3,1.395,1.713,2.272
"2023-03-29 04:00:00",109,"Site 2",30.5498,-96.4115,75,12.46,0.25,0.282,0.366,0.456,18.43,19.49,20.49,20.11,0.241,0.319,0.58,1.021,13.42,15.42,21.78,31.6,1.596,1.649,1.811,2.02,1.297,1.392,1.709,2.272
"2023-03-29 05:00:00",110,"Site 2",30.5498,-96.4115,75,12.43,0.25,0.282,0.366,0.456,18.11,19.21,20.29,20.12,0.239,0.316,0.577,1.021,13.41,15.39,21.74,31.6,1.596,1.648,1.81,2.02,1.295,1.389,1.704,2.272
"2023-03-29 06:00:00",111,"Site 2",30.5498,-96.4115,75,12.4,0.249,0.281,0.365,0.456,17.95,18.98,20.06,20.13,0.238,0.314,0.573,1.021,13.36,15.35,21.68,31.61,1.594,1.647,1.809,2.02,1.294,1.386,1.7,2.272
"2023-03-29 07:00:00",112,"Site 2",30.5498,-96.4115,75,12.37,0.249,0.281,0.365,0.456,17.8,18.79,19.88,20.12,0.237,0.313,0.57,1.019,13.33,15.34,21.65,31.56,1.593,1.647,1.808,2.019,1.292,1.385,1.697,2.27
"2023-03-29 08:00:00",113,"Site 2",30.5498,-96.4115,75,12.35,0.248,0.28,0.365,0.456,17.63,18.61,19.7,20.1,0.235,0.311,0.568,1.02,13.29,15.3,21.61,31.53,1.592,1.646,1.807,2.019,1.29,1.383,1.693,2.271
"2023-03-29 09:00:00",114,"Site 2",30.5498,-96.4115,75,12.37,0.248,0.28,0.364,0.456,17.42,18.41,19.52,20.07,0.234,0.309,0.565,1.019,13.27,15.28,21.59,31.54,1.591,1.645,1.806,2.019,1.288,1.38,1.69,2.269
"2023-03-29 10:00:00",115,"Site 2",30.5498,-96.4115,75,12.85,0.248,0.28,0.364,0.456,17.42,18.26,19.38,20.06,0.234,0.309,0.562,1.018,13.27,15.27,21.54,31.54,1.591,1.645,1.805,2.019,1.289,1.379,1.687,2.269
"2023-03-29 11:00:00",116,"Site 2",30.5498,-96.4115,75,12.91,0.248,0.28,0.363,0.456,17.94,18.29,19.23,20.03,0.237,0.309,0.56,1.017,13.27,15.26,21.5,31.55,1.592,1.645,1.804,2.019,1.292,1.38,1.684,2.267
"2023-03-29 12:00:00",117,"Site 2",30.5498,-96.4115,75,13.25,0.249,0.28,0.363,0.456,19.12,18.7,19.18,19.98,0.243,0.313,0.56,1.016,13.32,15.28,21.5,31.51,1.594,1.645,1.804,2.018,1.299,1.384,1.684,2.266
"2023-03-29 13:00:00",118,"Site 2",30.5498,-96.4115,75,13.57,0.25,0.281,0.363,0.455,20.39,19.46,19.27,19.95,0.251,0.32,0.561,1.014,13.39,15.32,21.49,31.5,1.596,1.647,1.804,2.018,1.31,1.393,1.686,2.263
"2023-03-29 14:00:00",119,"Site 2",30.5498,-96.4115,75,13.56,0.251,0.282,0.364,0.455,21.93,20.52,19.52,19.9,0.26,0.328,0.566,1.014,13.45,15.41,21.53,31.5,1.599,1.65,1.805,2.018,1.32,1.403,1.691,2.263
"2023-03-29 15:00:00",120,"Site 2",30.5498,-96.4115,75,13.57,0.251,0.283,0.364,0.455,22.89,21.45,19.91,19.89,0.264,0.334,0.571,1.013,13.47,15.45,21.59,31.45,1.6,1.652,1.807,2.017,1.326,1.411,1.698,2.262
"2023-03-29 16:00:00",121,"Site 2",30.5498,-96.4115,75,13.56,0.251,0.283,0.365,0.455,23.1,21.99,20.31,19.85,0.265,0.335,0.577,1.012,13.47,15.47,21.64,31.44,1.6,1.653,1.808,2.016,1.327,1.412,1.705,2.26
"2023-03-29 17:00:00",122,"Site 2",30.5498,-96.4115,75,13.62,0.25,0.283,0.365,0.455,22.8,22.18,20.67,19.81,0.263,0.339,0.582,1.011,13.39,15.46,21.67,31.44,1.598,1.653,1.81,2.016,1.324,1.417,1.711,2.259
"2023-03-29 18:00:00",123,"Site 2",30.5498,-96.4115,75,13.1,0.249,0.282,0.366,0.455,22.4,22.13,20.91,19.79,0.261,0.338,0.584,1.011,13.34,15.43,21.71,31.45,1.596,1.652,1.811,2.016,1.322,1.416,1.714,2.259
"2023-03-29 19:00:00",124,"Site 2",30.5498,-96.4115,75,12.78,0.248,0.282,0.366,0.455,21.9,21.94,21.03,19.81,0.257,0.336,0.586,1.01,13.3,15.41,21.71,31.45,1.595,1.651,1.811,2.016,1.317,1.413,1.716,2.258
"2023-03-29 20:00:00",125,"Site 2",30.5498,-96.4115,75,12.72,0.247,0.281,0.366,0.455,21.39,21.69,21.09,19.81,0.256,0.334,0.586,1.01,13.23,15.37,21.7,31.45,1.593,1.65,1.811,2.016,1.315,1.411,1.716,2.258
"2023-03-29 21:00:00",126,"Site 2",30.5498,-96.4115,75,12.68,0.246,0.281,0.366,0.455,20.88,21.36,21.08,19.85,0.253,0.331,0.585,1.011,13.18,15.33,21.71,31.45,1.591,1.649,1.811,2.016,1.312,1.408,1.715,2.259
"2023-03-29 22:00:00",127,"Site 2",30.5498,-96.4115,75,12.65,0.246,0.28,0.365,0.455,20.49,21.04,20.98,19.83,0.25,0.329,0.584,1.012,13.17,15.3,21.68,31.44,1.591,1.648,1.81,2.016,1.309,1.405,1.713,2.26
"2023-03-29 23:00:00",128,"Site 2",30.5498,-96.4115,75,12.61,0.245,0.28,0.365,0.455,20.15,20.77,20.87,19.87,0.249,0.326,0.582,1.013,13.1,15.28,21.67,31.43,1.589,1.647,1.81,2.016,1.307,1.401,1.712,2.261
"2023-03-30 00:00:00",129,"Site 2",30.5498,-96.4115,75,12.59,0.244,0.279,0.365,0.455,19.87,20.5,20.77,19.86,0.246,0.325,0.58,1.013,13.07,15.24,21.62,31.43,1.588,1.646,1.808,2.016,1.304,1.399,1.709,2.262
"2023-03-30 01:00:00",130,"Site 2",30.5498,-96.4115,75,12.56,0.244,0.279,0.365,0.455,19.62,20.29,20.63,19.92,0.245,0.323,0.578,1.013,13.05,15.22,21.63,31.46,1.587,1.645,1.808,2.017,1.302,1.397,1.706,2.262
"2023-03-30 02:00:00",131,"Site 2",30.5498,-96.4115,75,12.53,0.244,0.279,0.364,0.455,19.35,20.07,20.49,19.92,0.243,0.321,0.576,1.014,13.04,15.19,21.59,31.5,1.587,1.644,1.807,2.018,1.3,1.395,1.704,2.263
"2023-03-30 03:00:00",132,"Site 2",30.5498,-96.4115,75,12.49,0.242,0.278,0.364,0.455,19.04,19.83,20.37,19.94,0.241,0.319,0.573,1.014,12.96,15.15,21.56,31.5,1.584,1.643,1.807,2.018,1.297,1.392,1.701,2.263
"2023-03-30 04:00:00",133,"Site 2",30.5498,-96.4115,75,12.46,0.242,0.278,0.364,0.455,18.91,19.62,20.25,19.95,0.24,0.317,0.572,1.014,12.94,15.13,21.53,31.5,1.584,1.642,1.806,2.018,1.296,1.39,1.698,2.263
"2023-03-30 05:00:00",134,"Site 2",30.5498,-96.4115,75,12.43,0.242,0.278,0.363,0.455,18.83,19.47,20.09,19.94,0.24,0.316,0.569,1.014,12.91,15.12,21.5,31.5,1.583,1.642,1.805,2.018,1.296,1.389,1.696,2.263
"2023-03-30 06:00:00",135,"Site 2",30.5498,-96.4115,75,12.4,0.241,0.277,0.363,0.455,18.77,19.38,19.98,19.95,0.239,0.315,0.568,1.015,12.9,15.09,21.47,31.49,1.582,1.641,1.804,2.018,1.295,1.388,1.694,2.264
"2023-03-30 07:00:00",136,"Site 2",30.5498,-96.4115,75,12.37,0.241,0.277,0.363,0.455,18.74,19.3,19.87,19.95,0.239,0.314,0.566,1.014,12.88,15.1,21.46,31.5,1.582,1.641,1.804,2.018,1.294,1.387,1.692,2.263
"2023-03-30 08:00:00",137,"Site 2",30.5498,-96.4115,75,12.37,0.241,0.277,0.363,0.456,18.73,19.25,19.79,19.96,0.239,0.314,0.565,1.013,12.9,15.07,21.43,31.5,1.582,1.64,1.803,2.018,1.294,1.386,1.69,2.262
"2023-03-30 09:00:00",138,"Site 2",30.5498,-96.4115,75,12.59,0.241,0.277,0.362,0.455,18.82,19.22,19.72,19.96,0.239,0.314,0.564,1.013,12.9,15.05,21.42,31.46,1.582,1.64,1.803,2.017,1.295,1.386,1.689,2.262
"2023-03-30 10:00:00",139,"Site 2",30.5498,-96.4115,75,13.01,0.241,0.276,0.362,0.455,19.31,19.33,19.67,19.94,0.242,0.315,0.563,1.013,12.88,15.04,21.42,31.48,1.582,1.64,1.803,2.017,1.299,1.388,1.688,2.262
"2023-03-30 11:00:00",140,"Site 2",30.5498,-96.4115,75,12.93,0.242,0.277,0.362,0.455,20.25,19.71,19.68,19.94,0.246,0.318,0.564,1.012,12.91,15.09,21.42,31.44,1.584,1.642,1.803,2.016,1.304,1.391,1.689,2.26
"2023-03-30 12:00:00",141,"Site 2",30.5498,-96.4115,75,13.03,0.242,0.277,0.362,0.455,20.63,20.15,19.8,19.86,0.249,0.321,0.565,1.011,12.91,15.11,21.41,31.44,1.584,1.642,1.803,2.016,1.307,1.395,1.69,2.26
"2023-03-30 13:00:00",142,"Site 2",30.5498,-96.4115,75,13.05,0.242,0.278,0.362,0.455,21.04,20.49,19.93,19.89,0.251,0.324,0.567,1.011,12.96,15.11,21.42,31.44,1.585,1.643,1.803,2.016,1.309,1.399,1.693,2.26
"2023-03-30 14:00:00",143,"Site 2",30.5498,-96.4115,75,13.31,0.243,0.278,0.363,0.455,21.4,20.82,20.08,19.86,0.253,0.326,0.569,1.01,12.96,15.13,21.45,31.45,1.586,1.643,1.804,2.016,1.312,1.401,1.696,2.258
"2023-03-30 15:00:00",144,"Site 2",30.5498,-96.4115,75,13.38,0.243,0.278,0.363,0.455,21.82,21.1,20.26,19.85,0.254,0.329,0.572,1.01,12.99,15.15,21.47,31.45,1.587,1.644,1.805,2.016,1.314,1.404,1.699,2.258
"2023-03-30 16:00:00",145,"Site 2",30.5498,-96.4115,75,13.36,0.243,0.278,0.363,0.455,22.31,21.49,20.43,19.84,0.258,0.332,0.574,1.009,12.98,15.15,21.5,31.43,1.587,1.645,1.805,2.016,1.318,1.408,1.702,2.258
"2023-03-30 17:00:00",146,"Site 2",30.5498,-96.4115,75,12.99,0.243,0.279,0.364,0.455,22.46,21.76,20.63,19.82,0.259,0.334,0.577,1.009,12.98,15.19,21.52,31.38,1.587,1.646,1.806,2.015,1.32,1.41,1.705,2.257
"2023-03-30 18:00:00",147,"Site 2",30.5498,-96.4115,75,13.12,0.242,0.279,0.364,0.455,22.44,21.92,20.83,19.84,0.259,0.335,0.579,1.009,12.95,15.19,21.55,31.38,1.586,1.646,1.807,2.015,1.32,1.412,1.708,2.257
"2023-03-30 19:00:00",148,"Site 2",30.5498,-96.4115,75,12.8,0.242,0.279,0.364,0.455,22.39,21.96,20.97,19.82,0.259,0.335,0.582,1.009,12.93,15.19,21.55,31.38,1.586,1.646,1.807,2.015,1.319,1.412,1.711,2.257
"2023-03-30 20:00:00",149,"Site 2",30.5498,-96.4115,75,12.73,0.241,0.278,0.364,0.455,22.16,21.96,21.08,19.86,0.258,0.335,0.583,1.01,12.87,15.16,21.59,31.37,1.584,1.645,1.808,2.015,1.318,1.412,1.712,2.258
"2023-03-30 21:00:00",150,"Site 2",30.5498,-96.4115,75,12.68,0.24,0.278,0.365,0.455,21.83,21.84,21.14,19.88,0.256,0.333,0.583,1.009,12.83,15.15,21.6,31.38,1.583,1.645,1.808,2.015,1.315,1.41,1.712,2.257
"2023-03-30 22:00:00",151,"Site 2",30.5498,-96.4115,75,12.64,0.24,0.277,0.364,0.455,21.54,21.67,21.15,19.89,0.254,0.332,0.583,1.01,12.81,15.11,21.6,31.43,1.582,1.643,1.808,2.016,1.313,1.408,1.713,2.258
"2023-03-30 23:00:00",152,"Site 2",30.5498,-96.4115,75,12.6,0.24,0.278,0.364,0.455,21.3,21.49,21.13,19.88,0.253,0.331,0.582,1.01,12.82,15.11,21.59,31.45,1.582,1.643,1.808,2.016,1.312,1.407,1.712,2.259
"2023-03-31 00:00:00",153,"Site 2",30.5498,-96.4115,75,12.57,0.24,0.277,0.364,0.455,21.2,21.37,21.1,19.91,0.252,0.33,0.582,1.011,12.79,15.07,21.55,31.44,1.581,1.642,1.807,2.016,1.311,1.406,1.711,2.26
"2023-03-31 01:00:00",154,"Site 2",30.5498,-96.4115,75,12.54,0.24,0.277,0.364,0.455,21.14,21.28,21.05,19.95,0.251,0.329,0.581,1.012,12.79,15.07,21.55,31.44,1.581,1.642,1.807,2.016,1.31,1.405,1.71,2.26
"2023-03-31 02:00:00",155,"Site 2",30.5498,-96.4115,75,12.51,0.24,0.277,0.364,0.455,21.13,21.23,21.02,19.95,0.252,0.329,0.58,1.013,12.79,15.07,21.56,31.43,1.581,1.642,1.807,2.016,1.31,1.404,1.709,2.262
"2023-03-31 03:00:00",156,"Site 2",30.5498,-96.4115,75,12.48,0.239,0.277,0.364,0.455,21.2,21.23,20.99,19.99,0.252,0.329,0.58,1.013,12.78,15.07,21.56,31.43,1.581,1.642,1.807,2.016,1.311,1.404,1.708,2.262
"2023-03-31 04:00:00",157,"Site 2",30.5498,-96.4115,75,12.45,0.238,0.277,0.363,0.455,21.21,21.24,20.99,20.02,0.252,0.328,0.579,1.015,12.72,15.08,21.51,31.47,1.579,1.642,1.806,2.017,1.31,1.404,1.708,2.264
"2023-03-31 05:00:00",158,"Site 2",30.5498,-96.4115,75,12.42,0.238,0.276,0.363,0.455,21.16,21.23,20.97,20.04,0.251,0.328,0.579,1.014,12.71,15.03,21.51,31.5,1.579,1.641,1.806,2.018,1.31,1.404,1.708,2.264
"2023-03-31 06:00:00",159,"Site 2",30.5498,-96.4115,75,12.4,0.238,0.276,0.363,0.455,21.15,21.2,20.98,20.04,0.251,0.328,0.578,1.014,12.71,15.03,21.51,31.49,1.579,1.641,1.806,2.018,1.31,1.403,1.707,2.264
"2023-03-31 07:00:00",160,"Site 2",30.5498,-96.4115,75,12.38,0.238,0.276,0.363,0.455,21.15,21.19,20.96,20.06,0.251,0.328,0.578,1.015,12.71,15.03,21.51,31.49,1.579,1.641,1.806,2.018,1.31,1.403,1.707,2.265
"2023-03-31 08:00:00",161,"Site 2",30.5498,-96.4115,75,12.39,0.238,0.276,0.363,0.455,21.13,21.18,20.96,20.06,0.251,0.328,0.578,1.015,12.71,15.03,21.51,31.49,1.579,1.641,1.806,2.018,1.31,1.403,1.706,2.265
"2023-03-31 09:00:00",162,"Site 2",30.5498,-96.4115,75,12.49,0.238,0.276,0.363,0.455,21.24,21.19,20.95,20.07,0.251,0.327,0.578,1.015,12.71,15.03,21.51,31.49,1.579,1.641,1.806,2.018,1.31,1.403,1.706,2.265
"2023-03-31 10:00:00",163,"Site 2",30.5498,-96.4115,75,12.87,0.238,0.276,0.363,0.455,21.63,21.33,20.97,20.08,0.254,0.329,0.578,1.016,12.7,15.03,21.52,31.48,1.579,1.641,1.806,2.018,1.313,1.405,1.706,2.266
"2023-03-31 11:00:00",164,"Site 2",30.5498,-96.4115,75,13.06,0.238,0.277,0.363,0.455,22.13,21.59,21.01,20.1,0.256,0.331,0.579,1.016,12.7,15.05,21.51,31.48,1.579,1.642,1.806,2.018,1.316,1.407,1.707,2.266
"2023-03-31 12:00:00",165,"Site 2",30.5498,-96.4115,75,13.27,0.239,0.277,0.363,0.455,22.76,21.93,21.1,20.12,0.26,0.334,0.58,1.016,12.74,15.05,21.5,31.48,1.581,1.642,1.806,2.018,1.32,1.411,1.708,2.266
"2023-03-31 13:00:00",166,"Site 2",30.5498,-96.4115,75,13.47,0.239,0.277,0.363,0.455,23.48,22.41,21.26,20.13,0.262,0.337,0.582,1.017,12.74,15.08,21.51,31.48,1.581,1.643,1.807,2.018,1.324,1.415,1.711,2.267
"2023-03-31 14:00:00",167,"Site 2",30.5498,-96.4115,75,13.09,0.239,0.277,0.364,0.455,24.26,22.95,21.48,20.13,0.268,0.342,0.585,1.017,12.76,15.09,21.54,31.48,1.582,1.644,1.807,2.018,1.331,1.421,1.714,2.267
"2023-03-31 15:00:00",168,"Site 2",30.5498,-96.4115,75,13.45,0.238,0.277,0.364,0.455,24.72,23.43,21.74,20.12,0.27,0.345,0.588,1.017,12.72,15.09,21.57,31.47,1.582,1.645,1.808,2.018,1.334,1.425,1.719,2.267
"2023-03-31 16:00:00",169,"Site 2",30.5498,-96.4115,75,13.43,0.239,0.278,0.364,0.455,26.49,24.2,22,20.15,0.279,0.352,0.592,1.017,12.73,15.12,21.59,31.48,1.583,1.646,1.809,2.018,1.344,1.433,1.724,2.267
"2023-03-31 17:00:00",170,"Site 2",30.5498,-96.4115,75,13.43,0.239,0.279,0.365,0.455,27.68,25.27,22.4,20.15,0.283,0.355,0.598,1.018,12.74,15.2,21.64,31.47,1.584,1.648,1.811,2.018,1.349,1.437,1.731,2.268
"2023-03-31 18:00:00",171,"Site 2",30.5498,-96.4115,75,13.42,0.238,0.279,0.366,0.455,27.78,25.93,22.87,20.19,0.286,0.355,0.598,1.019,12.68,15.23,21.73,31.46,1.583,1.649,1.813,2.018,1.354,1.437,1.731,2.27
"2023-03-31 19:00:00",172,"Site 2",30.5498,-96.4115,75,13.41,0.237,0.278,0.367,0.455,27.31,26.12,23.28,20.22,0.281,0.362,0.596,1.02,12.65,15.15,21.84,31.45,1.581,1.648,1.814,2.018,1.347,1.446,1.729,2.271
"2023-03-31 20:00:00",173,"Site 2",30.5498,-96.4115,75,12.78,0.235,0.278,0.367,0.455,26.44,25.94,23.58,20.27,0.276,0.355,0.613,1.021,12.55,15.15,21.79,31.5,1.578,1.647,1.815,2.018,1.341,1.436,1.749,2.272
"2023-03-31 21:00:00",174,"Site 2",30.5498,-96.4115,75,12.73,0.234,0.277,0.366,0.456,25.48,25.46,23.73,20.32,0.273,0.356,0.615,1.023,12.5,15.06,21.77,31.51,1.576,1.645,1.815,2.019,1.338,1.439,1.751,2.274
"2023-03-31 22:00:00",175,"Site 2",30.5498,-96.4115,75,12.68,0.233,0.277,0.367,0.455,24.71,24.95,23.7,20.35,0.269,0.35,0.607,1.024,12.42,15.05,21.82,31.5,1.574,1.644,1.815,2.019,1.332,1.43,1.742,2.276
"2023-03-31 23:00:00",176,"Site 2",30.5498,-96.4115,75,12.65,0.232,0.276,0.367,0.456,23.92,24.39,23.58,20.44,0.267,0.348,0.612,1.025,12.38,15,21.79,31.57,1.573,1.643,1.815,2.02,1.329,1.428,1.748,2.278
"2023-04-01 00:00:00",177,"Site 2",30.5498,-96.4115,75,12.61,0.231,0.275,0.367,0.456,23.32,23.89,23.45,20.49,0.263,0.344,0.602,1.028,12.3,14.93,21.79,31.57,1.57,1.641,1.814,2.02,1.325,1.424,1.736,2.281
"2023-04-01 01:00:00",178,"Site 2",30.5498,-96.4115,75,12.58,0.231,0.274,0.366,0.456,22.77,23.44,23.26,20.56,0.26,0.343,0.606,1.03,12.27,14.89,21.71,31.62,1.569,1.64,1.813,2.021,1.32,1.422,1.741,2.283
"2023-04-01 02:00:00",179,"Site 2",30.5498,-96.4115,75,12.55,0.23,0.273,0.366,0.457,22.26,23.03,23.02,20.63,0.257,0.34,0.59,1.014,12.23,14.84,21.74,31.73,1.567,1.638,1.812,2.021,1.317,1.419,1.721,2.263
"2023-04-01 03:00:00",180,"Site 2",30.5498,-96.4115,75,12.52,0.229,0.272,0.365,0.457,21.78,22.61,22.83,20.68,0.254,0.336,0.599,1.033,12.19,14.78,21.63,31.67,1.566,1.636,1.811,2.022,1.313,1.414,1.733,2.288
"2023-04-01 04:00:00",181,"Site 2",30.5498,-96.4115,75,12.48,0.228,0.272,0.364,0.457,21.29,22.2,22.61,20.74,0.251,0.333,0.596,1.034,12.15,14.76,21.56,31.66,1.564,1.636,1.809,2.022,1.309,1.41,1.729,2.289
"2023-04-01 05:00:00",182,"Site 2",30.5498,-96.4115,75,12.45,0.227,0.271,0.364,0.457,20.78,21.78,22.37,20.76,0.247,0.33,0.592,1.036,12.11,14.72,21.55,31.65,1.563,1.634,1.808,2.022,1.305,1.406,1.724,2.291
"2023-04-01 06:00:00",183,"Site 2",30.5498,-96.4115,75,12.41,0.227,0.271,0.363,0.458,20.29,21.36,22.13,20.79,0.245,0.327,0.589,1.018,12.05,14.67,21.49,31.86,1.561,1.632,1.807,2.023,1.302,1.402,1.719,2.269
"2023-04-01 07:00:00",184,"Site 2",30.5498,-96.4115,75,12.37,0.226,0.27,0.363,0.457,19.83,20.95,21.88,20.83,0.242,0.324,0.579,1.037,12.03,14.64,21.49,31.72,1.56,1.631,1.806,2.023,1.298,1.398,1.707,2.293
"2023-04-01 08:00:00",185,"Site 2",30.5498,-96.4115,75,12.39,0.225,0.269,0.362,0.457,19.32,20.55,21.61,20.84,0.239,0.32,0.581,1.037,11.96,14.59,21.4,31.72,1.558,1.63,1.804,2.023,1.294,1.394,1.71,2.292
"2023-04-01 09:00:00",186,"Site 2",30.5498,-96.4115,75,12.57,0.225,0.269,0.362,0.457,18.99,20.14,21.35,20.84,0.238,0.317,0.577,1.037,11.95,14.56,21.35,31.72,1.558,1.629,1.803,2.023,1.293,1.39,1.705,2.292
"2023-04-01 10:00:00",187,"Site 2",30.5498,-96.4115,75,12.72,0.226,0.269,0.361,0.457,19.92,20.08,21.1,20.84,0.243,0.318,0.573,1.037,12,14.56,21.31,31.71,1.559,1.629,1.802,2.023,1.3,1.391,1.7,2.293
"2023-04-01 11:00:00",188,"Site 2",30.5498,-96.4115,75,12.77,0.226,0.269,0.361,0.457,21.35,20.56,20.99,20.84,0.25,0.323,0.572,1.037,12.03,14.58,21.26,31.72,1.561,1.63,1.801,2.023,1.309,1.397,1.699,2.292
"2023-04-01 12:00:00",189,"Site 2",30.5498,-96.4115,75,13.06,0.226,0.27,0.36,0.459,22.38,21.19,21.01,20.83,0.254,0.327,0.573,1.001,12.04,14.61,21.25,31.99,1.562,1.631,1.801,2.023,1.314,1.402,1.7,2.247
"2023-04-01 13:00:00",190,"Site 2",30.5498,-96.4115,75,13.6,0.227,0.27,0.361,0.457,23.11,21.94,21.22,20.81,0.26,0.333,0.576,1.036,12.06,14.64,21.29,31.65,1.563,1.632,1.802,2.022,1.321,1.41,1.703,2.291
"2023-04-01 14:00:00",191,"Site 2",30.5498,-96.4115,75,13.44,0.229,0.271,0.361,0.457,25.25,23.18,21.52,20.79,0.271,0.344,0.58,1.034,12.17,14.71,21.31,31.66,1.568,1.636,1.802,2.022,1.334,1.423,1.709,2.289
"2023-04-01 15:00:00",192,"Site 2",30.5498,-96.4115,75,13.45,0.229,0.273,0.362,0.456,27.4,24.73,22.02,20.78,0.282,0.353,0.588,1.034,12.18,14.81,21.36,31.64,1.569,1.639,1.804,2.022,1.348,1.434,1.718,2.288
"2023-04-01 16:00:00",193,"Site 2",30.5498,-96.4115,75,13.45,0.228,0.273,0.363,0.456,27.66,25.67,22.64,20.74,0.284,0.359,0.596,1.033,12.13,14.83,21.47,31.59,1.568,1.64,1.807,2.021,1.351,1.442,1.728,2.288
"2023-04-01 17:00:00",194,"Site 2",30.5498,-96.4115,75,13.48,0.227,0.273,0.364,0.456,27.15,25.9,23.15,20.74,0.276,0.356,0.596,1.032,12.07,14.81,21.55,31.59,1.566,1.639,1.809,2.021,1.341,1.438,1.729,2.287
"2023-04-01 18:00:00",195,"Site 2",30.5498,-96.4115,75,12.96,0.226,0.272,0.364,0.456,26.8,25.92,23.51,20.75,0.278,0.356,0.606,1.033,11.99,14.78,21.55,31.59,1.564,1.639,1.81,2.021,1.343,1.438,1.741,2.287
"2023-04-01 19:00:00",196,"Site 2",30.5498,-96.4115,75,12.94,0.224,0.272,0.365,0.456,25.91,25.67,23.74,20.78,0.274,0.353,0.602,1.034,11.91,14.73,21.61,31.58,1.561,1.637,1.811,2.021,1.339,1.435,1.736,2.289
"2023-04-01 20:00:00",197,"Site 2",30.5498,-96.4115,75,12.73,0.223,0.27,0.365,0.456,24.97,25.21,23.82,20.79,0.269,0.352,0.595,1.037,11.85,14.65,21.65,31.59,1.559,1.635,1.811,2.021,1.332,1.433,1.728,2.292
"2023-04-01 21:00:00",198,"Site 2",30.5498,-96.4115,75,12.68,0.222,0.269,0.365,0.456,24.04,24.62,23.78,20.84,0.264,0.35,0.601,1.036,11.78,14.59,21.62,31.62,1.556,1.633,1.811,2.022,1.326,1.431,1.735,2.291
"2023-04-01 22:00:00",199,"Site 2",30.5498,-96.4115,75,12.64,0.221,0.269,0.365,0.457,23.18,24,23.64,20.88,0.259,0.34,0.592,1.037,11.72,14.56,21.61,31.64,1.554,1.631,1.81,2.022,1.32,1.419,1.724,2.292
"2023-04-01 23:00:00",200,"Site 2",30.5498,-96.4115,75,12.6,0.22,0.267,0.364,0.456,22.43,23.42,23.43,20.94,0.255,0.341,0.589,1.037,11.67,14.48,21.57,31.63,1.552,1.63,1.808,2.022,1.315,1.419,1.719,2.293
"2023-04-02 00:00:00",201,"Site 2",30.5498,-96.4115,75,12.58,0.219,0.267,0.363,0.457,21.9,22.89,23.2,20.99,0.252,0.337,0.598,1.039,11.61,14.43,21.44,31.67,1.55,1.628,1.807,2.023,1.311,1.415,1.731,2.295
"2023-04-02 01:00:00",202,"Site 2",30.5498,-96.4115,75,12.55,0.218,0.266,0.362,0.457,21.54,22.47,22.93,21.04,0.249,0.334,0.594,1.041,11.57,14.39,21.4,31.69,1.549,1.627,1.806,2.023,1.308,1.411,1.726,2.297
"2023-04-02 02:00:00",203,"Site 2",30.5498,-96.4115,75,12.52,0.217,0.266,0.361,0.457,21.27,22.16,22.68,21.08,0.248,0.331,0.591,1.042,11.54,14.35,21.34,31.68,1.548,1.625,1.804,2.023,1.306,1.408,1.722,2.299
"2023-04-02 03:00:00",204,"Site 2",30.5498,-96.4115,75,12.48,0.217,0.265,0.361,0.457,20.93,21.85,22.46,21.13,0.246,0.329,0.588,1.042,11.5,14.32,21.3,31.68,1.547,1.624,1.803,2.023,1.303,1.405,1.718,2.299
"2023-04-02 04:00:00",205,"Site 2",30.5498,-96.4115,75,12.44,0.216,0.264,0.361,0.457,20.54,21.52,22.26,21.14,0.243,0.326,0.584,1.043,11.47,14.29,21.28,31.75,1.545,1.623,1.802,2.024,1.3,1.401,1.714,2.3
"2023-04-02 05:00:00",206,"Site 2",30.5498,-96.4115,75,12.41,0.216,0.264,0.36,0.457,20.29,21.23,22.03,21.16,0.242,0.324,0.581,1.043,11.44,14.25,21.24,31.75,1.544,1.622,1.801,2.024,1.298,1.398,1.71,2.3
"2023-04-02 06:00:00",207,"Site 2",30.5498,-96.4115,75,12.39,0.215,0.264,0.36,0.457,20.08,21.01,21.83,21.17,0.24,0.322,0.578,1.044,11.42,14.23,21.2,31.74,1.544,1.621,1.8,2.024,1.296,1.396,1.706,2.301
"2023-04-02 07:00:00",208,"Site 2",30.5498,-96.4115,75,12.37,0.215,0.263,0.359,0.457,19.85,20.77,21.65,21.16,0.239,0.32,0.575,1.042,11.39,14.19,21.16,31.75,1.542,1.62,1.799,2.024,1.294,1.393,1.702,2.299
"2023-04-02 08:00:00",209,"Site 2",30.5498,-96.4115,75,12.39,0.214,0.263,0.359,0.459,19.6,20.56,21.47,21.15,0.237,0.318,0.572,1.007,11.36,14.18,21.14,32.02,1.542,1.62,1.798,2.024,1.293,1.391,1.699,2.255
"2023-04-02 09:00:00",210,"Site 2",30.5498,-96.4115,75,12.44,0.214,0.262,0.359,0.457,19.67,20.39,21.29,21.16,0.238,0.317,0.569,1.043,11.36,14.14,21.1,31.75,1.542,1.619,1.797,2.024,1.293,1.39,1.695,2.3
"2023-04-02 10:00:00",211,"Site 2",30.5498,-96.4115,75,13.02,0.214,0.262,0.358,0.458,20.14,20.46,21.16,21.12,0.24,0.318,0.568,1.024,11.37,14.16,21.05,31.82,1.542,1.619,1.796,2.023,1.296,1.391,1.693,2.276
"2023-04-02 11:00:00",212,"Site 2",30.5498,-96.4115,75,13.05,0.215,0.263,0.358,0.457,20.97,20.77,21.07,21.11,0.244,0.32,0.567,1.042,11.39,14.17,21.05,31.68,1.543,1.62,1.796,2.023,1.301,1.394,1.693,2.298
"2023-04-02 12:00:00",213,"Site 2",30.5498,-96.4115,75,13.01,0.215,0.263,0.358,0.457,21.73,21.24,21.13,21.09,0.248,0.324,0.568,1.04,11.42,14.2,21.05,31.69,1.545,1.621,1.796,2.023,1.306,1.399,1.693,2.296
"2023-04-02 13:00:00",214,"Site 2",30.5498,-96.4115,75,13.06,0.215,0.264,0.358,0.457,22.25,21.69,21.22,21.06,0.25,0.328,0.57,1.039,11.42,14.23,21.05,31.7,1.545,1.622,1.796,2.023,1.309,1.403,1.696,2.295
"2023-04-02 14:00:00",215,"Site 2",30.5498,-96.4115,75,13.42,0.216,0.263,0.358,0.458,22.58,22.01,21.4,21.03,0.253,0.33,0.572,1.004,11.44,14.22,21.08,31.92,1.546,1.622,1.797,2.022,1.312,1.406,1.698,2.25
"2023-04-02 15:00:00",216,"Site 2",30.5498,-96.4115,75,13.51,0.216,0.264,0.359,0.457,23.26,22.41,21.55,21.01,0.256,0.333,0.574,1.02,11.45,14.25,21.11,31.77,1.547,1.623,1.798,2.022,1.316,1.41,1.701,2.271
"2023-04-02 16:00:00",217,"Site 2",30.5498,-96.4115,75,13.47,0.216,0.264,0.359,0.457,24,22.88,21.74,20.99,0.26,0.337,0.577,1.036,11.46,14.26,21.11,31.65,1.547,1.624,1.798,2.022,1.321,1.414,1.705,2.291
"2023-04-02 17:00:00",218,"Site 2",30.5498,-96.4115,75,13.47,0.216,0.264,0.359,0.457,24.75,23.45,21.99,20.97,0.264,0.341,0.58,1.037,11.45,14.27,21.15,31.64,1.548,1.625,1.799,2.022,1.326,1.419,1.709,2.292
"2023-04-02 18:00:00",219,"Site 2",30.5498,-96.4115,75,13.41,0.215,0.264,0.359,0.456,24.8,23.88,22.27,20.96,0.264,0.344,0.584,1.036,11.42,14.29,21.17,31.59,1.547,1.625,1.8,2.021,1.326,1.423,1.713,2.292
"2023-04-02 19:00:00",220,"Site 2",30.5498,-96.4115,75,13.5,0.215,0.264,0.36,0.456,24.51,23.93,22.51,20.95,0.263,0.343,0.585,1.036,11.39,14.24,21.22,31.57,1.546,1.624,1.801,2.021,1.324,1.423,1.715,2.291
"2023-04-02 20:00:00",221,"Site 2",30.5498,-96.4115,75,12.78,0.214,0.263,0.36,0.457,24.1,23.87,22.65,20.95,0.261,0.343,0.588,1.018,11.34,14.21,21.22,31.7,1.544,1.623,1.802,2.021,1.322,1.422,1.718,2.268
"2023-04-02 21:00:00",222,"Site 2",30.5498,-96.4115,75,12.73,0.213,0.263,0.36,0.457,23.52,23.63,22.72,20.96,0.258,0.34,0.582,1.019,11.3,14.19,21.26,31.69,1.543,1.623,1.802,2.021,1.318,1.419,1.711,2.27
"2023-04-02 22:00:00",223,"Site 2",30.5498,-96.4115,75,12.69,0.212,0.262,0.36,0.457,23.06,23.31,22.74,20.96,0.256,0.338,0.588,1.019,11.27,14.14,21.22,31.72,1.542,1.621,1.802,2.021,1.315,1.416,1.718,2.27
"2023-04-02 23:00:00",224,"Site 2",30.5498,-96.4115,75,12.65,0.213,0.262,0.36,0.457,22.73,23.04,22.66,20.99,0.258,0.336,0.586,1.02,11.33,14.15,21.21,31.77,1.544,1.621,1.801,2.022,1.318,1.414,1.716,2.271
"2023-04-03 00:00:00",225,"Site 2",30.5498,-96.4115,75,12.62,0.215,0.263,0.36,0.457,22.28,22.76,22.59,21.01,0.259,0.334,0.585,1.02,11.39,14.19,21.18,31.77,1.545,1.622,1.801,2.022,1.319,1.411,1.715,2.271
"2023-04-03 01:00:00",226,"Site 2",30.5498,-96.4115,75,12.59,0.215,0.263,0.36,0.456,21.98,22.47,22.45,21.04,0.257,0.332,0.583,1.037,11.43,14.22,21.17,31.64,1.546,1.622,1.8,2.022,1.317,1.409,1.713,2.293
"2023-04-03 02:00:00",227,"Site 2",30.5498,-96.4115,75,12.56,0.216,0.264,0.359,0.456,21.72,22.22,22.32,21.07,0.256,0.331,0.582,1.039,11.44,14.26,21.14,31.62,1.546,1.623,1.799,2.022,1.316,1.407,1.711,2.295
"2023-04-03 03:00:00",228,"Site 2",30.5498,-96.4115,75,12.53,0.216,0.264,0.359,0.456,21.52,22,22.2,21.07,0.255,0.33,0.58,1.04,11.44,14.26,21.13,31.62,1.546,1.623,1.799,2.022,1.314,1.406,1.709,2.296
"2023-04-03 04:00:00",229,"Site 2",30.5498,-96.4115,75,12.51,0.216,0.264,0.359,0.457,21.48,21.86,22.09,21.1,0.254,0.329,0.578,1.04,11.47,14.27,21.1,31.69,1.547,1.623,1.798,2.023,1.314,1.405,1.706,2.296
"2023-04-03 05:00:00",230,"Site 2",30.5498,-96.4115,75,12.48,0.217,0.264,0.359,0.458,21.55,21.82,21.99,21.1,0.255,0.326,0.578,1.023,11.5,14.28,21.11,31.82,1.548,1.623,1.798,2.023,1.314,1.401,1.706,2.274
"2023-04-03 06:00:00",231,"Site 2",30.5498,-96.4115,75,12.45,0.217,0.265,0.358,0.459,21.59,21.82,21.91,21.12,0.255,0.329,0.577,1.005,11.53,14.3,21.07,31.95,1.549,1.624,1.798,2.023,1.315,1.404,1.705,2.252
"2023-04-03 07:00:00",232,"Site 2",30.5498,-96.4115,75,12.42,0.217,0.265,0.358,0.458,21.63,21.8,21.87,21.11,0.255,0.329,0.576,1.024,11.54,14.31,21.06,31.81,1.549,1.624,1.797,2.023,1.315,1.405,1.704,2.276
"2023-04-03 08:00:00",233,"Site 2",30.5498,-96.4115,75,12.44,0.218,0.265,0.358,0.458,21.62,21.79,21.83,21.13,0.255,0.329,0.576,1.023,11.57,14.32,21.06,31.82,1.55,1.624,1.797,2.023,1.315,1.405,1.704,2.275
"2023-04-03 09:00:00",234,"Site 2",30.5498,-96.4115,75,12.63,0.218,0.265,0.358,0.457,21.77,21.82,21.82,21.12,0.256,0.33,0.575,1.039,11.59,14.33,21.06,31.7,1.55,1.625,1.797,2.023,1.316,1.405,1.703,2.296
"2023-04-03 10:00:00",235,"Site 2",30.5498,-96.4115,75,12.9,0.219,0.266,0.358,0.457,22.12,21.94,21.79,21.12,0.258,0.331,0.575,1.039,11.64,14.35,21.06,31.7,1.552,1.625,1.797,2.023,1.319,1.407,1.703,2.295
"2023-04-03 11:00:00",236,"Site 2",30.5498,-96.4115,75,13.15,0.22,0.266,0.358,0.457,22.6,22.19,21.82,21.12,0.261,0.333,0.576,1.039,11.68,14.4,21.05,31.7,1.553,1.627,1.797,2.023,1.322,1.41,1.704,2.296
"2023-04-03 12:00:00",237,"Site 2",30.5498,-96.4115,75,13.45,0.221,0.267,0.359,0.457,23.39,22.55,21.91,21.12,0.266,0.337,0.578,1.04,11.72,14.43,21.11,31.69,1.555,1.628,1.798,2.023,1.328,1.414,1.706,2.296
"2023-04-03 13:00:00",238,"Site 2",30.5498,-96.4115,75,13.42,0.222,0.268,0.359,0.456,24.64,23.26,22.06,21.09,0.275,0.339,0.575,1.039,11.81,14.52,21.14,31.62,1.559,1.63,1.799,2.022,1.34,1.417,1.702,2.296
"2023-04-03 14:00:00",239,"Site 2",30.5498,-96.4115,75,13.41,0.224,0.269,0.359,0.456,26.32,24.32,22.37,21.11,0.287,0.353,0.587,1.039,11.92,14.57,21.17,31.62,1.563,1.633,1.801,2.022,1.354,1.435,1.717,2.295
"2023-04-03 15:00:00",240,"Site 2",30.5498,-96.4115,75,13.41,0.225,0.271,0.361,0.456,28.18,25.59,22.81,21.09,0.295,0.362,0.587,1.039,11.97,14.67,21.28,31.62,1.566,1.637,1.803,2.022,1.364,1.445,1.718,2.295
"2023-04-03 16:00:00",241,"Site 2",30.5498,-96.4115,75,13.41,0.226,0.271,0.361,0.456,29.27,26.75,23.41,21.1,0.3,0.37,0.602,1.039,12.02,14.7,21.31,31.62,1.568,1.639,1.805,2.022,1.371,1.456,1.736,2.295
"2023-04-03 17:00:00",242,"Site 2",30.5498,-96.4115,75,13.41,0.226,0.272,0.363,0.456,29.76,27.55,24.01,21.11,0.302,0.369,0.605,1.039,11.99,14.75,21.46,31.62,1.567,1.64,1.808,2.022,1.373,1.455,1.739,2.295
"2023-04-03 18:00:00",243,"Site 2",30.5498,-96.4115,75,13.39,0.224,0.271,0.365,0.456,29.58,28.02,24.56,21.12,0.298,0.375,0.598,1.039,11.93,14.73,21.61,31.62,1.565,1.64,1.81,2.022,1.368,1.461,1.731,2.295
"2023-04-03 19:00:00",244,"Site 2",30.5498,-96.4115,75,13.45,0.224,0.27,0.365,0.456,28.75,28,25,21.17,0.293,0.379,0.604,1.041,11.88,14.65,21.66,31.61,1.563,1.639,1.812,2.022,1.361,1.467,1.738,2.298
"2023-04-03 20:00:00",245,"Site 2",30.5498,-96.4115,75,12.76,0.222,0.27,0.366,0.458,27.63,27.55,25.25,21.2,0.288,0.369,0.605,1.019,11.79,14.65,21.71,31.78,1.56,1.637,1.813,2.022,1.356,1.454,1.74,2.269
"2023-04-03 21:00:00",246,"Site 2",30.5498,-96.4115,75,12.72,0.221,0.269,0.365,0.458,26.49,26.87,25.3,21.27,0.284,0.366,0.612,1.027,11.72,14.56,21.67,31.79,1.558,1.635,1.813,2.023,1.35,1.451,1.748,2.28
"2023-04-03 22:00:00",247,"Site 2",30.5498,-96.4115,75,12.68,0.22,0.268,0.364,0.458,25.61,26.19,25.21,21.35,0.275,0.364,0.617,1.029,11.69,14.5,21.6,31.81,1.556,1.633,1.812,2.024,1.34,1.448,1.754,2.282
"2023-04-03 23:00:00",248,"Site 2",30.5498,-96.4115,75,12.65,0.219,0.267,0.365,0.457,24.99,25.62,25,21.42,0.274,0.357,0.608,1.049,11.62,14.46,21.62,31.7,1.554,1.631,1.811,2.024,1.339,1.439,1.743,2.308
"2023-04-04 00:00:00",249,"Site 2",30.5498,-96.4115,75,12.62,0.219,0.267,0.364,0.458,24.52,25.14,24.82,21.49,0.27,0.353,0.605,1.034,11.62,14.43,21.58,31.87,1.553,1.63,1.81,2.025,1.333,1.435,1.739,2.288
"2023-04-04 01:00:00",250,"Site 2",30.5498,-96.4115,75,12.6,0.218,0.266,0.364,0.458,24.18,24.76,24.61,21.58,0.269,0.35,0.601,1.035,11.58,14.39,21.54,31.89,1.552,1.629,1.809,2.026,1.332,1.431,1.734,2.29
"2023-04-04 02:00:00",251,"Site 2",30.5498,-96.4115,75,12.58,0.218,0.266,0.363,0.458,23.89,24.46,24.41,21.67,0.266,0.348,0.606,1.055,11.57,14.36,21.47,31.79,1.551,1.628,1.808,2.026,1.329,1.428,1.74,2.315
"2023-04-04 03:00:00",252,"Site 2",30.5498,-96.4115,75,12.55,0.218,0.265,0.363,0.46,23.73,24.21,24.22,21.71,0.266,0.349,0.603,1.021,11.55,14.31,21.45,32.08,1.551,1.627,1.808,2.027,1.328,1.429,1.737,2.272
"2023-04-04 04:00:00",253,"Site 2",30.5498,-96.4115,75,12.53,0.218,0.265,0.363,0.459,23.64,24.04,24.06,21.77,0.265,0.347,0.594,1.028,11.56,14.32,21.46,32.02,1.551,1.627,1.807,2.027,1.328,1.427,1.726,2.282
"2023-04-04 05:00:00",254,"Site 2",30.5498,-96.4115,75,12.5,0.218,0.265,0.362,0.46,23.47,23.87,23.91,21.82,0.264,0.343,0.599,1.023,11.56,14.3,21.39,32.14,1.551,1.626,1.806,2.028,1.326,1.422,1.732,2.275
"2023-04-04 06:00:00",255,"Site 2",30.5498,-96.4115,75,12.47,0.217,0.264,0.363,0.46,23.25,23.71,23.78,21.88,0.263,0.344,0.584,1.024,11.53,14.28,21.44,32.13,1.55,1.625,1.805,2.028,1.324,1.424,1.713,2.276
"2023-04-04 07:00:00",256,"Site 2",30.5498,-96.4115,75,12.44,0.217,0.264,0.362,0.46,23.01,23.53,23.66,21.9,0.261,0.343,0.595,1.025,11.52,14.25,21.36,32.13,1.549,1.624,1.805,2.028,1.323,1.422,1.727,2.277
"2023-04-04 08:00:00",257,"Site 2",30.5498,-96.4115,75,12.48,0.217,0.264,0.361,0.46,22.86,23.34,23.52,21.91,0.26,0.342,0.599,1.025,11.5,14.25,21.27,32.12,1.549,1.624,1.804,2.028,1.321,1.42,1.733,2.278
"2023-04-04 09:00:00",258,"Site 2",30.5498,-96.4115,75,12.81,0.217,0.264,0.361,0.459,22.92,23.23,23.42,21.93,0.261,0.341,0.591,1.045,11.51,14.26,21.3,31.97,1.549,1.624,1.804,2.028,1.322,1.419,1.723,2.302
"2023-04-04 10:00:00",259,"Site 2",30.5498,-96.4115,75,13.13,0.217,0.264,0.36,0.461,23.27,23.29,23.33,21.93,0.263,0.341,0.596,1.008,11.53,14.25,21.23,32.26,1.55,1.624,1.803,2.028,1.324,1.42,1.729,2.255
"2023-04-04 11:00:00",260,"Site 2",30.5498,-96.4115,75,13.24,0.217,0.264,0.36,0.46,23.84,23.5,23.27,21.92,0.265,0.343,0.596,1.026,11.54,14.26,21.24,32.12,1.55,1.625,1.803,2.028,1.327,1.422,1.728,2.278
"2023-04-04 12:00:00",261,"Site 2",30.5498,-96.4115,75,13.53,0.218,0.264,0.361,0.458,24.51,23.88,23.3,21.96,0.269,0.344,0.589,1.062,11.58,14.29,21.27,31.84,1.552,1.625,1.803,2.028,1.332,1.423,1.72,2.324
"2023-04-04 13:00:00",262,"Site 2",30.5498,-96.4115,75,13.47,0.218,0.264,0.361,0.459,25.33,24.36,23.42,21.94,0.274,0.35,0.584,1.043,11.58,14.27,21.3,31.98,1.553,1.626,1.803,2.028,1.338,1.431,1.714,2.301
