"TOA5","2","CR300","7174","CR300.Std.07.00","CPU:Site 2 (Field).CR300","59471","GroPoint"
"TIMESTAMP","RECORD","station","latitude","longitude","altitude","BattV","GP_0_15_VWC_Avg","GP_15_30_VWC_Avg","GP_30_45_VWC_Avg","GP_Temp_3_Avg","GP_Temp_10_Avg","GP_Temp_20_Avg","GP_Temp_30_Avg","GP_Temp_40_Avg","GP_Temp_45_Avg"
"TS","RN","name","decdegrees","decdegrees","m","Volts","%","%","%","Deg C","Deg C","Deg C","Deg C","Deg C","Deg C"
"","","Smp","Smp","Smp","Smp","Smp","Avg","Avg","Avg","Avg","Avg","Avg","Avg","Avg","Avg"
"2023-03-24 15:00:00",0,"Site 2",30.5498,-96.4115,75,13.32,40.7,43.4,43.6,23.6,22,21.1,20,19.5,19.5
"2023-03-24 16:00:00",1,"Site 2",30.5498,-96.4115,75,13.47,40.77,43.47,43.6,24.17,22.2,21.23,20,19.53,19.53
"2023-03-24 17:00:00",2,"Site 2",30.5498,-96.4115,75,13.45,40.9,43.5,43.6,24.97,22.8,21.43,20,19.6,19.57
"2023-03-24 18:00:00",3,"Site 2",30.5498,-96.4115,75,13.45,40.97,43.57,43.63,25.13,23.2,21.7,20.1,19.57,19.57
"2023-03-24 19:00:00",4,"Site 2",30.5498,-96.4115,75,13.45,40.9,43.6,43.7,24.83,23.43,21.97,20.2,19.6,19.57
"2023-03-24 20:00:00",5,"Site 2",30.5498,-96.4115,75,12.76,40.77,43.7,43.7,24.27,23.27,22.13,20.3,19.7,19.63
"2023-03-24 21:00:00",6,"Site 2",30.5498,-96.4115,75,12.68,40.63,43.7,43.77,23.57,23.07,22.2,20.5,19.7,19.67
"2023-03-24 22:00:00",7,"Site 2",30.5498,-96.4115,75,12.61,40.5,43.7,43.8,22.97,22.7,22.17,20.57,19.77,19.7
"2023-03-24 23:00:00",8,"Site 2",30.5498,-96.4115,75,12.54,40.37,43.63,43.8,22.37,22.33,22.03,20.6,19.93,19.77
"2023-03-25 00:00:00",9,"Site 2",30.5498,-96.4115,75,12.47,40.23,43.6,43.8,21.83,21.97,21.87,20.6,20,19.8
"2023-03-25 01:00:00",10,"Site 2",30.5498,-96.4115,75,12.43,40.1,43.53,43.8,21.33,21.53,21.67,20.6,20,19.8
"2023-03-25 02:00:00",11,"Site 2",30.5498,-96.4115,75,12.41,39.97,43.5,43.8,20.87,21.2,21.53,20.6,20.03,20
"2023-03-25 03:00:00",12,"Site 2",30.5498,-96.4115,75,12.39,39.87,43.43,43.77,20.47,20.83,21.23,20.5,20.03,20
"2023-03-25 04:00:00",13,"Site 2",30.5498,-96.4115,75,12.36,39.77,43.37,43.7,20,20.47,21.03,20.37,20.07,20
"2023-03-25 05:00:00",14,"Site 2",30.5498,-96.4115,75,12.34,39.67,43.3,43.7,19.6,20.1,20.73,20.23,20.03,20
"2023-03-25 06:00:00",15,"Site 2",30.5498,-96.4115,75,12.32,39.47,43.2,43.7,19.2,19.77,20.53,20.17,20,20
"2023-03-25 07:00:00",16,"Site 2",30.5498,-96.4115,75,12.29,39.33,43.13,43.6,18.8,19.47,20.27,20.07,20,20
"2023-03-25 08:00:00",17,"Site 2",30.5498,-96.4115,75,12.31,39.23,43.07,43.6,18.43,19.1,20.07,19.93,19.87,20
"2023-03-25 09:00:00",18,"Site 2",30.5498,-96.4115,75,12.42,39.07,43,43.5,18.13,18.77,19.77,19.73,19.8,19.87
"2023-03-25 10:00:00",19,"Site 2",30.5498,-96.4115,75,12.55,39.03,42.9,43.5,18.43,18.6,19.57,19.63,19.77,19.87
"2023-03-25 11:00:00",20,"Site 2",30.5498,-96.4115,75,12.66,39.1,42.9,43.5,19.23,18.7,19.37,19.5,19.7,19.8
"2023-03-25 12:00:00",21,"Site 2",30.5498,-96.4115,75,12.88,39.2,42.8,43.47,20.17,19.1,19.3,19.37,19.67,19.73
"2023-03-25 13:00:00",22,"Site 2",30.5498,-96.4115,75,13.39,39.4,42.83,43.4,21.5,19.7,19.53,19.27,19.57,19.7
"2023-03-25 14:00:00",23,"Site 2",30.5498,-96.4115,75,13.48,39.57,42.9,43.4,22.8,20.47,19.67,19.2,19.5,19.63
"2023-03-25 15:00:00",24,"Site 2",30.5498,-96.4115,75,13.49,39.77,42.97,43.5,24.03,21.33,20.1,19.23,19.5,19.6
"2023-03-25 16:00:00",25,"Site 2",30.5498,-96.4115,75,13.5,39.9,43.03,43.5,24.93,22.07,20.5,19.3,19.43,19.6
"2023-03-25 17:00:00",26,"Site 2",30.5498,-96.4115,75,13.48,40.03,43.13,43.5,25.43,22.8,20.97,19.53,19.5,19.6
"2023-03-25 18:00:00",27,"Site 2",30.5498,-96.4115,75,13.46,40.1,43.27,43.57,25.33,23.23,21.33,19.7,19.5,19.6
"2023-03-25 19:00:00",28,"Site 2",30.5498,-96.4115,75,13.46,40.07,43.33,43.6,24.93,23.3,21.73,19.93,19.53,19.6
"2023-03-25 20:00:00",29,"Site 2",30.5498,-96.4115,75,12.77,40,43.4,43.67,24.33,23.27,21.93,20.13,19.67,19.6
"2023-03-25 21:00:00",30,"Site 2",30.5498,-96.4115,75,12.69,39.87,43.4,43.7,23.5,22.97,22.1,20.23,19.7,19.7
"2023-03-25 22:00:00",31,"Site 2",30.5498,-96.4115,75,12.63,39.73,43.4,43.7,22.77,22.6,22.03,20.37,19.77,19.77
"2023-03-25 23:00:00",32,"Site 2",30.5498,-96.4115,75,12.59,39.53,43.4,43.7,22.13,22.17,21.93,20.5,19.8,19.8
"2023-03-26 00:00:00",33,"Site 2",30.5498,-96.4115,75,12.56,39.37,43.33,43.73,21.63,21.7,21.73,20.53,20,19.93
"2023-03-26 01:00:00",34,"Site 2",30.5498,-96.4115,75,12.52,39.23,43.3,43.7,21.1,21.33,21.53,20.5,20.03,20
"2023-03-26 02:00:00",35,"Site 2",30.5498,-96.4115,75,12.48,39.1,43.2,43.7,20.63,20.97,21.27,20.5,20.1,20.03
"2023-03-26 03:00:00",36,"Site 2",30.5498,-96.4115,75,12.45,38.97,43.17,43.7,20.2,20.63,21.1,20.43,20.1,20.07
"2023-03-26 04:00:00",37,"Site 2",30.5498,-96.4115,75,12.41,38.87,43.1,43.7,19.83,20.27,20.87,20.3,20.1,20.1
"2023-03-26 05:00:00",38,"Site 2",30.5498,-96.4115,75,12.37,38.8,43,43.7,19.47,19.97,20.63,20.2,20.1,20.07
"2023-03-26 06:00:00",39,"Site 2",30.5498,-96.4115,75,12.34,38.67,42.93,43.6,19.13,19.63,20.43,20.13,20.03,20.1
"2023-03-26 07:00:00",40,"Site 2",30.5498,-96.4115,75,12.32,38.6,42.87,43.6,18.83,19.37,20.17,20.03,20,20.07
"2023-03-26 08:00:00",41,"Site 2",30.5498,-96.4115,75,12.36,38.5,42.8,43.53,18.57,19.13,19.93,19.8,19.93,20.03
"2023-03-26 09:00:00",42,"Site 2",30.5498,-96.4115,75,12.67,38.5,42.73,43.5,18.53,18.8,19.73,19.73,19.87,20.03
"2023-03-26 10:00:00",43,"Site 2",30.5498,-96.4115,75,12.42,38.6,42.7,43.47,18.73,18.77,19.6,19.63,19.8,19.93
"2023-03-26 11:00:00",44,"Site 2",30.5498,-96.4115,75,12.62,38.63,42.6,43.4,18.97,18.8,19.5,19.53,19.7,19.93
"2023-03-26 12:00:00",45,"Site 2",30.5498,-96.4115,75,12.84,38.7,42.6,43.4,19.13,19,19.43,19.37,19.7,19.8
"2023-03-26 13:00:00",46,"Site 2",30.5498,-96.4115,75,12.89,38.7,42.6,43.4,19.37,19.03,19.37,19.3,19.63,19.8
"2023-03-26 14:00:00",47,"Site 2",30.5498,-96.4115,75,12.87,38.77,42.6,43.4,19.7,19.17,19.37,19.23,19.6,19.73
"2023-03-26 15:00:00",48,"Site 2",30.5498,-96.4115,75,13.44,38.8,42.6,43.33,20.13,19.37,19.5,19.2,19.5,19.7
"2023-03-26 16:00:00",49,"Site 2",30.5498,-96.4115,75,13.15,38.9,42.6,43.3,20.63,19.63,19.53,19.2,19.5,19.67
"2023-03-26 17:00:00",50,"Site 2",30.5498,-96.4115,75,13.48,38.9,42.6,43.3,21.03,19.97,19.63,19.2,19.5,19.6
"2023-03-26 18:00:00",51,"Site 2",30.5498,-96.4115,75,13.56,39,42.67,43.33,21.37,20.2,19.73,19.2,19.43,19.6
"2023-03-26 19:00:00",52,"Site 2",30.5498,-96.4115,75,13.55,39,42.7,43.4,21.6,20.47,19.93,19.23,19.43,19.6
"2023-03-26 20:00:00",53,"Site 2",30.5498,-96.4115,75,12.76,39,42.7,43.4,21.43,20.63,20.07,19.3,19.43,19.6
"2023-03-26 21:00:00",54,"Site 2",30.5498,-96.4115,75,12.7,38.93,42.8,43.4,21.1,20.6,20.2,19.3,19.3,19.6
"2023-03-26 22:00:00",55,"Site 2",30.5498,-96.4115,75,12.65,38.9,42.8,43.4,20.77,20.5,20.2,19.43,19.43,19.57
"2023-03-26 23:00:00",56,"Site 2",30.5498,-96.4115,75,12.62,38.87,42.8,43.4,20.7,20.3,20.2,19.5,19.5,19.6
"2023-03-27 00:00:00",57,"Site 2",30.5498,-96.4115,75,12.58,38.8,42.8,43.4,20.6,20.23,20.2,19.5,19.5,19.6
"2023-03-27 01:00:00",58,"Site 2",30.5498,-96.4115,75,12.55,38.8,42.8,43.43,20.57,20.17,20.13,19.5,19.5,19.6
"2023-03-27 02:00:00",59,"Site 2",30.5498,-96.4115,75,12.5,38.8,42.8,43.47,20.33,20.17,20.1,19.5,19.53,19.6
"2023-03-27 03:00:00",60,"Site 2",30.5498,-96.4115,75,12.46,38.8,42.73,43.43,20.07,20.03,20.1,19.5,19.5,19.6
"2023-03-27 04:00:00",61,"Site 2",30.5498,-96.4115,75,12.42,38.73,42.7,43.4,19.7,19.77,20,19.5,19.53,19.6
"2023-03-27 05:00:00",62,"Site 2",30.5498,-96.4115,75,12.38,38.67,42.7,43.4,19.33,19.57,19.87,19.5,19.5,19.63
"2023-03-27 06:00:00",63,"Site 2",30.5498,-96.4115,75,12.35,38.6,42.67,43.4,19.13,19.3,19.73,19.37,19.5,19.63
"2023-03-27 07:00:00",64,"Site 2",30.5498,-96.4115,75,12.33,38.57,42.6,43.4,18.93,19.1,19.67,19.3,19.5,19.6
"2023-03-27 08:00:00",65,"Site 2",30.5498,-96.4115,75,12.34,38.5,42.6,43.4,18.7,18.87,19.53,19.3,19.5,19.6
"2023-03-27 09:00:00",66,"Site 2",30.5498,-96.4115,75,12.48,38.47,42.57,43.4,18.63,18.73,19.37,19.2,19.5,19.6
"2023-03-27 10:00:00",67,"Site 2",30.5498,-96.4115,75,12.99,38.5,42.5,43.37,18.83,18.7,19.23,19.13,19.37,19.6
"2023-03-27 11:00:00",68,"Site 2",30.5498,-96.4115,75,13.03,38.5,42.5,43.3,19.4,18.77,19.17,19.1,19.3,19.6
"2023-03-27 12:00:00",69,"Site 2",30.5498,-96.4115,75,13.49,38.63,42.5,43.3,20.3,19.17,19.17,19,19.3,19.53
"2023-03-27 13:00:00",70,"Site 2",30.5498,-96.4115,75,13.56,38.73,42.5,43.3,21,19.6,19.27,19,19.2,19.53
"2023-03-27 14:00:00",71,"Site 2",30.5498,-96.4115,75,13.52,38.87,42.53,43.3,22.1,20.23,19.57,19,19.23,19.5
"2023-03-27 15:00:00",72,"Site 2",30.5498,-96.4115,75,13.48,39.03,42.6,43.4,23.2,20.87,19.83,19.03,19.2,19.5
"2023-03-27 16:00:00",73,"Site 2",30.5498,-96.4115,75,13.48,39.17,42.7,43.4,24.03,21.57,20.2,19.13,19.2,19.37
"2023-03-27 17:00:00",74,"Site 2",30.5498,-96.4115,75,13.46,39.2,42.8,43.43,24.47,22.17,20.6,19.23,19.2,19.43
"2023-03-27 18:00:00",75,"Site 2",30.5498,-96.4115,75,13.45,39.2,42.9,43.5,24.6,22.6,20.97,19.43,19.27,19.43
"2023-03-27 19:00:00",76,"Site 2",30.5498,-96.4115,75,13.51,39.2,42.97,43.5,24.43,22.77,21.23,19.6,19.3,19.53
"2023-03-27 20:00:00",77,"Site 2",30.5498,-96.4115,75,12.76,39.13,43.03,43.6,24.03,22.8,21.57,19.83,19.43,19.53
"2023-03-27 21:00:00",78,"Site 2",30.5498,-96.4115,75,12.7,39.03,43.1,43.6,23.5,22.67,21.7,20.03,19.57,19.6
"2023-03-27 22:00:00",79,"Site 2",30.5498,-96.4115,75,12.66,38.93,43.1,43.67,23.03,22.47,21.7,20.13,19.63,19.67
"2023-03-27 23:00:00",80,"Site 2",30.5498,-96.4115,75,12.64,38.83,43.1,43.7,22.7,22.2,21.7,20.2,19.7,19.7
"2023-03-28 00:00:00",81,"Site 2",30.5498,-96.4115,75,12.61,38.8,43.1,43.7,22.43,22.03,21.6,20.23,19.8,19.77
"2023-03-28 01:00:00",82,"Site 2",30.5498,-96.4115,75,12.59,38.7,43.1,43.7,22.2,21.83,21.57,20.3,19.87,19.8
"2023-03-28 02:00:00",83,"Site 2",30.5498,-96.4115,75,12.56,38.63,43.03,43.7,21.87,21.67,21.5,20.3,20,19.87
"2023-03-28 03:00:00",84,"Site 2",30.5498,-96.4115,75,12.53,38.57,43,43.8,21.63,21.47,21.37,20.3,20,20
"2023-03-28 04:00:00",85,"Site 2",30.5498,-96.4115,75,12.49,38.5,43,43.77,21.43,21.23,21.23,20.3,20,20
"2023-03-28 05:00:00",86,"Site 2",30.5498,-96.4115,75,12.46,38.43,42.93,43.7,21.2,21.1,21.13,20.3,20.07,20.07
"2023-03-28 06:00:00",87,"Site 2",30.5498,-96.4115,75,12.42,38.4,42.9,43.7,20.97,20.97,21.07,20.27,20.07,20
"2023-03-28 07:00:00",88,"Site 2",30.5498,-96.4115,75,12.39,38.3,42.9,43.7,20.7,20.73,20.93,20.2,20.1,20.1
"2023-03-28 08:00:00",89,"Site 2",30.5498,-96.4115,75,12.39,38.23,42.8,43.7,20.43,20.53,20.77,20.2,20.1,20.1
"2023-03-28 09:00:00",90,"Site 2",30.5498,-96.4115,75,12.58,38.2,42.8,43.7,20.17,20.27,20.67,20.17,20.1,20.1
"2023-03-28 10:00:00",91,"Site 2",30.5498,-96.4115,75,12.92,38.1,42.73,43.7,20.1,20.17,20.57,20.1,20.1,20.1
"2023-03-28 11:00:00",92,"Site 2",30.5498,-96.4115,75,13.15,38.1,42.7,43.63,20.2,20.07,20.43,20.03,20,20.1
"2023-03-28 12:00:00",93,"Site 2",30.5498,-96.4115,75,13.59,38.1,42.67,43.63,20.77,20.13,20.3,19.93,20,20.1
"2023-03-28 13:00:00",94,"Site 2",30.5498,-96.4115,75,13.61,38.17,42.67,43.6,21.47,20.43,20.3,19.8,20,20.07
"2023-03-28 14:00:00",95,"Site 2",30.5498,-96.4115,75,13.59,38.27,42.7,43.6,22.3,20.83,20.37,19.8,19.93,20.07
"2023-03-28 15:00:00",96,"Site 2",30.5498,-96.4115,75,13.6,38.37,42.7,43.6,23.27,21.37,20.57,19.8,19.87,20
"2023-03-28 16:00:00",97,"Site 2",30.5498,-96.4115,75,13.57,38.43,42.73,43.6,24.03,21.97,20.87,19.87,19.87,20
"2023-03-28 17:00:00",98,"Site 2",30.5498,-96.4115,75,13.58,38.5,42.8,43.6,24.3,22.47,21.17,20,19.87,20
"2023-03-28 18:00:00",99,"Site 2",30.5498,-96.4115,75,13.57,38.4,42.9,43.6,24.2,22.7,21.47,20.1,20,20
"2023-03-28 19:00:00",100,"Site 2",30.5498,-96.4115,75,13,38.27,42.9,43.67,23.73,22.73,21.67,20.2,20,20
"2023-03-28 20:00:00",101,"Site 2",30.5498,-96.4115,75,12.73,38.13,42.9,43.7,23.03,22.6,21.77,20.37,20,20.1
"2023-03-28 21:00:00",102,"Site 2",30.5498,-96.4115,75,12.68,37.97,42.9,43.7,22.37,22.2,21.8,20.5,20.1,20.1
"2023-03-28 22:00:00",103,"Site 2",30.5498,-96.4115,75,12.64,37.83,42.9,43.7,21.93,21.83,21.7,20.5,20.13,20.13
"2023-03-28 23:00:00",104,"Site 2",30.5498,-96.4115,75,12.61,37.73,42.9,43.7,21.53,21.57,21.57,20.53,20.2,20.17
"2023-03-29 00:00:00",105,"Site 2",30.5498,-96.4115,75,12.59,37.63,42.8,43.7,21.1,21.23,21.43,20.6,20.2,20.2
"2023-03-29 01:00:00",106,"Site 2",30.5498,-96.4115,75,12.56,37.53,42.77,43.7,20.73,20.97,21.2,20.5,20.2,20.27
"2023-03-29 02:00:00",107,"Site 2",30.5498,-96.4115,75,12.53,37.5,42.7,43.63,20.47,20.7,21.07,20.43,20.23,20.27
"2023-03-29 03:00:00",108,"Site 2",30.5498,-96.4115,75,12.5,37.47,42.67,43.6,20.17,20.43,20.87,20.37,20.23,20.23
"2023-03-29 04:00:00",109,"Site 2",30.5498,-96.4115,75,12.46,37.37,42.6,43.6,19.97,20.23,20.73,20.3,20.2,20.3
"2023-03-29 05:00:00",110,"Site 2",30.5498,-96.4115,75,12.43,37.3,42.53,43.6,19.7,20.03,20.57,20.2,20.2,20.27
"2023-03-29 06:00:00",111,"Site 2",30.5498,-96.4115,75,12.4,37.23,42.5,43.5,19.53,19.73,20.37,20.13,20.2,20.3
"2023-03-29 07:00:00",112,"Site 2",30.5498,-96.4115,75,12.37,37.2,42.4,43.5,19.3,19.63,20.23,20.03,20.13,20.2
"2023-03-29 08:00:00",113,"Site 2",30.5498,-96.4115,75,12.35,37.17,42.4,43.5,19.2,19.47,20.1,20,20.1,20.2
"2023-03-29 09:00:00",114,"Site 2",30.5498,-96.4115,75,12.37,37.1,42.33,43.43,19.03,19.27,19.93,19.8,20.1,20.2
"2023-03-29 10:00:00",115,"Site 2",30.5498,-96.4115,75,12.85,37.07,42.3,43.4,19,19.13,19.8,19.73,20.03,20.2
"2023-03-29 11:00:00",116,"Site 2",30.5498,-96.4115,75,12.91,37.03,42.23,43.4,19.27,19.13,19.7,19.67,20,20.1
"2023-03-29 12:00:00",117,"Site 2",30.5498,-96.4115,75,13.25,37.13,42.2,43.33,20.1,19.33,19.67,19.6,19.93,20.1
"2023-03-29 13:00:00",118,"Site 2",30.5498,-96.4115,75,13.57,37.27,42.2,43.3,21.27,19.8,19.67,19.57,19.8,20.1
"2023-03-29 14:00:00",119,"Site 2",30.5498,-96.4115,75,13.56,37.37,42.27,43.3,22.23,20.43,19.83,19.5,19.8,20.03
"2023-03-29 15:00:00",120,"Site 2",30.5498,-96.4115,75,13.57,37.4,42.3,43.3,22.7,21.03,20.2,19.57,19.77,19.93
"2023-03-29 16:00:00",121,"Site 2",30.5498,-96.4115,75,13.56,37.4,42.4,43.3,22.87,21.37,20.47,19.6,19.7,20
"2023-03-29 17:00:00",122,"Site 2",30.5498,-96.4115,75,13.62,37.33,42.43,43.33,22.77,21.63,20.7,19.67,19.7,19.93
"2023-03-29 18:00:00",123,"Site 2",30.5498,-96.4115,75,13.1,37.27,42.5,43.4,22.67,21.7,20.93,19.8,19.77,20
"2023-03-29 19:00:00",124,"Site 2",30.5498,-96.4115,75,12.78,37.2,42.5,43.4,22.47,21.67,21.03,19.93,19.8,20
"2023-03-29 20:00:00",125,"Site 2",30.5498,-96.4115,75,12.72,37.1,42.5,43.4,22.1,21.6,21.1,20.03,19.8,20
"2023-03-29 21:00:00",126,"Site 2",30.5498,-96.4115,75,12.68,37,42.5,43.4,21.83,21.43,21.1,20.07,19.87,20
"2023-03-29 22:00:00",127,"Site 2",30.5498,-96.4115,75,12.65,36.93,42.5,43.4,21.53,21.23,21.1,20.1,20,20.07
"2023-03-29 23:00:00",128,"Site 2",30.5498,-96.4115,75,12.61,36.87,42.5,43.4,21.27,21.1,21.03,20.13,20,20.03
"2023-03-30 00:00:00",129,"Site 2",30.5498,-96.4115,75,12.59,36.8,42.5,43.4,21.1,21,21,20.2,20,20.1
"2023-03-30 01:00:00",130,"Site 2",30.5498,-96.4115,75,12.56,36.7,42.43,43.4,20.83,20.77,20.8,20.13,20.03,20.1
"2023-03-30 02:00:00",131,"Site 2",30.5498,-96.4115,75,12.53,36.67,42.4,43.4,20.63,20.63,20.77,20.17,20.07,20.1
"2023-03-30 03:00:00",132,"Site 2",30.5498,-96.4115,75,12.49,36.6,42.4,43.4,20.37,20.43,20.67,20.1,20.1,20.13
"2023-03-30 04:00:00",133,"Site 2",30.5498,-96.4115,75,12.46,36.53,42.33,43.4,20.23,20.27,20.6,20.1,20.07,20.1
"2023-03-30 05:00:00",134,"Site 2",30.5498,-96.4115,75,12.43,36.5,42.3,43.4,20.17,20.13,20.5,20,20.1,20.1
"2023-03-30 06:00:00",135,"Site 2",30.5498,-96.4115,75,12.4,36.43,42.3,43.33,20.13,20.07,20.37,20,20.1,20.1
"2023-03-30 07:00:00",136,"Site 2",30.5498,-96.4115,75,12.37,36.4,42.2,43.3,20.07,20,20.27,19.93,20,20.13
"2023-03-30 08:00:00",137,"Site 2",30.5498,-96.4115,75,12.37,36.4,42.2,43.3,20,19.87,20.2,19.8,20,20.1
"2023-03-30 09:00:00",138,"Site 2",30.5498,-96.4115,75,12.59,36.4,42.2,43.3,20,19.8,20.2,19.8,20,20.1
"2023-03-30 10:00:00",139,"Site 2",30.5498,-96.4115,75,13.01,36.4,42.17,43.3,20.2,19.8,20.1,19.77,20,20.1
"2023-03-30 11:00:00",140,"Site 2",30.5498,-96.4115,75,12.93,36.4,42.13,43.3,20.73,20.03,20.1,19.7,20,20.1
"2023-03-30 12:00:00",141,"Site 2",30.5498,-96.4115,75,13.03,36.4,42.17,43.3,20.97,20.17,20.1,19.7,19.93,20.1
"2023-03-30 13:00:00",142,"Site 2",30.5498,-96.4115,75,13.05,36.47,42.2,43.3,21.33,20.43,20.2,19.67,19.87,20
"2023-03-30 14:00:00",143,"Site 2",30.5498,-96.4115,75,13.31,36.5,42.2,43.3,21.53,20.63,20.27,19.7,19.8,20
"2023-03-30 15:00:00",144,"Site 2",30.5498,-96.4115,75,13.38,36.5,42.2,43.3,21.83,20.83,20.37,19.7,19.83,20.03
"2023-03-30 16:00:00",145,"Site 2",30.5498,-96.4115,75,13.36,36.5,42.2,43.3,22.17,21.07,20.57,19.73,19.8,20
"2023-03-30 17:00:00",146,"Site 2",30.5498,-96.4115,75,12.99,36.5,42.3,43.3,22.37,21.23,20.67,19.77,19.8,20
"2023-03-30 18:00:00",147,"Site 2",30.5498,-96.4115,75,13.12,36.5,42.3,43.3,22.37,21.43,20.77,19.93,19.87,20.03
"2023-03-30 19:00:00",148,"Site 2",30.5498,-96.4115,75,12.8,36.43,42.3,43.3,22.5,21.53,20.93,20,19.87,20.03
"2023-03-30 20:00:00",149,"Site 2",30.5498,-96.4115,75,12.73,36.4,42.37,43.37,22.27,21.6,21.03,20.07,19.93,20.03
"2023-03-30 21:00:00",150,"Site 2",30.5498,-96.4115,75,12.68,36.33,42.4,43.4,22.17,21.53,21.1,20.07,19.93,20.1
"2023-03-30 22:00:00",151,"Site 2",30.5498,-96.4115,75,12.64,36.3,42.4,43.4,22,21.5,21.1,20.1,20,20.1
"2023-03-30 23:00:00",152,"Site 2",30.5498,-96.4115,75,12.6,36.23,42.4,43.4,21.8,21.3,21.1,20.2,20.07,20.1
"2023-03-31 00:00:00",153,"Site 2",30.5498,-96.4115,75,12.57,36.2,42.4,43.4,21.67,21.27,21.1,20.17,20.1,20.13
"2023-03-31 01:00:00",154,"Site 2",30.5498,-96.4115,75,12.54,36.2,42.4,43.4,21.7,21.2,21.1,20.2,20.1,20.1
"2023-03-31 02:00:00",155,"Site 2",30.5498,-96.4115,75,12.51,36.13,42.33,43.4,21.63,21.2,21.07,20.23,20.1,20.2
"2023-03-31 03:00:00",156,"Site 2",30.5498,-96.4115,75,12.48,36.1,42.3,43.4,21.63,21.13,21.03,20.2,20.13,20.17
"2023-03-31 04:00:00",157,"Site 2",30.5498,-96.4115,75,12.45,36.1,42.3,43.4,21.63,21.1,21.03,20.2,20.1,20.2
"2023-03-31 05:00:00",158,"Site 2",30.5498,-96.4115,75,12.42,36.1,42.3,43.4,21.6,21.1,21.03,20.2,20.13,20.2
"2023-03-31 06:00:00",159,"Site 2",30.5498,-96.4115,75,12.4,36.1,42.3,43.4,21.6,21.1,21,20.2,20.1,20.23
"2023-03-31 07:00:00",160,"Site 2",30.5498,-96.4115,75,12.38,36.1,42.3,43.4,21.6,21.1,21,20.2,20.17,20.2
"2023-03-31 08:00:00",161,"Site 2",30.5498,-96.4115,75,12.39,36.07,42.3,43.4,21.6,21.1,21,20.2,20.2,20.2
"2023-03-31 09:00:00",162,"Site 2",30.5498,-96.4115,75,12.49,36.07,42.3,43.4,21.63,21.1,21,20.2,20.2,20.23
"2023-03-31 10:00:00",163,"Site 2",30.5498,-96.4115,75,12.87,36.1,42.3,43.4,21.83,21.13,20.93,20.2,20.2,20.2
"2023-03-31 11:00:00",164,"Site 2",30.5498,-96.4115,75,13.06,36.03,42.3,43.4,22.13,21.23,21,20.2,20.2,20.2
"2023-03-31 12:00:00",165,"Site 2",30.5498,-96.4115,75,13.27,36,42.3,43.4,22.53,21.43,21.03,20.2,20.2,20.2
"2023-03-31 13:00:00",166,"Site 2",30.5498,-96.4115,75,13.47,35.9,42.3,43.43,22.97,21.7,21.13,20.23,20.2,20.27
"2023-03-31 14:00:00",167,"Site 2",30.5498,-96.4115,75,13.09,35.8,42.37,43.43,23.5,22.07,21.27,20.27,20.2,20.27
"2023-03-31 15:00:00",168,"Site 2",30.5498,-96.4115,75,13.45,35.8,42.4,43.5,23.8,22.27,21.43,20.3,20.2,20.27
"2023-03-31 16:00:00",169,"Site 2",30.5498,-96.4115,75,13.43,35.8,42.43,43.5,24.73,22.7,21.67,20.5,20.2,20.23
"2023-03-31 17:00:00",170,"Site 2",30.5498,-96.4115,75,13.43,35.77,42.5,43.5,25.27,23.27,21.83,20.53,20.23,20.27
"2023-03-31 18:00:00",171,"Site 2",30.5498,-96.4115,75,13.42,35.67,42.57,43.5,25.5,23.67,22.17,20.67,20.3,20.3
"2023-03-31 19:00:00",172,"Site 2",30.5498,-96.4115,75,13.41,35.53,42.6,43.57,25.37,23.8,22.47,20.77,20.37,20.37
"2023-03-31 20:00:00",173,"Site 2",30.5498,-96.4115,75,12.78,35.4,42.63,43.6,25.1,23.93,22.67,20.97,20.43,20.5
"2023-03-31 21:00:00",174,"Site 2",30.5498,-96.4115,75,12.73,35.3,42.7,43.6,24.67,23.77,22.73,21.1,20.53,20.57
"2023-03-31 22:00:00",175,"Site 2",30.5498,-96.4115,75,12.68,35.23,42.7,43.6,24.33,23.6,22.77,21.2,20.6,20.6
"2023-03-31 23:00:00",176,"Site 2",30.5498,-96.4115,75,12.65,35.13,42.7,43.6,23.87,23.43,22.8,21.23,20.67,20.67
"2023-04-01 00:00:00",177,"Site 2",30.5498,-96.4115,75,12.61,35,42.7,43.6,23.57,23.2,22.73,21.3,20.73,20.7
"2023-04-01 01:00:00",178,"Site 2",30.5498,-96.4115,75,12.58,34.93,42.6,43.7,23.17,22.97,22.67,21.37,20.8,20.73
"2023-04-01 02:00:00",179,"Site 2",30.5498,-96.4115,75,12.55,34.8,42.6,43.7,22.83,22.7,22.57,21.43,20.87,20.77
"2023-04-01 03:00:00",180,"Site 2",30.5498,-96.4115,75,12.52,34.7,42.57,43.7,22.53,22.47,22.37,21.3,20.93,20.8
"2023-04-01 04:00:00",181,"Site 2",30.5498,-96.4115,75,12.48,34.67,42.5,43.63,22.17,22.2,22.23,21.3,21,20.87
"2023-04-01 05:00:00",182,"Site 2",30.5498,-96.4115,75,12.45,34.53,42.47,43.6,21.83,21.93,22.13,21.3,21.03,21
"2023-04-01 06:00:00",183,"Site 2",30.5498,-96.4115,75,12.41,34.47,42.4,43.6,21.47,21.67,22,21.27,21,21
"2023-04-01 07:00:00",184,"Site 2",30.5498,-96.4115,75,12.37,34.3,42.3,43.6,21.1,21.43,21.77,21.2,21.03,21
"2023-04-01 08:00:00",185,"Site 2",30.5498,-96.4115,75,12.39,34.23,42.27,43.6,20.7,21.1,21.63,21.17,21,21
"2023-04-01 09:00:00",186,"Site 2",30.5498,-96.4115,75,12.57,34.13,42.2,43.5,20.53,20.83,21.43,21.07,21,21.03
"2023-04-01 10:00:00",187,"Site 2",30.5498,-96.4115,75,12.72,34.1,42.13,43.5,20.83,20.7,21.23,21,20.87,21
"2023-04-01 11:00:00",188,"Site 2",30.5498,-96.4115,75,12.77,34.17,42.1,43.5,21.57,20.83,21.17,20.8,20.8,20.93
"2023-04-01 12:00:00",189,"Site 2",30.5498,-96.4115,75,13.06,34.2,42.1,43.47,22.6,21.27,21.1,20.77,20.8,20.93
"2023-04-01 13:00:00",190,"Site 2",30.5498,-96.4115,75,13.6,34.3,42.1,43.4,23.87,21.83,21.27,20.7,20.8,20.8
"2023-04-01 14:00:00",191,"Site 2",30.5498,-96.4115,75,13.44,34.37,42.1,43.4,25.2,22.67,21.57,20.7,20.7,20.8
"2023-04-01 15:00:00",192,"Site 2",30.5498,-96.4115,75,13.45,34.4,42.2,43.4,26.13,23.47,21.97,20.77,20.73,20.8
"2023-04-01 16:00:00",193,"Site 2",30.5498,-96.4115,75,13.45,34.33,42.27,43.4,26.2,24,22.33,20.87,20.7,20.8
"2023-04-01 17:00:00",194,"Site 2",30.5498,-96.4115,75,13.48,34.27,42.33,43.43,26.07,24.27,22.67,21.03,20.73,20.8
"2023-04-01 18:00:00",195,"Site 2",30.5498,-96.4115,75,12.96,34.1,42.4,43.5,25.9,24.37,22.93,21.2,20.8,20.8
"2023-04-01 19:00:00",196,"Site 2",30.5498,-96.4115,75,12.94,34.03,42.4,43.5,25.47,24.37,23.17,21.43,20.93,20.87
"2023-04-01 20:00:00",197,"Site 2",30.5498,-96.4115,75,12.73,33.93,42.4,43.5,24.93,24.13,23.17,21.53,21,21
"2023-04-01 21:00:00",198,"Site 2",30.5498,-96.4115,75,12.68,33.83,42.4,43.5,24.37,23.97,23.2,21.63,21.07,21
"2023-04-01 22:00:00",199,"Site 2",30.5498,-96.4115,75,12.64,33.63,42.4,43.5,23.83,23.6,23.2,21.7,21.13,21.1
"2023-04-01 23:00:00",200,"Site 2",30.5498,-96.4115,75,12.6,33.47,42.3,43.5,23.33,23.23,23.07,21.73,21.2,21.17
"2023-04-02 00:00:00",201,"Site 2",30.5498,-96.4115,75,12.58,33.33,42.27,43.5,22.97,22.97,22.93,21.73,21.23,21.17
"2023-04-02 01:00:00",202,"Site 2",30.5498,-96.4115,75,12.55,33.3,42.2,43.5,22.67,22.73,22.73,21.73,21.3,21.2
"2023-04-02 02:00:00",203,"Site 2",30.5498,-96.4115,75,12.52,33.27,42.13,43.5,22.47,22.47,22.6,21.73,21.3,21.23
"2023-04-02 03:00:00",204,"Site 2",30.5498,-96.4115,75,12.48,33.13,42.1,43.5,22.17,22.23,22.43,21.67,21.3,21.27
"2023-04-02 04:00:00",205,"Site 2",30.5498,-96.4115,75,12.44,33.07,42,43.43,21.93,22.03,22.27,21.63,21.3,21.27
"2023-04-02 05:00:00",206,"Site 2",30.5498,-96.4115,75,12.41,32.97,41.93,43.4,21.67,21.77,22.13,21.53,21.3,21.3
"2023-04-02 06:00:00",207,"Site 2",30.5498,-96.4115,75,12.39,32.9,41.9,43.4,21.47,21.6,22.03,21.5,21.27,21.3
"2023-04-02 07:00:00",208,"Site 2",30.5498,-96.4115,75,12.37,32.83,41.8,43.33,21.2,21.43,21.8,21.3,21.3,21.3
"2023-04-02 08:00:00",209,"Site 2",30.5498,-96.4115,75,12.39,32.77,41.77,43.3,21.1,21.2,21.67,21.27,21.2,21.27
"2023-04-02 09:00:00",210,"Site 2",30.5498,-96.4115,75,12.44,32.7,41.7,43.3,21.03,21.1,21.57,21.2,21.2,21.2
"2023-04-02 10:00:00",211,"Site 2",30.5498,-96.4115,75,13.02,32.7,41.63,43.3,21.2,21.03,21.43,21.1,21.2,21.2
"2023-04-02 11:00:00",212,"Site 2",30.5498,-96.4115,75,13.05,32.7,41.6,43.2,21.67,21.13,21.3,21.07,21.1,21.2
"2023-04-02 12:00:00",213,"Site 2",30.5498,-96.4115,75,13.01,32.7,41.6,43.2,22.13,21.37,21.3,21,21.1,21.2
"2023-04-02 13:00:00",214,"Site 2",30.5498,-96.4115,75,13.06,32.7,41.6,43.2,22.43,21.6,21.43,21,21.07,21.13
"2023-04-02 14:00:00",215,"Site 2",30.5498,-96.4115,75,13.42,32.7,41.6,43.2,22.77,21.73,21.53,21,21.03,21.1
"2023-04-02 15:00:00",216,"Site 2",30.5498,-96.4115,75,13.51,32.7,41.6,43.2,23.17,22.1,21.63,21,21,21.1
"2023-04-02 16:00:00",217,"Site 2",30.5498,-96.4115,75,13.47,32.6,41.6,43.13,23.63,22.33,21.77,21,21,21.1
"2023-04-02 17:00:00",218,"Site 2",30.5498,-96.4115,75,13.47,32.57,41.6,43.1,24.1,22.67,21.93,21,21,21.1
"2023-04-02 18:00:00",219,"Site 2",30.5498,-96.4115,75,13.41,32.47,41.6,43.13,24.1,22.9,22.1,21.1,21,21.07
"2023-04-02 19:00:00",220,"Site 2",30.5498,-96.4115,75,13.5,32.37,41.6,43.1,24.03,23.07,22.23,21.1,21,21.1
"2023-04-02 20:00:00",221,"Site 2",30.5498,-96.4115,75,12.78,32.23,41.6,43.17,23.83,23.03,22.3,21.2,21.1,21.1
"2023-04-02 21:00:00",222,"Site 2",30.5498,-96.4115,75,12.73,32.13,41.6,43.2,23.57,23,22.43,21.27,21.07,21.1
"2023-04-02 22:00:00",223,"Site 2",30.5498,-96.4115,75,12.69,32.07,41.57,43.17,23.27,22.83,22.43,21.3,21.1,21.1
"2023-04-02 23:00:00",224,"Site 2",30.5498,-96.4115,75,12.65,32.53,41.53,43.1,23.1,22.67,22.5,21.3,21.1,21.13
"2023-04-03 00:00:00",225,"Site 2",30.5498,-96.4115,75,12.62,32.57,41.5,43.1,22.93,22.57,22.3,21.37,21.13,21.2
"2023-04-03 01:00:00",226,"Site 2",30.5498,-96.4115,75,12.59,32.47,41.5,43.1,22.67,22.43,22.3,21.43,21.2,21.17
"2023-04-03 02:00:00",227,"Site 2",30.5498,-96.4115,75,12.56,32.37,41.43,43.1,22.53,22.23,22.23,21.43,21.2,21.2
"2023-04-03 03:00:00",228,"Site 2",30.5498,-96.4115,75,12.53,32.3,41.4,43.1,22.37,22.17,22.13,21.3,21.2,21.2
"2023-04-03 04:00:00",229,"Site 2",30.5498,-96.4115,75,12.51,32.23,41.37,43.1,22.3,22.07,22.07,21.37,21.2,21.2
"2023-04-03 05:00:00",230,"Site 2",30.5498,-96.4115,75,12.48,32.2,41.3,43.1,22.3,22,22.03,21.3,21.2,21.23
"2023-04-03 06:00:00",231,"Site 2",30.5498,-96.4115,75,12.45,32.2,41.3,43.1,22.3,21.93,22,21.3,21.2,21.2
"2023-04-03 07:00:00",232,"Site 2",30.5498,-96.4115,75,12.42,32.1,41.3,43.1,22.3,22,22,21.23,21.2,21.2
"2023-04-03 08:00:00",233,"Site 2",30.5498,-96.4115,75,12.44,32.1,41.2,43.1,22.3,21.87,21.87,21.2,21.2,21.27
"2023-04-03 09:00:00",234,"Site 2",30.5498,-96.4115,75,12.63,32,41.2,43.1,22.37,21.8,21.8,21.2,21.17,21.2
"2023-04-03 10:00:00",235,"Site 2",30.5498,-96.4115,75,12.9,32.03,41.2,43.1,22.7,22,21.8,21.2,21.17,21.2
"2023-04-03 11:00:00",236,"Site 2",30.5498,-96.4115,75,13.15,32,41.2,43.1,23,22.13,21.87,21.2,21.17,21.2
"2023-04-03 12:00:00",237,"Site 2",30.5498,-96.4115,75,13.45,32.03,41.17,43.1,23.73,22.37,22,21.2,21.17,21.2
"2023-04-03 13:00:00",238,"Site 2",30.5498,-96.4115,75,13.42,32.17,41.1,43.1,25.13,22.97,22.07,21.2,21.13,21.2
"2023-04-03 14:00:00",239,"Site 2",30.5498,-96.4115,75,13.41,32.33,41.17,43.1,26.57,23.77,22.4,21.23,21.13,21.2
"2023-04-03 15:00:00",240,"Site 2",30.5498,-96.4115,75,13.41,32.53,41.2,43.1,27.8,24.67,22.77,21.3,21.13,21.2
"2023-04-03 16:00:00",241,"Site 2",30.5498,-96.4115,75,13.41,32.57,41.23,43.1,28.47,25.47,23.3,21.53,21.2,21.2
"2023-04-03 17:00:00",242,"Site 2",30.5498,-96.4115,75,13.41,32.47,41.3,43.1,28.77,26.1,23.8,21.73,21.23,21.27
"2023-04-03 18:00:00",243,"Site 2",30.5498,-96.4115,75,13.39,32.3,41.3,43.17,28.63,26.43,24.2,21.97,21.3,21.3
"2023-04-03 19:00:00",244,"Site 2",30.5498,-96.4115,75,13.45,32.17,41.33,43.2,28.17,26.5,24.5,22.17,21.5,21.37
"2023-04-03 20:00:00",245,"Site 2",30.5498,-96.4115,75,12.76,31.97,41.4,43.2,27.53,26.27,24.73,22.47,21.57,21.5
"2023-04-03 21:00:00",246,"Site 2",30.5498,-96.4115,75,12.72,31.73,41.37,43.3,26.87,26.07,24.8,22.6,21.73,21.6
"2023-04-03 22:00:00",247,"Site 2",30.5498,-96.4115,75,12.68,31.6,41.3,43.3,26.3,25.7,24.7,22.7,21.77,21.7
"2023-04-03 23:00:00",248,"Site 2",30.5498,-96.4115,75,12.65,31.43,41.27,43.3,25.87,25.37,24.67,22.77,22,21.77
"2023-04-04 00:00:00",249,"Site 2",30.5498,-96.4115,75,12.62,31.3,41.2,43.3,25.47,25.07,24.57,22.93,22,21.8
"2023-04-04 01:00:00",250,"Site 2",30.5498,-96.4115,75,12.6,31.2,41.13,43.3,25.2,24.77,24.43,22.93,22.1,22
"2023-04-04 02:00:00",251,"Site 2",30.5498,-96.4115,75,12.58,31.07,41.07,43.3,24.87,24.63,24.3,22.93,22.2,22
"2023-04-04 03:00:00",252,"Site 2",30.5498,-96.4115,75,12.55,30.97,41,43.3,24.73,24.43,24.1,22.87,22.2,22.1
"2023-04-04 04:00:00",253,"Site 2",30.5498,-96.4115,75,12.53,30.83,40.9,43.3,24.57,24.2,24.03,22.8,22.2,22.13
"2023-04-04 05:00:00",254,"Site 2",30.5498,-96.4115,75,12.5,30.83,40.87,43.3,24.43,24.07,23.93,22.77,22.27,22.17
"2023-04-04 06:00:00",255,"Site 2",30.5498,-96.4115,75,12.47,30.8,40.8,43.3,24.17,23.93,23.77,22.77,22.3,22.17
"2023-04-04 07:00:00",256,"Site 2",30.5498,-96.4115,75,12.44,30.8,40.73,43.3,24.07,23.77,23.7,22.73,22.27,22.2
"2023-04-04 08:00:00",257,"Site 2",30.5498,-96.4115,75,12.48,30.8,40.7,43.3,23.87,23.63,23.6,22.7,22.23,22.2
"2023-04-04 09:00:00",258,"Site 2",30.5498,-96.4115,75,12.81,30.8,40.6,43.3,23.93,23.53,23.5,22.63,22.2,22.2
"2023-04-04 10:00:00",259,"Site 2",30.5498,-96.4115,75,13.13,30.8,40.57,43.27,24.07,23.5,23.43,22.6,22.2,22.2
"2023-04-04 11:00:00",260,"Site 2",30.5498,-96.4115,75,13.24,30.8,40.5,43.2,24.4,23.57,23.3,22.57,22.2,22.2
"2023-04-04 12:00:00",261,"Site 2",30.5498,-96.4115,75,13.53,30.8,40.4,43.2,24.8,23.73,23.3,22.53,22.2,22.2
"2023-04-04 13:00:00",262,"Site 2",30.5498,-96.4115,75,13.47,30.8,40.33,43.17,25.43,24.07,23.5,22.53,22.2,22.2
"2023-04-04 14:00:00",263,"Site 2",30.5498,-96.4115,75,13.45,30.8,40.3,43.1,26.03,24.37,23.57,22.53,22.2,22.2
"2023-04-04 15:00:00",264,"Site 2",30.5498,-96.4115,75,13.45,30.77,40.2,43.1,26.63,24.83,23.77,22.53,22.2,22.17
"2023-04-04 16:00:00",265,"Site 2",30.5498,-96.4115,75,13.5,30.67,40.2,43.1,26.67,25.17,24.03,22.6,22.2,22.2
"2023-04-04 17:00:00",266,"Site 2",30.5498,-96.4115,75,13.42,30.53,40.2,43.1,26.57,25.3,24.17,22.67,22.23,22.2
"2023-04-04 18:00:00",267,"Site 2",30.5498,-96.4115,75,12.81,30.4,40.13,43.1,26.33,25.3,24.27,22.73,22.27,22.2
"2023-04-04 19:00:00",268,"Site 2",30.5498,-96.4115,75,12.74,30.3,40.1,43.1,26.1,25.2,24.3,22.8,22.27,22.27
"2023-04-04 20:00:00",269,"Site 2",30.5498,-96.4115,75,12.71,30.2,40.1,43.1,25.83,25.1,24.37,22.93,22.3,22.3
"2023-04-04 21:00:00",270,"Site 2",30.5498,-96.4115,75,12.67,30.1,40,43.1,25.6,25.03,24.37,23,22.43,22.3
"2023-04-04 22:00:00",271,"Site 2",30.5498,-96.4115,75,12.64,30.03,40,43.1,25.43,24.77,24.3,23.07,22.5,22.3
"2023-04-04 23:00:00",272,"Site 2",30.5498,-96.4115,75,12.62,30,39.9,43.1,25.27,24.7,24.3,23.03,22.57,22.43
"2023-04-05 00:00:00",273,"Site 2",30.5498,-96.4115,75,12.59,29.9,39.87,43.1,25.1,24.6,24.2,23.03,22.5,22.5
"2023-04-05 01:00:00",274,"Site 2",30.5498,-96.4115,75,12.56,29.83,39.8,43.1,24.93,24.5,24.2,23.03,22.6,22.5
"2023-04-05 02:00:00",275,"Site 2",30.5498,-96.4115,75,12.53,29.8,39.77,43,24.73,24.37,24.1,23,22.6,22.5
"2023-04-05 03:00:00",276,"Site 2",30.5498,-96.4115,75,12.49,29.8,39.7,43,24.63,24.27,24.1,23,22.6,22.53
"2023-04-05 04:00:00",277,"Site 2",30.5498,-96.4115,75,12.46,29.73,39.7,43,24.57,24.13,24,23,22.6,22.53
"2023-04-05 05:00:00",278,"Site 2",30.5498,-96.4115,75,12.44,29.7,39.63,43,24.5,24.07,23.93,23,22.6,22.6
"2023-04-05 06:00:00",279,"Site 2",30.5498,-96.4115,75,12.42,29.63,39.6,43,24.3,24,23.8,23,22.6,22.6
"2023-04-05 07:00:00",280,"Site 2",30.5498,-96.4115,75,12.4,29.6,39.5,43,24.23,23.93,23.77,22.93,22.6,22.6
"2023-04-05 08:00:00",281,"Site 2",30.5498,-96.4115,75,12.41,29.57,39.5,43,24.17,23.77,23.7,22.8,22.6,22.57
"2023-04-05 09:00:00",282,"Site 2",30.5498,-96.4115,75,12.44,29.5,39.4,43,24.2,23.7,23.63,22.77,22.6,22.6
"2023-04-05 10:00:00",283,"Site 2",30.5498,-96.4115,75,12.48,29.5,39.4,42.93,24.1,23.7,23.6,22.8,22.6,22.6
"2023-04-05 11:00:00",284,"Site 2",30.5498,-96.4115,75,12.83,29.43,39.3,42.9,23.7,23.57,23.57,22.7,22.6,22.57
"2023-04-05 12:00:00",285,"Site 2",30.5498,-96.4115,75,13.05,29.37,39.23,42.9,23.57,23.43,23.43,22.7,22.57,22.57
"2023-04-05 13:00:00",286,"Site 2",30.5498,-96.4115,75,13.39,29.3,39.2,42.9,23.63,23.3,23.3,22.7,22.53,22.53
"2023-04-05 14:00:00",287,"Site 2",30.5498,-96.4115,75,13.29,29.3,39.1,42.87,23.7,23.3,23.3,22.67,22.5,22.53
"2023-04-05 15:00:00",288,"Site 2",30.5498,-96.4115,75,13.02,29.2,39,42.8,23.7,23.3,23.2,22.6,22.43,22.53
"2023-04-05 16:00:00",289,"Site 2",30.5498,-96.4115,75,12.88,29.17,38.97,42.8,23.63,23.27,23.23,22.6,22.5,22.5
"2023-04-05 17:00:00",290,"Site 2",30.5498,-96.4115,75,12.93,29.1,38.9,42.77,23.37,23.17,23.2,22.53,22.43,22.5
"2023-04-05 18:00:00",291,"Site 2",30.5498,-96.4115,75,13.66,29.1,38.83,42.7,23.27,23.03,23.13,22.53,22.43,22.5
"2023-04-05 19:00:00",292,"Site 2",30.5498,-96.4115,75,12.8,29.03,38.77,42.7,23.27,23.03,23.07,22.5,22.43,22.43
"2023-04-05 20:00:00",293,"Site 2",30.5498,-96.4115,75,12.68,28.97,38.7,42.7,22.97,22.87,23,22.3,22.37,22.37
"2023-04-05 21:00:00",294,"Site 2",30.5498,-96.4115,75,12.62,28.83,38.67,42.63,22.63,22.67,23,22.3,22.3,22.37
"2023-04-05 22:00:00",295,"Site 2",30.5498,-96.4115,75,12.57,28.77,38.6,42.6,22.33,22.43,22.77,22.3,22.27,22.37
"2023-04-05 23:00:00",296,"Site 2",30.5498,-96.4115,75,12.53,28.67,38.5,42.6,21.97,22.2,22.67,22.23,22.23,22.3
"2023-04-06 00:00:00",297,"Site 2",30.5498,-96.4115,75,12.49,28.6,38.4,42.53,21.7,22,22.53,22.2,22.2,22.3
"2023-04-06 01:00:00",298,"Site 2",30.5498,-96.4115,75,12.44,28.5,38.33,42.5,21.23,21.7,22.3,22.1,22.2,22.27
"2023-04-06 02:00:00",299,"Site 2",30.5498,-96.4115,75,12.4,28.43,38.2,42.47,20.97,21.43,22.17,22,22.17,22.2
"2023-04-06 03:00:00",300,"Site 2",30.5498,-96.4115,75,12.35,28.4,38.1,42.4,20.6,21.1,22,21.93,22.1,22.2
"2023-04-06 04:00:00",301,"Site 2",30.5498,-96.4115,75,12.31,28.3,37.97,42.4,20.23,20.83,21.73,21.8,22.07,22.17
"2023-04-06 05:00:00",302,"Site 2",30.5498,-96.4115,75,12.28,28.37,37.9,42.3,19.97,20.63,21.6,21.67,22,22.13
"2023-04-06 06:00:00",303,"Site 2",30.5498,-96.4115,75,12.26,29.23,37.9,42.3,19.6,20.33,21.37,21.57,21.93,22.1
"2023-04-06 07:00:00",304,"Site 2",30.5498,-96.4115,75,12.24,29.9,37.9,42.3,19.27,20.03,21.13,21.43,21.8,22
"2023-04-06 08:00:00",305,"Site 2",30.5498,-96.4115,75,12.22,30.77,37.9,42.3,19.1,19.73,20.97,21.23,21.77,22
"2023-04-06 09:00:00",306,"Site 2",30.5498,-96.4115,75,12.21,33.9,37.83,42.2,18.7,19.5,20.73,21.17,21.63,21.87
"2023-04-06 10:00:00",307,"Site 2",30.5498,-96.4115,75,12.19,36.63,37.8,42.2,18.2,19.2,20.57,21.03,21.6,21.8
"2023-04-06 11:00:00",308,"Site 2",30.5498,-96.4115,75,12.17,38.2,37.87,42.1,17.83,18.77,20.27,20.87,21.5,21.73
"2023-04-06 12:00:00",309,"Site 2",30.5498,-96.4115,75,12.19,39.47,38,42.03,17.47,18.47,20.03,20.67,21.37,21.67
"2023-04-06 13:00:00",310,"Site 2",30.5498,-96.4115,75,12.2,40.6,38.13,41.93,17.17,18.13,19.7,20.57,21.27,21.6
"2023-04-06 14:00:00",311,"Site 2",30.5498,-96.4115,75,12.19,41.43,38.83,41.87,17.03,17.93,19.53,20.3,21.2,21.53
"2023-04-06 15:00:00",312,"Site 2",30.5498,-96.4115,75,12.27,41.8,39.9,41.8,16.8,17.67,19.2,20.17,21.1,21.37
"2023-04-06 16:00:00",313,"Site 2",30.5498,-96.4115,75,12.16,41.97,41,41.8,16.8,17.6,19.03,20.03,21,21.23
"2023-04-06 17:00:00",314,"Site 2",30.5498,-96.4115,75,12.11,42.1,41.77,41.8,16.8,17.5,18.87,19.87,20.8,21.2
"2023-04-06 18:00:00",315,"Site 2",30.5498,-96.4115,75,12.09,42.2,42.43,41.8,17,17.43,18.73,19.67,20.7,21.13
"2023-04-06 19:00:00",316,"Site 2",30.5498,-96.4115,75,12.06,42.27,43.1,41.87,16.87,17.37,18.63,19.57,20.6,21.03
"2023-04-06 20:00:00",317,"Site 2",30.5498,-96.4115,75,12.04,42.3,43.57,41.97,16.73,17.3,18.57,19.43,20.53,20.87
"2023-04-06 21:00:00",318,"Site 2",30.5498,-96.4115,75,12.02,42.37,43.9,42.13,16.7,17.23,18.5,19.3,20.37,20.8
"2023-04-06 22:00:00",319,"Site 2",30.5498,-96.4115,75,12,42.4,44.17,42.27,16.6,17.17,18.3,19.2,20.27,20.7
"2023-04-06 23:00:00",320,"Site 2",30.5498,-96.4115,75,11.97,42.43,44.4,42.47,16.63,17.1,18.2,19.13,20.17,20.6
"2023-04-07 00:00:00",321,"Site 2",30.5498,-96.4115,75,11.95,42.5,44.57,42.7,16.6,17.03,18.17,18.93,20.1,20.57
"2023-04-07 01:00:00",322,"Site 2",30.5498,-96.4115,75,11.93,42.5,44.77,43,16.5,17,18.1,18.87,20.03,20.43
"2023-04-07 02:00:00",323,"Site 2",30.5498,-96.4115,75,11.9,42.5,44.87,43.4,16.43,16.93,18,18.77,19.87,20.3
"2023-04-07 03:00:00",324,"Site 2",30.5498,-96.4115,75,11.88,42.5,45.03,43.93,16.3,16.8,17.93,18.7,19.77,20.23
"2023-04-07 04:00:00",325,"Site 2",30.5498,-96.4115,75,11.86,42.53,45.1,44.67,16.27,16.73,17.8,18.63,19.73,20.2
"2023-04-07 05:00:00",326,"Site 2",30.5498,-96.4115,75,11.83,42.6,45.2,45.5,16.2,16.7,17.77,18.53,19.6,20.1
"2023-04-07 06:00:00",327,"Site 2",30.5498,-96.4115,75,11.81,42.6,45.2,46.03,16.13,16.6,17.67,18.43,19.53,20
"2023-04-07 07:00:00",328,"Site 2",30.5498,-96.4115,75,11.78,42.6,45.2,46.57,16.1,16.5,17.6,18.3,19.5,20
"2023-04-07 08:00:00",329,"Site 2",30.5498,-96.4115,75,11.75,42.6,45.2,46.9,16.03,16.5,17.53,18.27,19.37,19.8
"2023-04-07 09:00:00",330,"Site 2",30.5498,-96.4115,75,11.74,42.6,45.2,47.03,15.87,16.43,17.5,18.2,19.27,19.8
"2023-04-07 10:00:00",331,"Site 2",30.5498,-96.4115,75,11.78,42.6,45.2,47.13,15.63,16.2,17.3,18.1,19.2,19.73
"2023-04-07 11:00:00",332,"Site 2",30.5498,-96.4115,75,11.86,42.6,45.2,47.3,15.57,16.13,17.23,18.1,19.13,19.67
"2023-04-07 12:00:00",333,"Site 2",30.5498,-96.4115,75,11.9,42.6,45.2,47.4,15.67,16.07,17.17,18,19.07,19.6
"2023-04-07 13:00:00",334,"Site 2",30.5498,-96.4115,75,12.23,42.6,45.2,47.4,15.8,16.1,17.1,17.87,19.03,19.57
"2023-04-07 14:00:00",335,"Site 2",30.5498,-96.4115,75,12.08,42.7,45.2,47.5,16.13,16.17,17.1,17.8,19,19.43
"2023-04-07 15:00:00",336,"Site 2",30.5498,-96.4115,75,12.06,42.7,45.2,47.5,16.27,16.23,17.1,17.7,18.8,19.37
"2023-04-07 16:00:00",337,"Site 2",30.5498,-96.4115,75,12.08,42.77,45.2,47.6,16.3,16.37,17.1,17.7,18.77,19.27
"2023-04-07 17:00:00",338,"Site 2",30.5498,-96.4115,75,12.01,42.8,45.3,47.6,16.5,16.5,17.1,17.63,18.7,19.2
"2023-04-07 18:00:00",339,"Site 2",30.5498,-96.4115,75,11.96,42.8,45.3,47.6,16.5,16.5,17.17,17.63,18.63,19.13
"2023-04-07 19:00:00",340,"Site 2",30.5498,-96.4115,75,11.83,42.8,45.3,47.77,16.5,16.5,17.1,17.6,18.6,19.1
"2023-04-07 20:00:00",341,"Site 2",30.5498,-96.4115,75,11.76,42.8,45.3,47.8,16.43,16.53,17.2,17.6,18.57,19.07
"2023-04-07 21:00:00",342,"Site 2",30.5498,-96.4115,75,11.72,42.8,45.3,47.8,16.27,16.5,17.17,17.6,18.53,19.07
"2023-04-07 22:00:00",343,"Site 2",30.5498,-96.4115,75,11.69,42.8,45.3,47.8,16.13,16.37,17.13,17.53,18.5,19
"2023-04-07 23:00:00",344,"Site 2",30.5498,-96.4115,75,11.66,42.8,45.3,47.8,16.1,16.27,17.1,17.53,18.5,19
"2023-04-08 00:00:00",345,"Site 2",30.5498,-96.4115,75,11.63,42.8,45.3,47.8,16,16.23,17.07,17.53,18.5,18.8
"2023-04-08 01:00:00",346,"Site 2",30.5498,-96.4115,75,11.6,42.8,45.3,47.8,15.87,16.13,17,17.43,18.37,18.8
"2023-04-08 02:00:00",347,"Site 2",30.5498,-96.4115,75,11.57,42.8,45.3,47.8,15.8,16.1,17,17.37,18.3,18.8
"2023-04-08 03:00:00",348,"Site 2",30.5498,-96.4115,75,11.54,42.8,45.3,47.8,15.8,16.03,16.8,17.3,18.27,18.77
"2023-04-08 04:00:00",349,"Site 2",30.5498,-96.4115,75,11.51,42.8,45.3,47.8,15.73,16.03,16.8,17.3,18.23,18.7
"2023-04-08 05:00:00",350,"Site 2",30.5498,-96.4115,75,11.48,42.8,45.3,47.8,15.7,16,16.77,17.23,18.2,18.67
"2023-04-08 06:00:00",351,"Site 2",30.5498,-96.4115,75,11.44,42.8,45.3,47.8,15.7,16,16.7,17.2,18.2,18.63
"2023-04-08 07:00:00",352,"Site 2",30.5498,-96.4115,75,11.41,42.8,45.3,47.8,15.7,15.93,16.67,17.13,18.1,18.6
"2023-04-08 08:00:00",353,"Site 2",30.5498,-96.4115,75,11.42,42.8,45.3,47.8,15.7,15.8,16.67,17.13,18.1,18.57
"2023-04-08 09:00:00",354,"Site 2",30.5498,-96.4115,75,11.46,42.8,45.3,47.8,15.73,15.8,16.63,17.1,18.1,18.5
"2023-04-08 10:00:00",355,"Site 2",30.5498,-96.4115,75,11.65,42.8,45.3,47.8,15.93,15.93,16.6,17.1,18,18.5
"2023-04-08 11:00:00",356,"Site 2",30.5498,-96.4115,75,11.85,42.8,45.3,47.8,16.2,16.07,16.6,17.03,18,18.43
"2023-04-08 12:00:00",357,"Site 2",30.5498,-96.4115,75,11.93,42.9,45.33,47.8,16.6,16.17,16.7,17,18,18.37
"2023-04-08 13:00:00",358,"Site 2",30.5498,-96.4115,75,12.24,42.9,45.4,47.8,16.97,16.37,16.7,17,17.93,18.37
"2023-04-08 14:00:00",359,"Site 2",30.5498,-96.4115,75,12.52,43,45.4,47.83,17.5,16.7,16.87,17,17.8,18.3
"2023-04-08 15:00:00",360,"Site 2",30.5498,-96.4115,75,12.65,43.1,45.43,47.9,18.3,17.1,17,17,17.8,18.23
"2023-04-08 16:00:00",361,"Site 2",30.5498,-96.4115,75,12.62,43.23,45.5,47.9,18.97,17.53,17.17,17.1,17.8,18.27
"2023-04-08 17:00:00",362,"Site 2",30.5498,-96.4115,75,12.49,43.3,45.57,47.9,19.47,18,17.47,17.1,17.8,18.27
"2023-04-08 18:00:00",363,"Site 2",30.5498,-96.4115,75,12.21,43.37,45.63,47.97,19.7,18.37,17.7,17.23,17.8,18.23
"2023-04-08 19:00:00",364,"Site 2",30.5498,-96.4115,75,12.07,43.4,45.7,48,19.67,18.6,17.93,17.3,17.8,18.23
"2023-04-08 20:00:00",365,"Site 2",30.5498,-96.4115,75,12.02,43.4,45.77,48,19.53,18.7,18.13,17.5,18,18.27
"2023-04-08 21:00:00",366,"Site 2",30.5498,-96.4115,75,11.98,43.33,45.8,48.03,19.27,18.6,18.23,17.57,18,18.3
"2023-04-08 22:00:00",367,"Site 2",30.5498,-96.4115,75,11.94,43.3,45.8,48.1,19.13,18.6,18.3,17.7,18,18.3
"2023-04-08 23:00:00",368,"Site 2",30.5498,-96.4115,75,11.9,43.3,45.8,48.1,18.83,18.5,18.3,17.73,18.1,18.37
"2023-04-09 00:00:00",369,"Site 2",30.5498,-96.4115,75,11.87,43.2,45.8,48.1,18.6,18.27,18.3,17.8,18.1,18.43
"2023-04-09 01:00:00",370,"Site 2",30.5498,-96.4115,75,11.83,43.17,45.8,48.1,18.23,18.17,18.3,17.8,18.2,18.5
"2023-04-09 02:00:00",371,"Site 2",30.5498,-96.4115,75,11.79,43.1,45.8,48.1,18,18.03,18.2,17.87,18.2,18.53
"2023-04-09 03:00:00",372,"Site 2",30.5498,-96.4115,75,11.76,43.07,45.8,48.1,17.73,17.87,18.17,18,18.23,18.53
"2023-04-09 04:00:00",373,"Site 2",30.5498,-96.4115,75,11.73,43,45.8,48.1,17.67,17.67,18.1,17.93,18.2,18.53
"2023-04-09 05:00:00",374,"Site 2",30.5498,-96.4115,75,11.7,43,45.8,48.1,17.6,17.6,18,17.87,18.27,18.53
"2023-04-09 06:00:00",375,"Site 2",30.5498,-96.4115,75,11.66,43,45.7,48.1,17.63,17.6,18,17.8,18.27,18.57
"2023-04-09 07:00:00",376,"Site 2",30.5498,-96.4115,75,11.63,43,45.7,48.1,17.53,17.53,17.93,17.8,18.23,18.57
"2023-04-09 08:00:00",377,"Site 2",30.5498,-96.4115,75,11.66,42.97,45.7,48.1,17.43,17.43,17.87,17.77,18.23,18.6
"2023-04-09 09:00:00",378,"Site 2",30.5498,-96.4115,75,11.86,42.9,45.7,48.1,17.5,17.3,17.77,17.8,18.23,18.6
"2023-04-09 10:00:00",379,"Site 2",30.5498,-96.4115,75,12.11,43,45.7,48.1,17.7,17.37,17.7,17.7,18.2,18.53
"2023-04-09 11:00:00",380,"Site 2",30.5498,-96.4115,75,12.39,43.03,45.7,48.1,18.3,17.57,17.7,17.7,18.27,18.53
"2023-04-09 12:00:00",381,"Site 2",30.5498,-96.4115,75,12.36,43.13,45.7,48.1,19.07,17.9,17.8,17.7,18.2,18.57
"2023-04-09 13:00:00",382,"Site 2",30.5498,-96.4115,75,12.68,43.2,45.8,48.1,19.57,18.33,18.03,17.7,18.2,18.57
"2023-04-09 14:00:00",383,"Site 2",30.5498,-96.4115,75,12.52,43.3,45.8,48.1,19.93,18.67,18.17,17.73,18.2,18.5
"2023-04-09 15:00:00",384,"Site 2",30.5498,-96.4115,75,12.75,43.37,45.8,48.1,20.47,18.97,18.43,17.8,18.2,18.5
"2023-04-09 16:00:00",385,"Site 2",30.5498,-96.4115,75,12.84,43.4,45.8,48.2,20.87,19.33,18.6,17.93,18.2,18.5
"2023-04-09 17:00:00",386,"Site 2",30.5498,-96.4115,75,12.69,43.43,45.9,48.2,21.27,19.7,18.83,18.03,18.27,18.57
"2023-04-09 18:00:00",387,"Site 2",30.5498,-96.4115,75,12.95,43.5,45.93,48.2,21.5,20.07,19.1,18.17,18.3,18.57
"2023-04-09 19:00:00",388,"Site 2",30.5498,-96.4115,75,12.33,43.5,46,48.27,21.37,20.2,19.33,18.23,18.3,18.6
"2023-04-09 20:00:00",389,"Site 2",30.5498,-96.4115,75,12.25,43.5,46,48.3,21.17,20.2,19.5,18.37,18.43,18.6
"2023-04-09 21:00:00",390,"Site 2",30.5498,-96.4115,75,12.22,43.4,46.1,48.3,20.93,20.2,19.6,18.5,18.5,18.67
"2023-04-09 22:00:00",391,"Site 2",30.5498,-96.4115,75,12.18,43.4,46.1,48.3,20.6,20.07,19.6,18.6,18.53,18.7
"2023-04-09 23:00:00",392,"Site 2",30.5498,-96.4115,75,12.15,43.33,46.1,48.37,20.43,19.93,19.6,18.7,18.63,18.73
"2023-04-10 00:00:00",393,"Site 2",30.5498,-96.4115,75,12.12,43.3,46.1,48.4,20.23,19.8,19.6,18.7,18.67,18.8
"2023-04-10 01:00:00",394,"Site 2",30.5498,-96.4115,75,12.09,43.27,46.1,48.4,20.1,19.73,19.6,18.77,18.7,18.8
"2023-04-10 02:00:00",395,"Site 2",30.5498,-96.4115,75,12.05,43.2,46.1,48.4,19.97,19.63,19.6,18.8,18.8,18.93
"2023-04-10 03:00:00",396,"Site 2",30.5498,-96.4115,75,12.02,43.13,46.1,48.4,19.67,19.53,19.5,18.8,18.8,19
"2023-04-10 04:00:00",397,"Site 2",30.5498,-96.4115,75,11.98,43.1,46.03,48.4,19.43,19.27,19.43,18.8,18.8,19
"2023-04-10 05:00:00",398,"Site 2",30.5498,-96.4115,75,11.95,43,46,48.4,19.13,19.1,19.3,18.77,18.87,19.07
"2023-04-10 06:00:00",399,"Site 2",30.5498,-96.4115,75,11.92,42.97,46,48.4,19.03,19,19.2,18.8,18.8,19.03
"2023-04-10 07:00:00",400,"Site 2",30.5498,-96.4115,75,11.89,42.9,46,48.4,19,18.8,19.13,18.73,18.93,19.1
"2023-04-10 08:00:00",401,"Site 2",30.5498,-96.4115,75,11.9,42.9,46,48.4,18.93,18.73,19.1,18.7,18.93,19.1
"2023-04-10 09:00:00",402,"Site 2",30.5498,-96.4115,75,12.11,42.9,45.9,48.4,18.93,18.7,19.03,18.7,18.93,19.07
"2023-04-10 10:00:00",403,"Site 2",30.5498,-96.4115,75,12.49,42.9,45.9,48.4,19.17,18.7,19,18.67,18.87,19.1
"2023-04-10 11:00:00",404,"Site 2",30.5498,-96.4115,75,12.67,42.93,45.9,48.4,19.67,18.93,18.87,18.6,18.8,19.1
"2023-04-10 12:00:00",405,"Site 2",30.5498,-96.4115,75,12.84,43.03,45.9,48.4,20.23,19.2,19.03,18.6,18.87,19.1
"2023-04-10 13:00:00",406,"Site 2",30.5498,-96.4115,75,12.9,43.13,46,48.4,20.93,19.6,19.13,18.6,18.8,19.1
"2023-04-10 14:00:00",407,"Site 2",30.5498,-96.4115,75,13.01,43.2,46,48.4,21.33,19.93,19.3,18.63,18.8,19.1
"2023-04-10 15:00:00",408,"Site 2",30.5498,-96.4115,75,12.85,43.23,46.1,48.47,21.57,20.23,19.53,18.7,18.8,19.1
"2023-04-10 16:00:00",409,"Site 2",30.5498,-96.4115,75,12.65,43.3,46.1,48.5,21.7,20.43,19.67,18.77,18.8,19.1
"2023-04-10 17:00:00",410,"Site 2",30.5498,-96.4115,75,13.16,43.3,46.2,48.5,21.7,20.6,19.87,18.8,18.93,19.1
"2023-04-10 18:00:00",411,"Site 2",30.5498,-96.4115,75,13.62,43.3,46.2,48.5,21.77,20.67,20.03,18.93,19,19.1
"2023-04-10 19:00:00",412,"Site 2",30.5498,-96.4115,75,13.6,43.3,46.2,48.5,21.73,20.73,20.1,19.07,19.03,19.17
"2023-04-10 20:00:00",413,"Site 2",30.5498,-96.4115,75,12.6,43.2,46.23,48.57,21.5,20.77,20.17,19.13,19.1,19.17
"2023-04-10 21:00:00",414,"Site 2",30.5498,-96.4115,75,12.52,43.17,46.3,48.6,21.03,20.63,20.2,19.2,19.1,19.2
"2023-04-10 22:00:00",415,"Site 2",30.5498,-96.4115,75,12.46,43.1,46.3,48.6,20.6,20.37,20.2,19.23,19.17,19.27
"2023-04-10 23:00:00",416,"Site 2",30.5498,-96.4115,75,12.41,43,46.2,48.6,20.2,20.1,20.13,19.3,19.2,19.3
"2023-04-11 00:00:00",417,"Site 2",30.5498,-96.4115,75,12.36,42.9,46.2,48.6,19.83,19.87,20.07,19.3,19.2,19.3
"2023-04-11 01:00:00",418,"Site 2",30.5498,-96.4115,75,12.32,42.8,46.2,48.6,19.47,19.63,19.87,19.27,19.27,19.37
"2023-04-11 02:00:00",419,"Site 2",30.5498,-96.4115,75,12.29,42.73,46.13,48.6,19.23,19.27,19.73,19.23,19.27,19.37
"2023-04-11 03:00:00",420,"Site 2",30.5498,-96.4115,75,12.27,42.7,46.1,48.5,19.1,19.17,19.6,19.17,19.3,19.43
"2023-04-11 04:00:00",421,"Site 2",30.5498,-96.4115,75,12.23,42.6,46.07,48.5,18.83,19.03,19.53,19.13,19.3,19.43
"2023-04-11 05:00:00",422,"Site 2",30.5498,-96.4115,75,12.21,42.57,46,48.5,18.53,18.77,19.3,19.1,19.27,19.5
"2023-04-11 06:00:00",423,"Site 2",30.5498,-96.4115,75,12.18,42.5,46,48.5,18.23,18.57,19.17,19.1,19.23,19.5
"2023-04-11 07:00:00",424,"Site 2",30.5498,-96.4115,75,12.16,42.5,45.93,48.5,18.13,18.37,19.07,19.03,19.2,19.43
"2023-04-11 08:00:00",425,"Site 2",30.5498,-96.4115,75,12.19,42.43,45.9,48.43,18.03,18.27,18.93,18.87,19.2,19.37
"2023-04-11 09:00:00",426,"Site 2",30.5498,-96.4115,75,12.57,42.4,45.9,48.4,17.93,18.13,18.77,18.77,19.17,19.43
"2023-04-11 10:00:00",427,"Site 2",30.5498,-96.4115,75,12.9,42.43,45.8,48.4,18.2,18.1,18.7,18.73,19.13,19.3
"2023-04-11 11:00:00",428,"Site 2",30.5498,-96.4115,75,13.23,42.5,45.8,48.4,18.83,18.23,18.67,18.67,19.1,19.3
"2023-04-11 12:00:00",429,"Site 2",30.5498,-96.4115,75,13.25,42.63,45.8,48.4,19.7,18.6,18.67,18.63,19.1,19.23
"2023-04-11 13:00:00",430,"Site 2",30.5498,-96.4115,75,13.58,42.8,45.87,48.4,21.2,19.27,18.73,18.6,19.1,19.23
"2023-04-11 14:00:00",431,"Site 2",30.5498,-96.4115,75,13.4,43.03,45.9,48.4,22.67,20.13,19.1,18.63,19,19.2
"2023-04-11 15:00:00",432,"Site 2",30.5498,-96.4115,75,13.54,43.23,46,48.4,23.8,20.97,19.5,18.67,19.03,19.2
"2023-04-11 16:00:00",433,"Site 2",30.5498,-96.4115,75,13.54,43.37,46.13,48.43,24.43,21.77,20,18.73,19,19.2
"2023-04-11 17:00:00",434,"Site 2",30.5498,-96.4115,75,13.54,43.4,46.23,48.5,24.6,22.27,20.47,19.03,19.03,19.2
"2023-04-11 18:00:00",435,"Site 2",30.5498,-96.4115,75,13.5,43.4,46.3,48.5,24.57,22.6,20.83,19.2,19.07,19.3
"2023-04-11 19:00:00",436,"Site 2",30.5498,-96.4115,75,13.52,43.4,46.4,48.57,24.27,22.7,21.13,19.37,19.17,19.3
"2023-04-11 20:00:00",437,"Site 2",30.5498,-96.4115,75,12.73,43.3,46.47,48.6,23.67,22.63,21.3,19.63,19.23,19.43
"2023-04-11 21:00:00",438,"Site 2",30.5498,-96.4115,75,12.65,43.17,46.5,48.6,23,22.33,21.5,19.73,19.43,19.5
"2023-04-11 22:00:00",439,"Site 2",30.5498,-96.4115,75,12.6,43.03,46.5,48.7,22.33,21.97,21.3,19.93,19.5,19.6
"2023-04-11 23:00:00",440,"Site 2",30.5498,-96.4115,75,12.56,42.93,46.5,48.7,21.7,21.6,21.3,20,19.57,19.63
"2023-04-12 00:00:00",441,"Site 2",30.5498,-96.4115,75,12.53,42.8,46.4,48.7,21.2,21.2,21.13,20.07,19.63,19.67
"2023-04-12 01:00:00",442,"Site 2",30.5498,-96.4115,75,12.5,42.7,46.4,48.7,20.9,20.97,21.03,20,19.7,19.73
"2023-04-12 02:00:00",443,"Site 2",30.5498,-96.4115,75,12.47,42.6,46.33,48.67,20.47,20.63,20.8,20,19.73,19.77
"2023-04-12 03:00:00",444,"Site 2",30.5498,-96.4115,75,12.44,42.5,46.3,48.6,20.1,20.33,20.63,20,19.77,19.8
"2023-04-12 04:00:00",445,"Site 2",30.5498,-96.4115,75,12.41,42.43,46.2,48.6,19.7,20.03,20.53,20,19.77,19.8
"2023-04-12 05:00:00",446,"Site 2",30.5498,-96.4115,75,12.38,42.33,46.17,48.6,19.43,19.7,20.23,19.8,19.8,19.8
"2023-04-12 06:00:00",447,"Site 2",30.5498,-96.4115,75,12.35,42.27,46.1,48.57,19.1,19.53,20.1,19.77,19.8,19.87
"2023-04-12 07:00:00",448,"Site 2",30.5498,-96.4115,75,12.32,42.2,46.07,48.5,18.8,19.2,19.87,19.67,19.7,19.8
"2023-04-12 08:00:00",449,"Site 2",30.5498,-96.4115,75,12.36,42.1,46,48.5,18.6,19.03,19.67,19.6,19.7,19.87
"2023-04-12 09:00:00",450,"Site 2",30.5498,-96.4115,75,12.5,42.1,45.93,48.47,18.5,18.77,19.6,19.53,19.67,19.8
"2023-04-12 10:00:00",451,"Site 2",30.5498,-96.4115,75,12.61,42.1,45.9,48.4,18.83,18.7,19.37,19.37,19.67,19.8
"2023-04-12 11:00:00",452,"Site 2",30.5498,-96.4115,75,12.67,42.17,45.9,48.4,19.63,18.87,19.27,19.3,19.6,19.8
"2023-04-12 12:00:00",453,"Site 2",30.5498,-96.4115,75,13.1,42.33,45.9,48.4,21.07,19.4,19.43,19.2,19.6,19.7
"2023-04-12 13:00:00",454,"Site 2",30.5498,-96.4115,75,13.5,42.53,45.9,48.4,22.5,20.17,19.57,19.2,19.6,19.7
"2023-04-12 14:00:00",455,"Site 2",30.5498,-96.4115,75,13.48,42.73,45.97,48.4,23.93,21.13,19.83,19.2,19.5,19.7
"2023-04-12 15:00:00",456,"Site 2",30.5498,-96.4115,75,13.49,42.93,46.07,48.43,24.83,21.97,20.33,19.23,19.5,19.67
"2023-04-12 16:00:00",457,"Site 2",30.5498,-96.4115,75,13.5,43,46.17,48.5,25.5,22.73,20.8,19.37,19.5,19.7
"2023-04-12 17:00:00",458,"Site 2",30.5498,-96.4115,75,13.5,43.1,46.27,48.53,25.93,23.27,21.27,19.63,19.53,19.67
"2023-04-12 18:00:00",459,"Site 2",30.5498,-96.4115,75,13.62,43.07,46.4,48.6,25.57,23.63,21.67,19.83,19.57,19.7
"2023-04-12 19:00:00",460,"Site 2",30.5498,-96.4115,75,13.6,42.97,46.5,48.63,24.83,23.57,21.97,20.07,19.7,19.73
"2023-04-12 20:00:00",461,"Site 2",30.5498,-96.4115,75,12.72,42.83,46.53,48.7,24.23,23.33,22.1,20.23,19.77,19.8
"2023-04-12 21:00:00",462,"Site 2",30.5498,-96.4115,75,12.65,42.73,46.6,48.7,23.53,22.97,22.13,20.43,19.93,19.87
"2023-04-12 22:00:00",463,"Site 2",30.5498,-96.4115,75,12.6,42.57,46.57,48.8,22.83,22.63,22.07,20.5,20,20.03
"2023-04-12 23:00:00",464,"Site 2",30.5498,-96.4115,75,12.56,42.47,46.5,48.8,22.3,22.2,22,20.6,20.1,20.1
"2023-04-13 00:00:00",465,"Site 2",30.5498,-96.4115,75,12.53,42.37,46.5,48.8,21.8,21.83,21.73,20.63,20.2,20.2
"2023-04-13 01:00:00",466,"Site 2",30.5498,-96.4115,75,12.5,42.23,46.43,48.8,21.37,21.47,21.63,20.6,20.2,20.2
"2023-04-13 02:00:00",467,"Site 2",30.5498,-96.4115,75,12.47,42.17,46.4,48.8,20.97,21.2,21.43,20.6,20.27,20.23
"2023-04-13 03:00:00",468,"Site 2",30.5498,-96.4115,75,12.44,42.1,46.33,48.77,20.73,20.93,21.23,20.6,20.27,20.3
"2023-04-13 04:00:00",469,"Site 2",30.5498,-96.4115,75,12.41,42,46.3,48.7,20.47,20.67,21.07,20.5,20.3,20.3
"2023-04-13 05:00:00",470,"Site 2",30.5498,-96.4115,75,12.37,41.93,46.23,48.7,20.13,20.53,20.87,20.37,20.3,20.3
"2023-04-13 06:00:00",471,"Site 2",30.5498,-96.4115,75,12.34,41.87,46.2,48.7,19.83,20.2,20.7,20.3,20.27,20.3
"2023-04-13 07:00:00",472,"Site 2",30.5498,-96.4115,75,12.32,41.8,46.13,48.7,19.53,19.93,20.57,20.23,20.23,20.3
"2023-04-13 08:00:00",473,"Site 2",30.5498,-96.4115,75,12.37,41.7,46.1,48.6,19.2,19.7,20.37,20.17,20.2,20.3
"2023-04-13 09:00:00",474,"Site 2",30.5498,-96.4115,75,12.49,41.7,46,48.6,19.13,19.47,20.2,20.07,20.2,20.3
"2023-04-13 10:00:00",475,"Site 2",30.5498,-96.4115,75,12.6,41.7,46,48.6,19.5,19.3,20.03,20,20.13,20.27
"2023-04-13 11:00:00",476,"Site 2",30.5498,-96.4115,75,12.67,41.77,45.9,48.5,20.27,19.6,20,19.8,20.1,20.2
"2023-04-13 12:00:00",477,"Site 2",30.5498,-96.4115,75,13.06,41.93,45.9,48.5,21.57,20.03,20,19.77,20.07,20.2
"2023-04-13 13:00:00",478,"Site 2",30.5498,-96.4115,75,13.5,42.07,45.9,48.5,23.03,20.77,20.13,19.7,20.07,20.2
"2023-04-13 14:00:00",479,"Site 2",30.5498,-96.4115,75,13.49,42.27,46,48.53,24.33,21.63,20.47,19.7,20,20.2
"2023-04-13 15:00:00",480,"Site 2",30.5498,-96.4115,75,13.52,42.43,46.1,48.6,25.43,22.5,20.83,19.77,20,20.1
"2023-04-13 16:00:00",481,"Site 2",30.5498,-96.4115,75,13.5,42.57,46.2,48.6,26.17,23.23,21.3,19.93,20,20.1
"2023-04-13 17:00:00",482,"Site 2",30.5498,-96.4115,75,13.5,42.6,46.33,48.7,26.43,23.93,21.83,20.13,20.03,20.13
"2023-04-13 18:00:00",483,"Site 2",30.5498,-96.4115,75,13.48,42.57,46.43,48.7,26.23,24.2,22.2,20.33,20.1,20.2
"2023-04-13 19:00:00",484,"Site 2",30.5498,-96.4115,75,13.45,42.5,46.5,48.8,25.87,24.23,22.6,20.57,20.17,20.2
"2023-04-13 20:00:00",485,"Site 2",30.5498,-96.4115,75,12.74,42.37,46.6,48.8,25.3,24.17,22.73,20.73,20.23,20.27
"2023-04-13 21:00:00",486,"Site 2",30.5498,-96.4115,75,12.68,42.27,46.6,48.9,24.57,23.93,22.8,21,20.37,20.3
"2023-04-13 22:00:00",487,"Site 2",30.5498,-96.4115,75,12.63,42.13,46.6,48.9,23.97,23.6,22.8,21.1,20.5,20.5
"2023-04-13 23:00:00",488,"Site 2",30.5498,-96.4115,75,12.59,42,46.6,48.9,23.37,23.2,22.7,21.17,20.6,20.57
"2023-04-14 00:00:00",489,"Site 2",30.5498,-96.4115,75,12.56,41.87,46.6,48.9,22.97,22.8,22.63,21.2,20.67,20.63
"2023-04-14 01:00:00",490,"Site 2",30.5498,-96.4115,75,12.53,41.8,46.53,48.9,22.57,22.6,22.43,21.27,20.7,20.67
"2023-04-14 02:00:00",491,"Site 2",30.5498,-96.4115,75,12.49,41.7,46.5,48.9,22.2,22.2,22.27,21.2,20.8,20.7
"2023-04-14 03:00:00",492,"Site 2",30.5498,-96.4115,75,12.46,41.6,46.43,48.9,21.83,21.87,22.13,21.2,20.8,20.73
"2023-04-14 04:00:00",493,"Site 2",30.5498,-96.4115,75,12.42,41.6,46.4,48.9,21.47,21.63,22,21.17,20.8,20.8
"2023-04-14 05:00:00",494,"Site 2",30.5498,-96.4115,75,12.39,41.53,46.33,48.9,21.2,21.43,21.77,21.1,20.8,20.87
"2023-04-14 06:00:00",495,"Site 2",30.5498,-96.4115,75,12.37,41.5,46.3,48.9,20.97,21.17,21.63,21.1,20.8,20.8
"2023-04-14 07:00:00",496,"Site 2",30.5498,-96.4115,75,12.35,41.4,46.27,48.9,20.7,20.97,21.43,21,20.8,20.8
"2023-04-14 08:00:00",497,"Site 2",30.5498,-96.4115,75,12.51,41.4,46.2,48.8,20.6,20.77,21.23,20.8,20.8,20.8
"2023-04-14 09:00:00",498,"Site 2",30.5498,-96.4115,75,12.68,41.3,46.17,48.8,20.63,20.67,21.1,20.77,20.77,20.87
"2023-04-14 10:00:00",499,"Site 2",30.5498,-96.4115,75,13.08,41.4,46.1,48.8,20.87,20.63,21.03,20.7,20.77,20.8
"2023-04-14 11:00:00",500,"Site 2",30.5498,-96.4115,75,13.29,41.4,46.1,48.8,21.47,20.73,21,20.6,20.73,20.8
"2023-04-14 12:00:00",501,"Site 2",30.5498,-96.4115,75,13.48,41.47,46.1,48.8,21.83,21.03,21,20.6,20.7,20.8
"2023-04-14 13:00:00",502,"Site 2",30.5498,-96.4115,75,13.39,41.5,46.1,48.8,22.2,21.23,21.07,20.57,20.63,20.7
"2023-04-14 14:00:00",503,"Site 2",30.5498,-96.4115,75,13.21,41.5,46.1,48.8,22.47,21.43,21.13,20.5,20.63,20.7
"2023-04-14 15:00:00",504,"Site 2",30.5498,-96.4115,75,13.59,41.6,46.1,48.8,22.7,21.7,21.23,20.53,20.63,20.7
"2023-04-14 16:00:00",505,"Site 2",30.5498,-96.4115,75,13.24,41.6,46.17,48.8,22.8,21.87,21.3,20.6,20.6,20.7
"2023-04-14 17:00:00",506,"Site 2",30.5498,-96.4115,75,12.93,41.6,46.2,48.8,23,22,21.5,20.6,20.6,20.7
"2023-04-14 18:00:00",507,"Site 2",30.5498,-96.4115,75,12.99,41.6,46.2,48.8,23,22.1,21.57,20.63,20.6,20.7
"2023-04-14 19:00:00",508,"Site 2",30.5498,-96.4115,75,12.76,41.6,46.2,48.8,22.8,22.1,21.67,20.7,20.63,20.7
"2023-04-14 20:00:00",509,"Site 2",30.5498,-96.4115,75,12.68,41.6,46.27,48.8,22.73,22.1,21.7,20.7,20.6,20.7
"2023-04-14 21:00:00",510,"Site 2",30.5498,-96.4115,75,12.65,41.53,46.3,48.8,22.67,22.1,21.7,20.77,20.7,20.73
"2023-04-14 22:00:00",511,"Site 2",30.5498,-96.4115,75,12.61,41.5,46.3,48.83,22.43,22,21.7,20.8,20.7,20.77
"2023-04-14 23:00:00",512,"Site 2",30.5498,-96.4115,75,12.58,41.5,46.3,48.87,22.23,21.87,21.7,20.8,20.7,20.8
"2023-04-15 00:00:00",513,"Site 2",30.5498,-96.4115,75,12.55,41.43,46.3,48.9,22.2,21.8,21.67,20.8,20.73,20.77
"2023-04-15 01:00:00",514,"Site 2",30.5498,-96.4115,75,12.51,41.4,46.3,48.9,22.13,21.7,21.6,20.8,20.73,20.77
"2023-04-15 02:00:00",515,"Site 2",30.5498,-96.4115,75,12.47,41.4,46.27,48.9,22.1,21.7,21.6,20.8,20.7,20.77
"2023-04-15 03:00:00",516,"Site 2",30.5498,-96.4115,75,12.44,41.4,46.3,48.9,22.07,21.67,21.6,20.8,20.8,20.8
"2023-04-15 04:00:00",517,"Site 2",30.5498,-96.4115,75,12.41,41.4,46.2,48.9,22.1,21.6,21.6,20.8,20.77,20.87
"2023-04-15 05:00:00",518,"Site 2",30.5498,-96.4115,75,12.39,41.4,46.2,48.9,22,21.6,21.57,20.8,20.8,20.8
"2023-04-15 06:00:00",519,"Site 2",30.5498,-96.4115,75,12.37,41.37,46.2,48.9,21.93,21.6,21.5,20.8,20.8,20.8
"2023-04-15 07:00:00",520,"Site 2",30.5498,-96.4115,75,12.34,41.3,46.2,48.9,21.7,21.5,21.5,20.77,20.77,20.8
"2023-04-15 08:00:00",521,"Site 2",30.5498,-96.4115,75,12.37,41.27,46.2,48.9,21.47,21.3,21.43,20.8,20.73,20.8
"2023-04-15 09:00:00",522,"Site 2",30.5498,-96.4115,75,12.46,41.2,46.2,48.83,21.3,21.2,21.43,20.77,20.77,20.8
"2023-04-15 10:00:00",523,"Site 2",30.5498,-96.4115,75,12.56,41.2,46.2,48.8,21.53,21.17,21.3,20.7,20.73,20.8
"2023-04-15 11:00:00",524,"Site 2",30.5498,-96.4115,75,12.68,41.23,46.1,48.8,22.27,21.23,21.2,20.7,20.77,20.8
"2023-04-15 12:00:00",525,"Site 2",30.5498,-96.4115,75,13.16,41.33,46.1,48.8,23.23,21.7,21.23,20.7,20.73,20.8
"2023-04-15 13:00:00",526,"Site 2",30.5498,-96.4115,75,13.47,41.47,46.17,48.83,24.33,22.27,21.47,20.7,20.73,20.8
"2023-04-15 14:00:00",527,"Site 2",30.5498,-96.4115,75,13.42,41.57,46.2,48.9,25.37,22.97,21.73,20.7,20.7,20.8
"2023-04-15 15:00:00",528,"Site 2",30.5498,-96.4115,75,13.44,41.6,46.3,48.9,26.33,23.73,22.1,20.8,20.7,20.87
"2023-04-15 16:00:00",529,"Site 2",30.5498,-96.4115,75,13.43,41.67,46.37,48.97,27,24.37,22.53,21,20.8,20.87
"2023-04-15 17:00:00",530,"Site 2",30.5498,-96.4115,75,13.41,41.7,46.47,49,27.27,24.87,22.97,21.17,20.8,20.93
"2023-04-15 18:00:00",531,"Site 2",30.5498,-96.4115,75,13.45,41.6,46.57,49.1,27.27,25.23,23.33,21.33,20.93,21
"2023-04-15 19:00:00",532,"Site 2",30.5498,-96.4115,75,13.45,41.6,46.67,49.1,26.93,25.3,23.6,21.6,21.03,21.03
"2023-04-15 20:00:00",533,"Site 2",30.5498,-96.4115,75,12.76,41.5,46.7,49.2,26.33,25.23,23.8,21.73,21.1,21.1
"2023-04-15 21:00:00",534,"Site 2",30.5498,-96.4115,75,12.68,41.37,46.8,49.2,25.67,24.97,23.93,22,21.23,21.17
"2023-04-15 22:00:00",535,"Site 2",30.5498,-96.4115,75,12.64,41.23,46.8,49.23,25,24.63,23.87,22.13,21.3,21.2
"2023-04-15 23:00:00",536,"Site 2",30.5498,-96.4115,75,12.61,41.07,46.77,49.3,24.37,24.23,23.77,22.17,21.5,21.3
"2023-04-16 00:00:00",537,"Site 2",30.5498,-96.4115,75,12.58,40.93,46.7,49.3,23.97,23.93,23.67,22.2,21.57,21.5
"2023-04-16 01:00:00",538,"Site 2",30.5498,-96.4115,75,12.55,40.8,46.67,49.3,23.47,23.57,23.53,22.2,21.63,21.53
"2023-04-16 02:00:00",539,"Site 2",30.5498,-96.4115,75,12.52,40.67,46.6,49.3,23,23.2,23.27,22.2,21.67,21.57
"2023-04-16 03:00:00",540,"Site 2",30.5498,-96.4115,75,12.48,40.57,46.57,49.3,22.63,22.87,23.13,22.2,21.7,21.6
"2023-04-16 04:00:00",541,"Site 2",30.5498,-96.4115,75,12.45,40.43,46.5,49.3,22.2,22.6,22.93,22.13,21.7,21.7
"2023-04-16 05:00:00",542,"Site 2",30.5498,-96.4115,75,12.42,40.33,46.4,49.27,21.83,22.2,22.73,22.07,21.73,21.7
"2023-04-16 06:00:00",543,"Site 2",30.5498,-96.4115,75,12.38,40.23,46.37,49.2,21.47,21.97,22.53,21.93,21.7,21.7
"2023-04-16 07:00:00",544,"Site 2",30.5498,-96.4115,75,12.34,40.17,46.3,49.2,21.17,21.67,22.27,21.87,21.7,21.7
"2023-04-16 08:00:00",545,"Site 2",30.5498,-96.4115,75,12.39,40.07,46.2,49.17,20.83,21.37,22.1,21.73,21.7,21.7
"2023-04-16 09:00:00",546,"Site 2",30.5498,-96.4115,75,12.54,39.97,46.13,49.1,20.6,21.13,21.87,21.67,21.6,21.7
"2023-04-16 10:00:00",547,"Site 2",30.5498,-96.4115,75,12.7,39.9,46.07,49.1,20.63,20.87,21.67,21.57,21.6,21.63
"2023-04-16 11:00:00",548,"Site 2",30.5498,-96.4115,75,12.78,39.9,46,49.03,21.03,20.87,21.53,21.43,21.53,21.6
"2023-04-16 12:00:00",549,"Site 2",30.5498,-96.4115,75,13.22,39.9,45.97,49,21.97,21.1,21.43,21.27,21.5,21.57
"2023-04-16 13:00:00",550,"Site 2",30.5498,-96.4115,75,13.58,40,45.9,49,23.13,21.63,21.5,21.17,21.5,21.53
"2023-04-16 14:00:00",551,"Site 2",30.5498,-96.4115,75,13.59,40.1,45.93,49,24.43,22.3,21.67,21.17,21.3,21.53
"2023-04-16 15:00:00",552,"Site 2",30.5498,-96.4115,75,13.59,40.2,46,49,25.53,23.07,21.97,21.2,21.3,21.5
"2023-04-16 16:00:00",553,"Site 2",30.5498,-96.4115,75,13.57,40.23,46.1,49.03,26.33,23.8,22.33,21.2,21.27,21.5
"2023-04-16 17:00:00",554,"Site 2",30.5498,-96.4115,75,13.57,40.2,46.17,49.1,26.6,24.43,22.77,21.37,21.27,21.37
"2023-04-16 18:00:00",555,"Site 2",30.5498,-96.4115,75,13.53,40.1,46.27,49.1,26.37,24.67,23.17,21.53,21.3,21.5
"2023-04-16 19:00:00",556,"Site 2",30.5498,-96.4115,75,13.55,39.93,46.3,49.13,25.93,24.7,23.37,21.73,21.43,21.5
"2023-04-16 20:00:00",557,"Site 2",30.5498,-96.4115,75,12.75,39.77,46.37,49.2,25.3,24.57,23.53,21.87,21.5,21.5
"2023-04-16 21:00:00",558,"Site 2",30.5498,-96.4115,75,12.66,39.6,46.4,49.2,24.57,24.2,23.6,22.03,21.57,21.53
"2023-04-16 22:00:00",559,"Site 2",30.5498,-96.4115,75,12.61,39.43,46.37,49.2,23.83,23.83,23.53,22.13,21.63,21.63
"2023-04-16 23:00:00",560,"Site 2",30.5498,-96.4115,75,12.57,39.27,46.3,49.2,23.27,23.47,23.37,22.1,21.67,21.63
"2023-04-17 00:00:00",561,"Site 2",30.5498,-96.4115,75,12.53,39.13,46.3,49.2,22.77,23.1,23.23,22.17,21.7,21.7
"2023-04-17 01:00:00",562,"Site 2",30.5498,-96.4115,75,12.5,39,46.2,49.2,22.2,22.67,23.03,22.17,21.77,21.7
"2023-04-17 02:00:00",563,"Site 2",30.5498,-96.4115,75,12.46,38.87,46.13,49.2,21.83,22.33,22.73,22.1,21.73,21.73
"2023-04-17 03:00:00",564,"Site 2",30.5498,-96.4115,75,12.43,38.77,46.07,49.2,21.4,21.97,22.6,22,21.77,21.8
"2023-04-17 04:00:00",565,"Site 2",30.5498,-96.4115,75,12.39,38.67,46,49.13,21.1,21.6,22.27,22,21.73,21.8
"2023-04-17 05:00:00",566,"Site 2",30.5498,-96.4115,75,12.34,38.57,45.9,49.1,20.7,21.33,22.1,21.8,21.77,21.77
"2023-04-17 06:00:00",567,"Site 2",30.5498,-96.4115,75,12.3,38.47,45.87,49.1,20.47,21.1,21.93,21.7,21.73,21.77
"2023-04-17 07:00:00",568,"Site 2",30.5498,-96.4115,75,12.28,38.4,45.8,49.03,20.13,20.73,21.63,21.6,21.7,21.77
"2023-04-17 08:00:00",569,"Site 2",30.5498,-96.4115,75,12.41,38.3,45.8,49,19.87,20.53,21.5,21.5,21.63,21.7
"2023-04-17 09:00:00",570,"Site 2",30.5498,-96.4115,75,12.63,38.3,45.73,48.97,19.8,20.3,21.27,21.27,21.6,21.67
"2023-04-17 10:00:00",571,"Site 2",30.5498,-96.4115,75,12.76,38.3,45.7,48.9,20.1,20.3,21.1,21.2,21.53,21.67
"2023-04-17 11:00:00",572,"Site 2",30.5498,-96.4115,75,12.87,38.3,45.6,48.9,20.77,20.37,21,21.13,21.43,21.6
"2023-04-17 12:00:00",573,"Site 2",30.5498,-96.4115,75,13.37,38.37,45.6,48.9,21.87,20.77,21.03,21.03,21.3,21.6
"2023-04-17 13:00:00",574,"Site 2",30.5498,-96.4115,75,13.53,38.4,45.6,48.8,22.97,21.3,21.13,21,21.23,21.53
"2023-04-17 14:00:00",575,"Site 2",30.5498,-96.4115,75,13.51,38.43,45.6,48.8,24.2,21.97,21.33,20.87,21.27,21.5
"2023-04-17 15:00:00",576,"Site 2",30.5498,-96.4115,75,13.52,38.5,45.7,48.87,25.43,22.77,21.63,21,21.2,21.43
"2023-04-17 16:00:00",577,"Site 2",30.5498,-96.4115,75,13.52,38.47,45.73,48.9,26.17,23.53,22.07,21.03,21.17,21.3
"2023-04-17 17:00:00",578,"Site 2",30.5498,-96.4115,75,13.5,38.37,45.8,48.9,26.5,24.1,22.47,21.13,21.2,21.3
"2023-04-17 18:00:00",579,"Site 2",30.5498,-96.4115,75,13.48,38.2,45.8,48.93,26.2,24.53,22.83,21.27,21.2,21.3
"2023-04-17 19:00:00",580,"Site 2",30.5498,-96.4115,75,13.5,38,45.9,49,25.77,24.53,23.13,21.53,21.23,21.43
"2023-04-17 20:00:00",581,"Site 2",30.5498,-96.4115,75,12.73,37.83,45.9,49,25.17,24.33,23.3,21.7,21.37,21.43
"2023-04-17 21:00:00",582,"Site 2",30.5498,-96.4115,75,12.67,37.63,45.9,49.03,24.5,24.1,23.3,21.8,21.43,21.5
"2023-04-17 22:00:00",583,"Site 2",30.5498,-96.4115,75,12.63,37.5,45.9,49.1,24,23.8,23.3,21.93,21.57,21.6
"2023-04-17 23:00:00",584,"Site 2",30.5498,-96.4115,75,12.61,37.47,45.9,49.1,23.5,23.47,23.2,22,21.6,21.6
"2023-04-18 00:00:00",585,"Site 2",30.5498,-96.4115,75,12.58,37.37,45.87,49.1,23.13,23.13,23.1,22.03,21.7,21.67
"2023-04-18 01:00:00",586,"Site 2",30.5498,-96.4115,75,12.55,37.27,45.8,49.1,22.83,22.93,23.03,22.1,21.7,21.7
"2023-04-18 02:00:00",587,"Site 2",30.5498,-96.4115,75,12.52,37.2,45.8,49.1,22.63,22.67,22.8,22,21.73,21.7
"2023-04-18 03:00:00",588,"Site 2",30.5498,-96.4115,75,12.49,37.1,45.8,49.07,22.33,22.53,22.67,22,21.73,21.73
"2023-04-18 04:00:00",589,"Site 2",30.5498,-96.4115,75,12.45,37.03,45.8,49.03,22.17,22.27,22.6,22,21.73,21.77
"2023-04-18 05:00:00",590,"Site 2",30.5498,-96.4115,75,12.41,36.97,45.7,49,21.93,22.13,22.43,21.8,21.73,21.8
"2023-04-18 06:00:00",591,"Site 2",30.5498,-96.4115,75,12.38,36.9,45.7,49,21.73,21.93,22.27,21.8,21.77,21.77
"2023-04-18 07:00:00",592,"Site 2",30.5498,-96.4115,75,12.35,36.83,45.6,49,21.57,21.73,22.17,21.73,21.7,21.8
"2023-04-18 08:00:00",593,"Site 2",30.5498,-96.4115,75,12.39,36.8,45.6,48.97,21.5,21.6,22.07,21.67,21.7,21.7
"2023-04-18 09:00:00",594,"Site 2",30.5498,-96.4115,75,12.38,36.8,45.53,48.9,21.57,21.5,21.93,21.63,21.7,21.8
"2023-04-18 10:00:00",595,"Site 2",30.5498,-96.4115,75,12.94,36.73,45.5,48.9,21.6,21.5,21.8,21.6,21.67,21.7
"2023-04-18 11:00:00",596,"Site 2",30.5498,-96.4115,75,12.7,36.8,45.5,48.9,21.73,21.5,21.73,21.5,21.6,21.7
"2023-04-18 12:00:00",597,"Site 2",30.5498,-96.4115,75,13.28,36.8,45.5,48.9,21.97,21.6,21.7,21.5,21.6,21.7
"2023-04-18 13:00:00",598,"Site 2",30.5498,-96.4115,75,13.53,36.8,45.5,48.9,22.57,21.7,21.7,21.37,21.57,21.7
"2023-04-18 14:00:00",599,"Site 2",30.5498,-96.4115,75,13.51,36.8,45.43,48.9,23.2,22.1,21.73,21.3,21.5,21.67
"2023-04-18 15:00:00",600,"Site 2",30.5498,-96.4115,75,13.52,36.8,45.5,48.9,23.77,22.37,21.93,21.3,21.5,21.6
"2023-04-18 16:00:00",601,"Site 2",30.5498,-96.4115,75,13.52,36.8,45.5,48.9,24.33,22.77,22.1,21.3,21.5,21.6
"2023-04-18 17:00:00",602,"Site 2",30.5498,-96.4115,75,13.5,36.8,45.5,48.9,24.63,23.1,22.27,21.5,21.5,21.6
"2023-04-18 18:00:00",603,"Site 2",30.5498,-96.4115,75,13.45,36.7,45.53,48.9,24.7,23.37,22.57,21.5,21.53,21.6
"2023-04-18 19:00:00",604,"Site 2",30.5498,-96.4115,75,12.96,36.6,45.6,48.9,24.63,23.53,22.7,21.57,21.5,21.6
"2023-04-18 20:00:00",605,"Site 2",30.5498,-96.4115,75,12.74,36.53,45.6,48.93,24.33,23.53,22.77,21.63,21.5,21.6
"2023-04-18 21:00:00",606,"Site 2",30.5498,-96.4115,75,12.7,36.43,45.6,49,23.87,23.37,22.87,21.73,21.57,21.6
"2023-04-18 22:00:00",607,"Site 2",30.5498,-96.4115,75,12.66,36.33,45.6,49,23.6,23.2,22.8,21.77,21.6,21.7
"2023-04-18 23:00:00",608,"Site 2",30.5498,-96.4115,75,12.63,36.3,45.6,49,23.23,23.03,22.77,21.8,21.67,21.7
"2023-04-19 00:00:00",609,"Site 2",30.5498,-96.4115,75,12.6,36.2,45.6,49,22.97,22.77,22.7,21.8,21.7,21.7
"2023-04-19 01:00:00",610,"Site 2",30.5498,-96.4115,75,12.56,36.13,45.6,49,22.67,22.63,22.7,21.8,21.7,21.7
"2023-04-19 02:00:00",611,"Site 2",30.5498,-96.4115,75,12.53,36.07,45.53,49,22.47,22.53,22.6,21.8,21.7,21.73
"2023-04-19 03:00:00",612,"Site 2",30.5498,-96.4115,75,12.5,36,45.5,49,22.23,22.27,22.5,21.8,21.7,21.77
"2023-04-19 04:00:00",613,"Site 2",30.5498,-96.4115,75,12.47,35.93,45.5,49,22.1,22.13,22.37,21.77,21.7,21.8
"2023-04-19 05:00:00",614,"Site 2",30.5498,-96.4115,75,12.43,35.9,45.43,48.93,21.93,22,22.23,21.73,21.7,21.8
"2023-04-19 06:00:00",615,"Site 2",30.5498,-96.4115,75,12.4,35.9,45.4,48.9,21.8,21.77,22.17,21.7,21.7,21.77
"2023-04-19 07:00:00",616,"Site 2",30.5498,-96.4115,75,12.38,35.9,45.4,48.9,21.8,21.7,22.07,21.6,21.7,21.8
"2023-04-19 08:00:00",617,"Site 2",30.5498,-96.4115,75,12.39,35.9,45.37,48.9,21.8,21.7,22,21.6,21.67,21.77
"2023-04-19 09:00:00",618,"Site 2",30.5498,-96.4115,75,12.49,35.9,45.3,48.9,21.87,21.7,21.93,21.6,21.63,21.7
"2023-04-19 10:00:00",619,"Site 2",30.5498,-96.4115,75,13.05,35.9,45.3,48.9,22.1,21.7,21.87,21.53,21.63,21.73
"2023-04-19 11:00:00",620,"Site 2",30.5498,-96.4115,75,13.3,35.9,45.3,48.9,22.53,21.77,21.8,21.43,21.6,21.7
"2023-04-19 12:00:00",621,"Site 2",30.5498,-96.4115,75,13.58,35.9,45.3,48.9,23.1,22.07,21.87,21.5,21.6,21.7
"2023-04-19 13:00:00",622,"Site 2",30.5498,-96.4115,75,13.49,35.9,45.3,48.9,23.57,22.37,22.03,21.5,21.57,21.7
"2023-04-19 14:00:00",623,"Site 2",30.5498,-96.4115,75,13.47,35.87,45.3,48.9,24.3,22.7,22.17,21.5,21.6,21.7
"2023-04-19 15:00:00",624,"Site 2",30.5498,-96.4115,75,13.48,35.8,45.3,48.9,25.23,23.23,22.33,21.5,21.5,21.7
"2023-04-19 16:00:00",625,"Site 2",30.5498,-96.4115,75,13.48,35.77,45.33,48.9,25.8,23.77,22.6,21.57,21.53,21.63
"2023-04-19 17:00:00",626,"Site 2",30.5498,-96.4115,75,13.48,35.63,45.4,48.9,26,24.2,22.93,21.63,21.57,21.7
"2023-04-19 18:00:00",627,"Site 2",30.5498,-96.4115,75,13.48,35.47,45.4,48.93,26,24.37,23.17,21.73,21.6,21.7
"2023-04-19 19:00:00",628,"Site 2",30.5498,-96.4115,75,13.45,35.33,45.5,49,25.8,24.53,23.37,21.93,21.67,21.7
"2023-04-19 20:00:00",629,"Site 2",30.5498,-96.4115,75,12.76,35.17,45.5,49,25.5,24.5,23.53,22.07,21.7,21.73
"2023-04-19 21:00:00",630,"Site 2",30.5498,-96.4115,75,12.71,35.07,45.5,49,25.1,24.43,23.6,22.17,21.73,21.77
"2023-04-19 22:00:00",631,"Site 2",30.5498,-96.4115,75,12.68,34.97,45.5,49.1,24.7,24.17,23.6,22.2,21.8,21.8
"2023-04-19 23:00:00",632,"Site 2",30.5498,-96.4115,75,12.64,34.87,45.5,49.1,24.33,24.03,23.6,22.3,21.93,21.87
"2023-04-20 00:00:00",633,"Site 2",30.5498,-96.4115,75,12.61,34.8,45.5,49.1,24.1,23.83,23.53,22.3,22,22
"2023-04-20 01:00:00",634,"Site 2",30.5498,-96.4115,75,12.59,34.7,45.5,49.1,23.87,23.63,23.5,22.37,22,22
"2023-04-20 02:00:00",635,"Site 2",30.5498,-96.4115,75,12.57,34.7,45.5,49.1,23.73,23.5,23.37,22.3,22.03,22.07
"2023-04-20 03:00:00",636,"Site 2",30.5498,-96.4115,75,12.54,34.63,45.4,49.1,23.7,23.3,23.23,22.3,22.1,22.07
"2023-04-20 04:00:00",637,"Site 2",30.5498,-96.4115,75,12.52,34.6,45.4,49.1,23.6,23.27,23.2,22.37,22.1,22.1
"2023-04-20 05:00:00",638,"Site 2",30.5498,-96.4115,75,12.48,34.53,45.4,49.1,23.53,23.2,23.17,22.3,22.1,22.1
"2023-04-20 06:00:00",639,"Site 2",30.5498,-96.4115,75,12.45,34.5,45.4,49.1,23.5,23.1,23.1,22.3,22.13,22.1
"2023-04-20 07:00:00",640,"Site 2",30.5498,-96.4115,75,12.42,34.5,45.4,49.1,23.3,23.1,23.03,22.3,22.1,22.1
"2023-04-20 08:00:00",641,"Site 2",30.5498,-96.4115,75,12.46,34.5,45.33,49.1,23.3,23,23,22.3,22.13,22.17
"2023-04-20 09:00:00",642,"Site 2",30.5498,-96.4115,75,12.58,34.43,45.3,49.1,23.37,23,22.93,22.23,22.1,22.17
"2023-04-20 10:00:00",643,"Site 2",30.5498,-96.4115,75,12.84,34.4,45.3,49.1,23.6,23,22.93,22.2,22.1,22.13
"2023-04-20 11:00:00",644,"Site 2",30.5498,-96.4115,75,13,34.4,45.3,49.03,23.77,23.07,22.8,22.2,22.1,22.2
"2023-04-20 12:00:00",645,"Site 2",30.5498,-96.4115,75,13.69,34.4,45.3,49,24.07,23.17,23,22.2,22.1,22.17
"2023-04-20 13:00:00",646,"Site 2",30.5498,-96.4115,75,13.33,34.43,45.3,49.07,24.67,23.37,23,22.17,22.1,22.13
"2023-04-20 14:00:00",647,"Site 2",30.5498,-96.4115,75,13.49,34.47,45.3,49.1,25.1,23.7,23.1,22.2,22.1,22.13
"2023-04-20 15:00:00",648,"Site 2",30.5498,-96.4115,75,13.47,34.47,45.3,49.1,25.43,24.07,23.23,22.2,22.1,22.17
"2023-04-20 16:00:00",649,"Site 2",30.5498,-96.4115,75,13.04,34.47,45.3,49.1,25.57,24.17,23.37,22.27,22.13,22.17
"2023-04-20 17:00:00",650,"Site 2",30.5498,-96.4115,75,12.86,38.87,45.43,49.1,25.3,24.3,23.53,22.3,22.13,22.17
"2023-04-20 18:00:00",651,"Site 2",30.5498,-96.4115,75,12.71,39.43,45.5,49.1,25.2,24.3,23.67,22.43,22.17,22.17
"2023-04-20 19:00:00",652,"Site 2",30.5498,-96.4115,75,12.67,38.77,45.5,49.1,24.97,24.27,23.7,22.5,22.17,22.2
"2023-04-20 20:00:00",653,"Site 2",30.5498,-96.4115,75,12.64,38.4,45.5,49.2,24.67,24.17,23.7,22.53,22.2,22.23
"2023-04-20 21:00:00",654,"Site 2",30.5498,-96.4115,75,12.6,41.47,45.6,49.2,23.67,23.93,23.63,22.57,22.27,22.23
"2023-04-20 22:00:00",655,"Site 2",30.5498,-96.4115,75,12.56,41.8,45.6,49.2,22.8,23.27,23.57,22.6,22.3,22.3
"2023-04-20 23:00:00",656,"Site 2",30.5498,-96.4115,75,12.53,42.07,45.5,49.2,22.53,22.83,23.27,22.6,22.3,22.3
"2023-04-21 00:00:00",657,"Site 2",30.5498,-96.4115,75,12.5,42.3,45.5,49.17,22.37,22.67,23.13,22.53,22.3,22.3
"2023-04-21 01:00:00",658,"Site 2",30.5498,-96.4115,75,12.47,42.5,45.6,49.1,22.23,22.47,22.93,22.5,22.3,22.3
"2023-04-21 02:00:00",659,"Site 2",30.5498,-96.4115,75,12.43,42.67,45.63,49.1,22.13,22.27,22.77,22.37,22.3,22.37
"2023-04-21 03:00:00",660,"Site 2",30.5498,-96.4115,75,12.39,42.73,45.7,49.1,21.93,22.13,22.67,22.27,22.27,22.3
"2023-04-21 04:00:00",661,"Site 2",30.5498,-96.4115,75,12.37,42.83,45.73,49.1,21.8,22,22.53,22.2,22.23,22.3
"2023-04-21 05:00:00",662,"Site 2",30.5498,-96.4115,75,12.35,42.93,45.8,49.1,21.67,21.8,22.37,22.1,22.2,22.3
"2023-04-21 06:00:00",663,"Site 2",30.5498,-96.4115,75,12.33,43,45.8,49.03,21.57,21.7,22.2,22.03,22.17,22.27
"2023-04-21 07:00:00",664,"Site 2",30.5498,-96.4115,75,12.31,43.07,45.83,49,21.37,21.57,22.13,22,22.1,22.23
"2023-04-21 08:00:00",665,"Site 2",30.5498,-96.4115,75,12.38,43.1,45.9,49,21.3,21.43,22.03,21.87,22.1,22.2
"2023-04-21 09:00:00",666,"Site 2",30.5498,-96.4115,75,12.66,43.17,45.9,49,21.37,21.37,22,21.77,22.1,22.2
"2023-04-21 10:00:00",667,"Site 2",30.5498,-96.4115,75,13.08,43.23,46,49,21.7,21.43,21.87,21.7,22,22.13
"2023-04-21 11:00:00",668,"Site 2",30.5498,-96.4115,75,13.01,43.33,46.03,48.97,22,21.57,21.8,21.67,22,22.1
"2023-04-21 12:00:00",669,"Site 2",30.5498,-96.4115,75,13.18,43.43,46.13,48.93,22.43,21.77,21.8,21.6,21.87,22.1
"2023-04-21 14:00:00",670,"Site 2",30.5498,-96.4115,75,13.58,43.65,46.35,48.9,23.25,22.25,22.05,21.6,21.8,22
