"TOA5","2","CR300","7174","CR300.Std.07.00","CPU:Site 2 (Field).CR300","63613","Hydraprobe"
"TIMESTAMP","RECORD","station","latitude","longitude","altitude","BattV","Hydraprobe_5_VWC_Avg","Hydraprobe_10_VWC_Avg","Hydraprobe_20_VWC_Avg","Hydraprobe_50_VWC_Avg","Hydraprobe_5_T_DegC_Avg","Hydraprobe_10_T_DegC_Avg","Hydraprobe_20_T_DegC_Avg","Hydraprobe_50_T_DegC_Avg","Hydraprobe_5_T_DegF_Avg","Hydraprobe_10_T_DegF_Avg","Hydraprobe_20_T_DegF_Avg","Hydraprobe_50_T_DegF_Avg","Hydraprobe_5_EC_uncorrected_Avg","Hydraprobe_10_EC_uncorrected_Avg","Hydraprobe_20_EC_uncorrected_Avg","Hydraprobe_50_EC_uncorrected_Avg","Hydraprobe_5_EC_corrected_Avg","Hydraprobe_10_EC_corrected_Avg","Hydraprobe_20_EC_corrected_Avg","Hydraprobe_50_EC_corrected_Avg","Hydraprobe_5_Perm_real_Avg","Hydraprobe_10_Perm_real_Avg","Hydraprobe_20_Perm_real_Avg","Hydraprobe_50_Perm_real_Avg","Hydraprobe_5_Perm_imaginary_Avg","Hydraprobe_10_Perm_imaginary_Avg","Hydraprobe_20_Perm_imaginary_Avg","Hydraprobe_50_Perm_imaginary_Avg"
"TS","RN","name","decdegrees","decdegrees","m","Volts","m^3 /m^3","m^3 /m^3","m^3 /m^3","m^3 /m^3","Deg C","Deg C","Deg C","Deg C","Deg F","Deg F","Deg F","Deg F","S/m","S/m","S/m","S/m","S/m","S/m","S/m","S/m","unitless","unitless","unitless","unitless","unitless","unitless","unitless","unitless"
"","","Smp","Smp","Smp","Smp","Smp","Avg","Avg","Avg","Avg","Avg","Avg","Avg","Avg","Avg","Avg","Avg","Avg","Avg","Avg","Avg","Avg","Avg","Avg","Avg","Avg","Avg","Avg","Avg","Avg","Avg","Avg","Avg","Avg"
"2023-03-24 15:00:00",0,"Site 2",30.5498,-96.4115,75,13.32,0.34,0.31,0.357,0.451,24.4,23.3,21.5,19.5,75.9,73.9,70.7,67.1,0.058,0.049,0.072,0.12,0.059,0.051,0.076,0.13,22.68,20.15,24.19,33.46,20.91,17.77,25.85,43.09
"2023-03-24 16:00:00",1,"Site 2",30.5498,-96.4115,75,13.47,0.341,0.316,0.359,0.451,25.4,23.93,21.57,19.63,77.7,75.1,70.83,67.37,0.059,0.05,0.072,0.12,0.059,0.05,0.076,0.13,22.78,20.61,24.33,33.46,21.31,17.79,25.78,43.09
"2023-03-24 17:00:00",2,"Site 2",30.5498,-96.4115,75,13.45,0.343,0.316,0.358,0.452,26.83,25.13,21.9,19.7,80.3,77.3,71.5,67.5,0.061,0.05,0.073,0.12,0.059,0.051,0.076,0.13,22.93,20.62,24.26,33.47,21.94,18.23,26.14,43.1
"2023-03-24 18:00:00",3,"Site 2",30.5498,-96.4115,75,13.45,0.345,0.319,0.36,0.452,27.5,26,22.37,19.7,81.5,78.77,72.27,67.5,0.062,0.051,0.073,0.12,0.059,0.051,0.076,0.13,23.04,20.89,24.43,33.47,22.04,18.34,26.34,43.1
"2023-03-24 19:00:00",4,"Site 2",30.5498,-96.4115,75,13.45,0.342,0.316,0.363,0.452,27.2,26.2,22.8,19.7,81,79.1,73,67.5,0.061,0.051,0.073,0.12,0.059,0.051,0.076,0.13,22.86,20.63,24.73,33.47,21.87,18.52,26.42,43.1
"2023-03-24 20:00:00",5,"Site 2",30.5498,-96.4115,75,12.76,0.339,0.314,0.361,0.449,26.17,25.63,23.1,19.7,79.1,78.17,73.57,67.5,0.06,0.051,0.075,0.121,0.059,0.051,0.077,0.131,22.63,20.43,24.5,33.14,21.49,18.48,26.87,43.7
"2023-03-24 21:00:00",6,"Site 2",30.5498,-96.4115,75,12.68,0.339,0.314,0.362,0.447,24.9,24.8,23.3,19.7,76.8,76.67,73.9,67.5,0.058,0.051,0.075,0.122,0.058,0.051,0.076,0.132,22.57,20.49,24.59,32.97,20.96,18.1,26.73,44
"2023-03-24 22:00:00",7,"Site 2",30.5498,-96.4115,75,12.61,0.338,0.312,0.36,0.447,23.73,23.93,23.1,19.83,74.7,75.1,73.57,67.7,0.057,0.05,0.074,0.122,0.058,0.051,0.076,0.132,22.52,20.31,24.49,32.98,20.45,17.94,26.62,44
"2023-03-24 23:00:00",8,"Site 2",30.5498,-96.4115,75,12.54,0.337,0.315,0.356,0.447,22.73,23.1,22.87,19.9,72.9,73.57,73.13,67.8,0.056,0.048,0.075,0.122,0.058,0.05,0.077,0.132,22.42,20.53,24.05,32.99,20.07,17.45,26.84,44.02
"2023-03-25 00:00:00",9,"Site 2",30.5498,-96.4115,75,12.47,0.336,0.311,0.357,0.447,21.83,22.37,22.67,19.9,71.37,72.27,72.73,67.8,0.055,0.049,0.074,0.122,0.057,0.05,0.076,0.132,22.36,20.21,24.2,33,19.71,17.41,26.53,44.03
"2023-03-25 01:00:00",10,"Site 2",30.5498,-96.4115,75,12.43,0.333,0.308,0.36,0.445,21.1,21.7,22.3,20.03,69.97,71.1,72.17,68.07,0.055,0.048,0.073,0.123,0.058,0.051,0.075,0.133,22.08,20,24.41,32.82,19.6,17.36,26.09,44.34
"2023-03-25 02:00:00",11,"Site 2",30.5498,-96.4115,75,12.41,0.331,0.31,0.356,0.442,20.5,21.1,21.97,20.1,68.87,69.97,71.63,68.2,0.054,0.047,0.073,0.125,0.058,0.05,0.076,0.135,21.86,20.12,24.05,32.46,19.4,17.07,26.16,44.95
"2023-03-25 03:00:00",12,"Site 2",30.5498,-96.4115,75,12.39,0.329,0.311,0.354,0.442,19.7,20.5,21.63,20.1,67.47,68.87,70.97,68.2,0.053,0.046,0.073,0.125,0.058,0.05,0.076,0.134,21.69,20.24,23.94,32.47,19.24,16.78,26.04,44.96
"2023-03-25 04:00:00",13,"Site 2",30.5498,-96.4115,75,12.36,0.331,0.309,0.357,0.442,19.1,19.9,21.3,20.1,66.43,67.83,70.33,68.2,0.052,0.047,0.071,0.125,0.057,0.05,0.075,0.134,21.91,20.04,24.15,32.48,18.74,16.74,25.61,44.96
"2023-03-25 05:00:00",14,"Site 2",30.5498,-96.4115,75,12.34,0.327,0.307,0.355,0.442,18.6,19.3,20.97,20.1,65.43,66.77,69.73,68.2,0.052,0.046,0.071,0.125,0.057,0.05,0.075,0.134,21.58,19.92,24.03,32.48,18.72,16.62,25.49,44.97
"2023-03-25 06:00:00",15,"Site 2",30.5498,-96.4115,75,12.32,0.328,0.307,0.352,0.442,18.03,18.87,20.63,20.1,64.47,66,69.1,68.2,0.052,0.045,0.071,0.125,0.058,0.05,0.075,0.134,21.65,19.86,23.77,32.48,18.52,16.43,25.42,44.97
"2023-03-25 07:00:00",16,"Site 2",30.5498,-96.4115,75,12.29,0.33,0.306,0.354,0.442,17.57,18.4,20.23,20.1,63.6,65.1,68.4,68.2,0.05,0.045,0.07,0.125,0.056,0.05,0.075,0.134,21.8,19.83,23.89,32.48,18.12,16.27,25.13,44.97
"2023-03-25 08:00:00",17,"Site 2",30.5498,-96.4115,75,12.31,0.328,0.304,0.355,0.442,17,17.87,19.97,20.1,62.6,64.13,67.93,68.2,0.05,0.045,0.069,0.125,0.057,0.05,0.075,0.134,21.65,19.64,24.01,32.48,17.99,16.23,24.85,44.97
"2023-03-25 09:00:00",18,"Site 2",30.5498,-96.4115,75,12.42,0.327,0.304,0.354,0.442,16.73,17.43,19.57,20.1,62.1,63.4,67.23,68.2,0.05,0.045,0.069,0.125,0.056,0.05,0.075,0.134,21.56,19.67,23.91,32.48,17.92,16.13,24.74,44.97
"2023-03-25 10:00:00",19,"Site 2",30.5498,-96.4115,75,12.55,0.328,0.304,0.351,0.442,17.1,17.37,19.23,20.1,62.8,63.3,66.67,68.2,0.05,0.045,0.069,0.125,0.057,0.05,0.075,0.134,21.68,19.67,23.65,32.47,18.14,16.13,24.67,44.96
"2023-03-25 11:00:00",20,"Site 2",30.5498,-96.4115,75,12.66,0.328,0.304,0.351,0.442,18.37,18.03,19.03,20.1,65,64.47,66.3,68.2,0.052,0.046,0.069,0.125,0.058,0.05,0.075,0.134,21.64,19.6,23.63,32.47,18.78,16.32,24.66,44.96
"2023-03-25 12:00:00",21,"Site 2",30.5498,-96.4115,75,12.88,0.33,0.309,0.351,0.442,19.9,19.07,19.1,20.1,67.83,66.33,66.4,68.2,0.054,0.045,0.069,0.125,0.058,0.05,0.075,0.135,21.78,20.03,23.63,32.46,19.32,16.34,24.66,44.94
"2023-03-25 13:00:00",22,"Site 2",30.5498,-96.4115,75,13.39,0.337,0.306,0.352,0.442,21.87,20.43,19.23,20.03,71.37,68.77,66.67,68.07,0.055,0.047,0.069,0.125,0.057,0.051,0.075,0.135,22.46,19.8,23.73,32.46,19.8,17.05,24.76,44.94
"2023-03-25 14:00:00",23,"Site 2",30.5498,-96.4115,75,13.48,0.338,0.311,0.354,0.442,24.03,22.13,19.7,19.9,75.27,71.87,67.47,67.8,0.058,0.048,0.069,0.125,0.059,0.051,0.075,0.135,22.47,20.18,23.93,32.45,20.87,17.41,24.97,44.93
"2023-03-25 15:00:00",24,"Site 2",30.5498,-96.4115,75,13.49,0.339,0.311,0.353,0.445,26,23.8,20.3,19.9,78.77,74.83,68.53,67.8,0.06,0.05,0.071,0.123,0.059,0.051,0.076,0.133,22.64,20.22,23.83,32.81,21.49,18.01,25.5,44.32
"2023-03-25 16:00:00",25,"Site 2",30.5498,-96.4115,75,13.5,0.343,0.312,0.354,0.447,27.57,25.2,20.9,19.9,81.7,77.43,69.6,67.8,0.061,0.051,0.072,0.122,0.059,0.051,0.077,0.132,22.9,20.33,23.9,32.99,22.09,18.41,26,44.01
"2023-03-25 17:00:00",26,"Site 2",30.5498,-96.4115,75,13.48,0.341,0.312,0.354,0.447,28.5,26.43,21.7,19.9,83.3,79.53,71.1,67.8,0.062,0.052,0.073,0.122,0.059,0.052,0.077,0.132,22.77,20.29,23.95,32.98,22.48,18.8,26.28,44
"2023-03-25 18:00:00",27,"Site 2",30.5498,-96.4115,75,13.46,0.341,0.31,0.357,0.447,28.9,26.9,22.37,19.83,84,80.5,72.27,67.7,0.063,0.053,0.074,0.122,0.059,0.052,0.076,0.132,22.79,20.11,24.18,32.98,22.49,19.26,26.52,44
"2023-03-25 19:00:00",28,"Site 2",30.5498,-96.4115,75,13.46,0.341,0.313,0.356,0.447,28.3,27.1,22.93,19.83,83,80.8,73.27,67.7,0.062,0.053,0.075,0.122,0.059,0.051,0.077,0.132,22.74,20.35,24.06,32.98,22.27,19.03,26.85,44
"2023-03-25 20:00:00",29,"Site 2",30.5498,-96.4115,75,12.77,0.342,0.313,0.355,0.445,27.23,26.53,23.37,19.9,81,79.7,74.03,67.8,0.06,0.052,0.076,0.123,0.058,0.051,0.077,0.133,22.81,20.38,23.97,32.8,21.51,18.75,27.23,44.3
"2023-03-25 21:00:00",30,"Site 2",30.5498,-96.4115,75,12.69,0.338,0.311,0.356,0.442,25.63,25.53,23.5,19.9,78.2,78.03,74.3,67.8,0.058,0.051,0.075,0.125,0.058,0.051,0.077,0.135,22.47,20.24,24.12,32.44,21.03,18.46,27.16,44.92
"2023-03-25 22:00:00",31,"Site 2",30.5498,-96.4115,75,12.63,0.337,0.311,0.36,0.442,24.2,24.4,23.43,19.9,75.53,75.93,74.17,67.8,0.057,0.05,0.074,0.125,0.058,0.05,0.076,0.135,22.36,20.22,24.42,32.45,20.46,18.01,26.79,44.93
"2023-03-25 23:00:00",32,"Site 2",30.5498,-96.4115,75,12.59,0.331,0.308,0.357,0.442,23.03,23.5,23.2,20.03,73.43,74.3,73.73,68.07,0.056,0.049,0.074,0.125,0.058,0.051,0.076,0.135,21.89,19.98,24.13,32.46,20.32,17.79,26.72,44.94
"2023-03-26 00:00:00",33,"Site 2",30.5498,-96.4115,75,12.56,0.332,0.307,0.354,0.442,22.07,22.6,22.87,20.1,71.77,72.63,73.13,68.2,0.055,0.049,0.075,0.125,0.058,0.051,0.077,0.134,21.98,19.87,23.94,32.47,19.81,17.67,26.74,44.95
"2023-03-26 01:00:00",34,"Site 2",30.5498,-96.4115,75,12.52,0.331,0.308,0.357,0.442,21.3,21.9,22.53,20.1,70.33,71.5,72.5,68.2,0.055,0.048,0.073,0.125,0.058,0.05,0.076,0.134,21.85,19.95,24.17,32.48,19.54,17.32,26.3,44.96
"2023-03-26 02:00:00",35,"Site 2",30.5498,-96.4115,75,12.48,0.329,0.304,0.355,0.442,20.57,21.3,22.2,20.3,69,70.33,72.03,68.5,0.054,0.048,0.073,0.125,0.057,0.051,0.076,0.134,21.73,19.63,24.05,32.49,19.29,17.3,26.18,44.98
"2023-03-26 03:00:00",36,"Site 2",30.5498,-96.4115,75,12.45,0.329,0.305,0.352,0.442,19.9,20.63,21.83,20.3,67.83,69.1,71.37,68.5,0.053,0.047,0.073,0.125,0.057,0.05,0.076,0.134,21.72,19.75,23.77,32.5,19,17.01,26.1,44.99
"2023-03-26 04:00:00",37,"Site 2",30.5498,-96.4115,75,12.41,0.325,0.305,0.353,0.442,19.3,20.1,21.43,20.3,66.77,68.17,70.57,68.5,0.053,0.047,0.071,0.125,0.058,0.05,0.075,0.134,21.39,19.68,23.85,32.5,18.98,16.8,25.74,44.99
"2023-03-26 05:00:00",38,"Site 2",30.5498,-96.4115,75,12.37,0.327,0.303,0.353,0.442,18.77,19.5,21.17,20.3,65.77,67.13,70.1,68.5,0.052,0.046,0.071,0.125,0.057,0.05,0.075,0.134,21.56,19.56,23.81,32.51,18.58,16.69,25.49,45
"2023-03-26 06:00:00",39,"Site 2",30.5498,-96.4115,75,12.34,0.327,0.302,0.346,0.442,18.4,19.1,20.77,20.37,65.1,66.43,69.33,68.63,0.051,0.046,0.071,0.125,0.057,0.05,0.076,0.134,21.52,19.44,23.21,32.51,18.42,16.57,25.69,45
"2023-03-26 07:00:00",40,"Site 2",30.5498,-96.4115,75,12.32,0.324,0.303,0.347,0.442,18.03,18.77,20.43,20.43,64.47,65.77,68.77,68.77,0.051,0.046,0.071,0.125,0.057,0.05,0.076,0.134,21.33,19.52,23.27,32.51,18.37,16.39,25.54,45
"2023-03-26 08:00:00",41,"Site 2",30.5498,-96.4115,75,12.36,0.325,0.303,0.349,0.442,17.7,18.33,20.17,20.5,63.8,65,68.3,68.9,0.05,0.046,0.07,0.125,0.056,0.05,0.075,0.134,21.4,19.55,23.48,32.51,18.18,16.29,25.12,45
"2023-03-26 09:00:00",42,"Site 2",30.5498,-96.4115,75,12.67,0.325,0.299,0.351,0.442,17.57,18.07,19.83,20.37,63.6,64.6,67.7,68.63,0.05,0.046,0.069,0.125,0.057,0.051,0.074,0.134,21.4,19.22,23.69,32.51,18.17,16.37,24.71,45
"2023-03-26 10:00:00",43,"Site 2",30.5498,-96.4115,75,12.42,0.324,0.298,0.343,0.442,18.03,18.27,19.63,20.3,64.47,64.9,67.37,68.5,0.051,0.046,0.07,0.125,0.057,0.051,0.076,0.134,21.33,19.18,22.97,32.51,18.38,16.46,25.21,45
"2023-03-26 11:00:00",44,"Site 2",30.5498,-96.4115,75,12.62,0.327,0.298,0.343,0.442,18.4,18.53,19.5,20.3,65.1,65.3,67.1,68.5,0.051,0.046,0.07,0.125,0.056,0.051,0.076,0.134,21.53,19.14,22.95,32.5,18.42,16.55,25.2,44.99
"2023-03-26 12:00:00",45,"Site 2",30.5498,-96.4115,75,12.84,0.327,0.299,0.343,0.442,18.83,18.8,19.43,20.3,65.9,65.8,67,68.5,0.052,0.046,0.07,0.125,0.057,0.05,0.076,0.134,21.57,19.24,22.95,32.5,18.59,16.52,25.2,44.99
"2023-03-26 13:00:00",46,"Site 2",30.5498,-96.4115,75,12.89,0.326,0.301,0.344,0.442,19.17,18.97,19.37,20.3,66.53,66.2,66.9,68.5,0.053,0.046,0.07,0.125,0.057,0.05,0.076,0.134,21.5,19.37,23.03,32.49,18.8,16.52,25.07,44.98
"2023-03-26 14:00:00",47,"Site 2",30.5498,-96.4115,75,12.87,0.325,0.3,0.343,0.442,19.7,19.43,19.5,20.23,67.47,67,67.1,68.4,0.053,0.046,0.07,0.125,0.058,0.05,0.076,0.134,21.37,19.34,22.95,32.48,19.1,16.62,25.2,44.97
"2023-03-26 15:00:00",48,"Site 2",30.5498,-96.4115,75,13.44,0.329,0.303,0.343,0.442,20.23,19.77,19.5,20.1,68.4,67.6,67.1,68.2,0.053,0.046,0.07,0.125,0.057,0.05,0.076,0.134,21.75,19.57,22.96,32.48,19.02,16.57,25.2,44.97
"2023-03-26 16:00:00",49,"Site 2",30.5498,-96.4115,75,13.15,0.326,0.304,0.343,0.442,21.1,20.37,19.63,20.1,69.97,68.63,67.37,68.2,0.055,0.047,0.07,0.125,0.058,0.05,0.076,0.134,21.5,19.61,22.97,32.47,19.65,16.74,25.21,44.96
"2023-03-26 17:00:00",50,"Site 2",30.5498,-96.4115,75,13.48,0.329,0.302,0.35,0.442,21.7,20.97,19.83,20.1,71.1,69.73,67.7,68.2,0.055,0.048,0.07,0.125,0.057,0.05,0.075,0.135,21.72,19.48,23.54,32.46,19.7,17.02,24.97,44.95
"2023-03-26 18:00:00",51,"Site 2",30.5498,-96.4115,75,13.56,0.33,0.301,0.347,0.442,22.13,21.43,20.03,20.1,71.9,70.57,68.07,68.2,0.056,0.048,0.071,0.125,0.058,0.051,0.076,0.135,21.76,19.39,23.32,32.46,19.89,17.35,25.38,44.94
"2023-03-26 19:00:00",52,"Site 2",30.5498,-96.4115,75,13.55,0.33,0.303,0.347,0.442,22.6,21.83,20.3,20.03,72.6,71.37,68.5,68.07,0.056,0.048,0.071,0.125,0.058,0.05,0.076,0.135,21.77,19.59,23.26,32.45,20.05,17.27,25.53,44.93
"2023-03-26 20:00:00",53,"Site 2",30.5498,-96.4115,75,12.76,0.331,0.303,0.345,0.442,22.37,21.9,20.5,19.9,72.27,71.5,68.9,67.8,0.055,0.048,0.072,0.125,0.057,0.05,0.077,0.135,21.86,19.59,23.11,32.45,19.84,17.27,25.81,44.93
"2023-03-26 21:00:00",54,"Site 2",30.5498,-96.4115,75,12.7,0.328,0.305,0.352,0.442,21.7,21.57,20.7,19.9,71.1,70.83,69.2,67.8,0.055,0.047,0.071,0.125,0.057,0.05,0.075,0.135,21.66,19.73,23.77,32.45,19.66,17,25.43,44.93
"2023-03-26 22:00:00",55,"Site 2",30.5498,-96.4115,75,12.65,0.328,0.301,0.349,0.442,21.17,21.17,20.7,19.9,70.1,70.1,69.2,67.8,0.054,0.047,0.071,0.125,0.057,0.05,0.076,0.135,21.6,19.38,23.53,32.45,19.44,17.07,25.6,44.93
"2023-03-26 23:00:00",56,"Site 2",30.5498,-96.4115,75,12.62,0.328,0.302,0.345,0.442,20.9,20.9,20.7,19.9,69.6,69.6,69.2,67.8,0.053,0.047,0.072,0.125,0.057,0.05,0.077,0.135,21.68,19.47,23.12,32.45,19.24,16.89,25.82,44.93
"2023-03-27 00:00:00",57,"Site 2",30.5498,-96.4115,75,12.58,0.326,0.302,0.348,0.442,20.77,20.7,20.57,19.9,69.33,69.2,69,67.8,0.054,0.047,0.071,0.125,0.057,0.05,0.076,0.135,21.48,19.51,23.41,32.45,19.35,16.79,25.47,44.93
"2023-03-27 01:00:00",58,"Site 2",30.5498,-96.4115,75,12.55,0.323,0.302,0.347,0.442,20.63,20.63,20.5,19.9,69.1,69.1,68.9,67.8,0.054,0.047,0.071,0.125,0.058,0.05,0.076,0.135,21.21,19.5,23.27,32.45,19.52,16.79,25.54,44.93
"2023-03-27 02:00:00",59,"Site 2",30.5498,-96.4115,75,12.5,0.325,0.303,0.347,0.442,20.3,20.43,20.5,19.9,68.53,68.77,68.9,67.8,0.053,0.046,0.071,0.125,0.057,0.049,0.076,0.135,21.35,19.55,23.27,32.45,19.22,16.57,25.54,44.93
"2023-03-27 03:00:00",60,"Site 2",30.5498,-96.4115,75,12.46,0.327,0.3,0.347,0.442,19.9,20.1,20.3,19.9,67.83,68.17,68.5,67.8,0.053,0.046,0.071,0.125,0.057,0.05,0.076,0.135,21.52,19.3,23.26,32.45,18.82,16.72,25.53,44.93
"2023-03-27 04:00:00",61,"Site 2",30.5498,-96.4115,75,12.42,0.324,0.296,0.349,0.442,19.3,19.7,20.23,19.9,66.77,67.47,68.4,67.8,0.053,0.046,0.07,0.125,0.057,0.05,0.075,0.135,21.24,19.03,23.49,32.45,18.85,16.72,25.12,44.93
"2023-03-27 05:00:00",62,"Site 2",30.5498,-96.4115,75,12.38,0.325,0.298,0.349,0.442,18.83,19.23,20.03,19.9,65.9,66.67,68.07,67.8,0.051,0.046,0.07,0.125,0.056,0.05,0.075,0.135,21.41,19.16,23.44,32.45,18.45,16.45,25.08,44.93
"2023-03-27 06:00:00",63,"Site 2",30.5498,-96.4115,75,12.35,0.322,0.299,0.344,0.442,18.47,18.83,19.83,19.9,65.2,65.9,67.7,67.8,0.051,0.046,0.07,0.125,0.057,0.05,0.076,0.135,21.12,19.19,22.98,32.45,18.45,16.35,25.22,44.93
"2023-03-27 07:00:00",64,"Site 2",30.5498,-96.4115,75,12.33,0.321,0.299,0.345,0.442,18.07,18.6,19.63,19.9,64.6,65.43,67.37,67.8,0.051,0.045,0.069,0.125,0.057,0.05,0.075,0.135,21.04,19.27,23.12,32.45,18.38,16.17,24.95,44.93
"2023-03-27 08:00:00",65,"Site 2",30.5498,-96.4115,75,12.34,0.322,0.301,0.349,0.442,17.83,18.27,19.43,19.9,64,64.9,67,67.8,0.051,0.044,0.068,0.125,0.056,0.049,0.074,0.135,21.12,19.4,23.44,32.45,18.19,15.91,24.67,44.93
"2023-03-27 09:00:00",66,"Site 2",30.5498,-96.4115,75,12.48,0.322,0.297,0.351,0.442,17.7,18,19.23,19.9,63.8,64.5,66.67,67.8,0.051,0.045,0.067,0.125,0.057,0.05,0.073,0.135,21.12,19.09,23.64,32.45,18.18,16.13,24.27,44.93
"2023-03-27 10:00:00",67,"Site 2",30.5498,-96.4115,75,12.99,0.32,0.301,0.344,0.442,18.03,18.07,19.1,19.9,64.47,64.6,66.4,67.8,0.051,0.044,0.069,0.125,0.057,0.049,0.075,0.135,20.99,19.39,23.05,32.44,18.47,15.9,24.67,44.92
"2023-03-27 11:00:00",68,"Site 2",30.5498,-96.4115,75,13.03,0.323,0.3,0.341,0.442,18.83,18.6,18.9,19.9,65.9,65.43,66.1,67.8,0.052,0.045,0.069,0.125,0.057,0.049,0.076,0.135,21.23,19.31,22.81,32.44,18.69,16.08,24.83,44.92
"2023-03-27 12:00:00",69,"Site 2",30.5498,-96.4115,75,13.49,0.324,0.297,0.341,0.442,20.3,19.43,18.97,19.9,68.5,67,66.2,67.8,0.053,0.046,0.069,0.125,0.058,0.05,0.076,0.135,21.31,19.06,22.81,32.44,19.32,16.62,24.84,44.92
"2023-03-27 13:00:00",70,"Site 2",30.5498,-96.4115,75,13.56,0.328,0.301,0.349,0.442,21.5,20.37,19.17,19.9,70.73,68.63,66.53,67.8,0.055,0.046,0.068,0.125,0.057,0.05,0.074,0.135,21.66,19.39,23.46,32.43,19.66,16.68,24.5,44.91
"2023-03-27 14:00:00",71,"Site 2",30.5498,-96.4115,75,13.52,0.331,0.3,0.349,0.442,23.27,21.63,19.57,19.83,73.87,71,67.23,67.7,0.056,0.047,0.069,0.125,0.058,0.05,0.074,0.135,21.84,19.34,23.49,32.43,20.29,17.17,24.74,44.91
"2023-03-27 15:00:00",72,"Site 2",30.5498,-96.4115,75,13.48,0.329,0.303,0.347,0.442,25.03,23.1,20.03,19.7,77.13,73.57,68.07,67.5,0.059,0.049,0.071,0.125,0.058,0.05,0.076,0.135,21.74,19.57,23.26,32.42,21.13,17.54,25.32,44.9
"2023-03-27 16:00:00",73,"Site 2",30.5498,-96.4115,75,13.48,0.337,0.304,0.35,0.442,26.5,24.6,20.63,19.7,79.7,76.23,69.13,67.5,0.059,0.05,0.071,0.125,0.058,0.05,0.075,0.135,22.42,19.67,23.59,32.42,21.32,17.92,25.48,44.89
"2023-03-27 17:00:00",74,"Site 2",30.5498,-96.4115,75,13.46,0.335,0.306,0.347,0.442,27.2,25.37,21.3,19.7,81,77.73,70.33,67.5,0.061,0.05,0.073,0.125,0.059,0.05,0.077,0.135,22.23,19.84,23.32,32.42,21.79,18.08,26.06,44.89
"2023-03-27 18:00:00",75,"Site 2",30.5498,-96.4115,75,13.45,0.335,0.306,0.354,0.442,27.7,26.1,21.83,19.7,81.8,78.93,71.37,67.5,0.061,0.051,0.072,0.125,0.058,0.05,0.076,0.135,22.25,19.85,23.86,32.42,21.8,18.24,25.97,44.89
"2023-03-27 19:00:00",76,"Site 2",30.5498,-96.4115,75,13.51,0.335,0.309,0.35,0.442,27.2,26.1,22.37,19.7,81,78.93,72.27,67.5,0.06,0.05,0.074,0.125,0.058,0.05,0.077,0.135,22.26,20.04,23.57,32.42,21.48,18.15,26.56,44.89
"2023-03-27 20:00:00",77,"Site 2",30.5498,-96.4115,75,12.76,0.331,0.307,0.35,0.442,26.33,25.7,22.73,19.7,79.37,78.33,72.87,67.5,0.059,0.05,0.074,0.125,0.058,0.05,0.076,0.135,21.93,19.91,23.59,32.42,21.33,18.17,26.58,44.89
"2023-03-27 21:00:00",78,"Site 2",30.5498,-96.4115,75,12.7,0.332,0.303,0.351,0.442,25.2,25,22.8,19.77,77.43,76.97,73,67.6,0.058,0.051,0.074,0.125,0.057,0.051,0.076,0.135,21.95,19.51,23.6,32.43,20.71,18.21,26.59,44.91
"2023-03-27 22:00:00",79,"Site 2",30.5498,-96.4115,75,12.66,0.328,0.303,0.351,0.442,24.27,24.17,22.8,19.9,75.67,75.5,73,67.8,0.057,0.049,0.074,0.125,0.058,0.05,0.076,0.135,21.63,19.61,23.6,32.43,20.57,17.86,26.59,44.91
"2023-03-27 23:00:00",80,"Site 2",30.5498,-96.4115,75,12.64,0.329,0.302,0.35,0.442,23.57,23.63,22.8,19.9,74.43,74.57,73,67.8,0.056,0.05,0.074,0.125,0.057,0.051,0.076,0.135,21.68,19.45,23.59,32.45,20.13,17.71,26.58,44.93
"2023-03-28 00:00:00",81,"Site 2",30.5498,-96.4115,75,12.61,0.327,0.301,0.349,0.442,23.1,23.2,22.6,20.03,73.57,73.73,72.6,68.07,0.056,0.049,0.074,0.125,0.057,0.05,0.076,0.135,21.54,19.43,23.49,32.46,19.99,17.54,26.47,44.94
"2023-03-28 01:00:00",82,"Site 2",30.5498,-96.4115,75,12.59,0.324,0.302,0.344,0.442,22.73,22.8,22.4,20.1,72.87,73,72.3,68.2,0.056,0.048,0.074,0.125,0.058,0.05,0.077,0.134,21.28,19.52,23.05,32.47,20.05,17.35,26.69,44.95
"2023-03-28 02:00:00",83,"Site 2",30.5498,-96.4115,75,12.56,0.325,0.3,0.347,0.442,22.3,22.47,22.2,20.1,72.17,72.4,72.03,68.2,0.055,0.048,0.073,0.125,0.057,0.05,0.076,0.134,21.42,19.33,23.3,32.48,19.73,17.31,26.26,44.96
"2023-03-28 03:00:00",84,"Site 2",30.5498,-96.4115,75,12.53,0.325,0.299,0.347,0.442,21.83,22.03,22.03,20.17,71.37,71.77,71.77,68.3,0.054,0.048,0.073,0.125,0.057,0.05,0.076,0.134,21.38,19.21,23.29,32.48,19.55,17.19,26.24,44.97
"2023-03-28 04:00:00",85,"Site 2",30.5498,-96.4115,75,12.49,0.323,0.297,0.35,0.442,21.57,21.77,21.9,20.3,70.83,71.23,71.5,68.5,0.054,0.048,0.072,0.125,0.057,0.05,0.075,0.134,21.18,19.08,23.52,32.49,19.5,17.18,25.82,44.98
"2023-03-28 05:00:00",86,"Site 2",30.5498,-96.4115,75,12.46,0.324,0.298,0.349,0.442,21.23,21.43,21.7,20.3,70.2,70.57,71.1,68.5,0.053,0.047,0.072,0.125,0.057,0.05,0.075,0.134,21.27,19.17,23.51,32.5,19.3,17,25.81,44.99
"2023-03-28 06:00:00",87,"Site 2",30.5498,-96.4115,75,12.42,0.323,0.299,0.343,0.442,20.83,21.17,21.5,20.3,69.47,70.1,70.7,68.5,0.053,0.047,0.072,0.125,0.057,0.05,0.076,0.134,21.18,19.2,22.91,32.5,19.22,16.9,26.06,44.99
"2023-03-28 07:00:00",88,"Site 2",30.5498,-96.4115,75,12.39,0.32,0.293,0.344,0.442,20.57,20.83,21.37,20.37,69,69.47,70.43,68.63,0.054,0.047,0.072,0.125,0.057,0.05,0.076,0.134,20.98,18.81,22.99,32.51,19.17,17.06,25.91,45
"2023-03-28 08:00:00",89,"Site 2",30.5498,-96.4115,75,12.39,0.322,0.295,0.344,0.442,20.17,20.5,21.17,20.43,68.3,68.9,70.1,68.77,0.053,0.046,0.072,0.125,0.057,0.05,0.076,0.134,21.12,18.95,23.05,32.51,18.87,16.79,25.76,45
"2023-03-28 09:00:00",90,"Site 2",30.5498,-96.4115,75,12.58,0.323,0.296,0.346,0.442,19.83,20.23,21.03,20.5,67.7,68.4,69.87,68.9,0.052,0.046,0.071,0.125,0.056,0.05,0.075,0.134,21.2,18.99,23.21,32.51,18.67,16.69,25.48,45
"2023-03-28 10:00:00",91,"Site 2",30.5498,-96.4115,75,12.92,0.319,0.298,0.348,0.442,19.7,20.03,20.83,20.5,67.5,68.07,69.47,68.9,0.053,0.046,0.07,0.125,0.057,0.049,0.074,0.134,20.86,19.13,23.35,32.51,18.92,16.43,25.2,45
"2023-03-28 11:00:00",92,"Site 2",30.5498,-96.4115,75,13.15,0.322,0.298,0.348,0.442,19.9,19.97,20.63,20.5,67.83,67.93,69.1,68.9,0.052,0.046,0.07,0.125,0.056,0.049,0.074,0.134,21.16,19.13,23.42,32.51,18.77,16.43,25.06,45
"2023-03-28 12:00:00",93,"Site 2",30.5498,-96.4115,75,13.59,0.321,0.296,0.34,0.442,20.83,20.5,20.5,20.5,69.5,68.87,68.9,68.9,0.054,0.046,0.071,0.125,0.057,0.05,0.076,0.134,21.07,19,22.68,32.51,19.25,16.7,25.58,45.01
"2023-03-28 13:00:00",94,"Site 2",30.5498,-96.4115,75,13.61,0.326,0.296,0.343,0.442,22.13,21.23,20.5,20.5,71.87,70.2,68.9,68.9,0.054,0.047,0.071,0.125,0.057,0.05,0.075,0.134,21.42,19.02,22.93,32.51,19.6,17,25.41,45
"2023-03-28 14:00:00",95,"Site 2",30.5498,-96.4115,75,13.59,0.326,0.3,0.348,0.442,23.47,22.3,20.77,20.43,74.27,72.13,69.33,68.77,0.056,0.047,0.07,0.125,0.057,0.05,0.074,0.134,21.46,19.31,23.35,32.51,20.24,17.15,25.2,45
"2023-03-28 15:00:00",96,"Site 2",30.5498,-96.4115,75,13.6,0.327,0.298,0.344,0.442,24.97,23.47,21.03,20.5,76.97,74.27,69.87,68.9,0.058,0.049,0.072,0.125,0.058,0.05,0.076,0.134,21.57,19.19,23.05,32.51,20.82,17.59,25.76,45
"2023-03-28 16:00:00",97,"Site 2",30.5498,-96.4115,75,13.57,0.33,0.302,0.347,0.442,26.33,24.73,21.5,20.3,79.37,76.53,70.7,68.5,0.059,0.049,0.072,0.125,0.058,0.05,0.075,0.134,21.8,19.49,23.33,32.51,21.2,17.75,25.84,45
"2023-03-28 17:00:00",98,"Site 2",30.5498,-96.4115,75,13.58,0.328,0.302,0.349,0.442,27.1,25.53,21.97,20.3,80.8,78.03,71.63,68.5,0.061,0.05,0.072,0.125,0.059,0.05,0.075,0.134,21.6,19.48,23.5,32.51,21.66,18.03,26.03,45
"2023-03-28 18:00:00",99,"Site 2",30.5498,-96.4115,75,13.57,0.33,0.3,0.35,0.442,27,25.9,22.53,20.3,80.7,78.6,72.5,68.5,0.06,0.051,0.073,0.125,0.058,0.05,0.076,0.134,21.77,19.33,23.56,32.51,21.33,18.33,26.34,45
"2023-03-28 19:00:00",100,"Site 2",30.5498,-96.4115,75,13,0.326,0.301,0.349,0.442,26.27,25.53,22.87,20.3,79.23,78.03,73.13,68.5,0.059,0.05,0.074,0.125,0.058,0.05,0.076,0.134,21.45,19.37,23.5,32.51,21.18,18.07,26.5,45
"2023-03-28 20:00:00",101,"Site 2",30.5498,-96.4115,75,12.73,0.325,0.299,0.347,0.442,25,24.9,23,20.37,76.97,76.83,73.4,68.63,0.057,0.05,0.075,0.125,0.057,0.05,0.077,0.134,21.4,19.22,23.25,32.51,20.49,17.92,26.93,45
"2023-03-28 21:00:00",102,"Site 2",30.5498,-96.4115,75,12.68,0.323,0.298,0.35,0.442,23.8,23.93,23,20.5,74.83,75.1,73.4,68.9,0.056,0.049,0.074,0.125,0.057,0.05,0.076,0.134,21.25,19.17,23.51,32.51,20.03,17.58,26.51,45
"2023-03-28 22:00:00",103,"Site 2",30.5498,-96.4115,75,12.64,0.322,0.3,0.351,0.443,22.8,23.1,22.87,20.5,73,73.57,73.13,68.9,0.055,0.047,0.073,0.125,0.057,0.049,0.075,0.134,21.12,19.29,23.66,32.52,19.76,17.14,26.22,45.01
"2023-03-28 23:00:00",104,"Site 2",30.5498,-96.4115,75,12.61,0.323,0.298,0.344,0.443,22.07,22.43,22.6,20.5,71.77,72.37,72.6,68.9,0.054,0.047,0.074,0.125,0.056,0.049,0.076,0.134,21.18,19.18,23.05,32.52,19.37,17.03,26.47,45.02
"2023-03-29 00:00:00",105,"Site 2",30.5498,-96.4115,75,12.59,0.32,0.293,0.347,0.443,21.3,21.9,22.3,20.5,70.33,71.5,72.17,68.9,0.054,0.047,0.073,0.125,0.056,0.05,0.075,0.134,20.95,18.79,23.29,32.53,19.15,17.05,26.04,45.03
"2023-03-29 01:00:00",106,"Site 2",30.5498,-96.4115,75,12.56,0.322,0.295,0.349,0.443,20.9,21.3,21.97,20.57,69.6,70.33,71.63,69,0.053,0.047,0.072,0.125,0.056,0.05,0.075,0.134,21.08,18.87,23.43,32.54,18.85,16.86,25.74,45.04
"2023-03-29 02:00:00",107,"Site 2",30.5498,-96.4115,75,12.53,0.319,0.297,0.347,0.441,20.37,20.9,21.77,20.7,68.63,69.6,71.23,69.2,0.052,0.046,0.071,0.126,0.056,0.049,0.075,0.135,20.87,19.05,23.32,32.34,18.8,16.5,25.63,45.35
"2023-03-29 03:00:00",108,"Site 2",30.5498,-96.4115,75,12.5,0.319,0.295,0.344,0.437,19.97,20.5,21.43,20.7,67.93,68.87,70.57,69.2,0.052,0.046,0.072,0.128,0.056,0.049,0.075,0.136,20.84,18.93,22.98,31.95,18.63,16.52,25.7,45.99
"2023-03-29 04:00:00",109,"Site 2",30.5498,-96.4115,75,12.46,0.32,0.293,0.345,0.442,19.63,20.17,21.23,20.7,67.37,68.3,70.2,69.2,0.051,0.046,0.071,0.127,0.056,0.049,0.075,0.135,20.97,18.75,23.13,32.49,18.34,16.48,25.41,45.6
"2023-03-29 05:00:00",110,"Site 2",30.5498,-96.4115,75,12.43,0.315,0.291,0.348,0.444,19.3,19.83,21.03,20.7,66.77,67.7,69.87,69.2,0.051,0.045,0.069,0.126,0.056,0.049,0.074,0.134,20.57,18.63,23.34,32.67,18.51,16.34,25,45.3
"2023-03-29 06:00:00",111,"Site 2",30.5498,-96.4115,75,12.4,0.317,0.292,0.347,0.437,19.03,19.57,20.77,20.7,66.3,67.23,69.33,69.2,0.051,0.045,0.069,0.128,0.056,0.049,0.074,0.136,20.71,18.67,23.32,31.95,18.23,16.25,24.98,45.99
"2023-03-29 07:00:00",112,"Site 2",30.5498,-96.4115,75,12.37,0.317,0.294,0.346,0.437,18.83,19.23,20.57,20.7,65.9,66.67,69,69.2,0.051,0.045,0.069,0.128,0.056,0.049,0.074,0.136,20.7,18.84,23.17,31.95,18.22,16.03,24.82,45.99
"2023-03-29 08:00:00",113,"Site 2",30.5498,-96.4115,75,12.35,0.317,0.29,0.34,0.437,18.67,19.03,20.3,20.7,65.53,66.3,68.5,69.2,0.05,0.045,0.07,0.128,0.055,0.049,0.075,0.136,20.67,18.54,22.69,31.95,18.06,16.12,25.15,45.99
"2023-03-29 09:00:00",114,"Site 2",30.5498,-96.4115,75,12.37,0.314,0.289,0.341,0.442,18.4,18.87,20.17,20.7,65.1,66,68.3,69.2,0.05,0.045,0.07,0.127,0.055,0.049,0.075,0.135,20.49,18.43,22.75,32.49,18.03,16.14,25.01,45.6
"2023-03-29 10:00:00",115,"Site 2",30.5498,-96.4115,75,12.85,0.314,0.29,0.341,0.439,18.4,18.8,19.97,20.7,65.1,65.8,67.93,69.2,0.05,0.045,0.069,0.127,0.056,0.049,0.075,0.135,20.49,18.47,22.77,32.14,18.03,16.05,24.81,45.67
"2023-03-29 11:00:00",116,"Site 2",30.5498,-96.4115,75,12.91,0.317,0.289,0.34,0.447,18.77,18.83,19.77,20.7,65.77,65.9,67.6,69.2,0.05,0.045,0.069,0.126,0.055,0.049,0.075,0.134,20.68,18.42,22.64,33.02,18.07,16.14,24.86,45.2
"2023-03-29 12:00:00",117,"Site 2",30.5498,-96.4115,75,13.25,0.317,0.292,0.341,0.447,20.03,19.43,19.7,20.5,68.07,67,67.5,68.9,0.052,0.045,0.068,0.126,0.056,0.049,0.074,0.134,20.69,18.69,22.79,33.01,18.77,16.14,24.6,45.18
"2023-03-29 13:00:00",118,"Site 2",30.5498,-96.4115,75,13.57,0.32,0.294,0.341,0.441,22,20.77,19.77,20.5,71.6,69.33,67.6,68.9,0.054,0.046,0.069,0.126,0.057,0.049,0.075,0.135,20.96,18.83,22.77,32.33,19.45,16.55,24.8,45.34
"2023-03-29 14:00:00",119,"Site 2",30.5498,-96.4115,75,13.56,0.321,0.297,0.343,0.442,23.73,22.2,20.1,20.5,74.7,72,68.17,68.9,0.056,0.047,0.07,0.127,0.057,0.049,0.075,0.136,21.04,19.03,22.88,32.46,20.14,16.88,24.94,45.56
"2023-03-29 15:00:00",120,"Site 2",30.5498,-96.4115,75,13.57,0.324,0.294,0.346,0.441,24.77,23.27,20.63,20.5,76.53,73.87,69.1,68.9,0.056,0.048,0.07,0.126,0.057,0.05,0.074,0.135,21.26,18.85,23.24,32.32,20.37,17.4,25.11,45.32
"2023-03-29 16:00:00",121,"Site 2",30.5498,-96.4115,75,13.56,0.324,0.294,0.344,0.447,25.03,23.83,21.1,20.5,77.13,74.97,69.97,68.9,0.056,0.048,0.071,0.124,0.056,0.05,0.075,0.133,21.28,18.82,23.04,33.02,20.38,17.51,25.54,44.62
"2023-03-29 17:00:00",122,"Site 2",30.5498,-96.4115,75,13.62,0.322,0.294,0.35,0.447,24.97,23.9,21.43,20.37,76.97,75.1,70.57,68.63,0.057,0.049,0.07,0.124,0.057,0.05,0.074,0.133,21.14,18.77,23.56,33.02,20.4,17.61,25.44,44.62
"2023-03-29 18:00:00",123,"Site 2",30.5498,-96.4115,75,13.1,0.322,0.295,0.348,0.442,24.6,23.9,21.77,20.37,76.23,75.1,71.23,68.63,0.056,0.048,0.072,0.125,0.057,0.049,0.075,0.134,21.11,18.88,23.42,32.51,20.21,17.43,25.73,45
"2023-03-29 19:00:00",124,"Site 2",30.5498,-96.4115,75,12.78,0.318,0.294,0.349,0.447,23.93,23.63,21.9,20.3,75.1,74.57,71.5,68.5,0.056,0.048,0.072,0.124,0.057,0.05,0.075,0.133,20.82,18.87,23.43,33.02,20.09,17.42,25.74,44.62
"2023-03-29 20:00:00",125,"Site 2",30.5498,-96.4115,75,12.72,0.321,0.296,0.349,0.447,23.27,23.2,21.97,20.3,73.87,73.73,71.63,68.5,0.055,0.048,0.072,0.124,0.056,0.049,0.075,0.133,21.02,19.01,23.43,33.02,19.66,17.14,25.74,44.62
"2023-03-29 21:00:00",126,"Site 2",30.5498,-96.4115,75,12.68,0.319,0.295,0.344,0.442,22.8,22.73,21.9,20.43,73,72.87,71.5,68.77,0.054,0.047,0.072,0.125,0.056,0.049,0.075,0.134,20.85,18.87,23.02,32.51,19.51,17,25.96,45
"2023-03-29 22:00:00",127,"Site 2",30.5498,-96.4115,75,12.65,0.318,0.294,0.343,0.442,22.13,22.3,21.9,20.5,71.9,72.17,71.5,68.9,0.053,0.047,0.072,0.125,0.056,0.049,0.075,0.134,20.81,18.85,22.93,32.51,19.33,16.85,25.86,45
"2023-03-29 23:00:00",128,"Site 2",30.5498,-96.4115,75,12.61,0.321,0.292,0.343,0.442,21.77,21.9,21.83,20.5,71.23,71.5,71.37,68.9,0.053,0.047,0.072,0.125,0.055,0.049,0.075,0.134,21,18.67,22.92,32.51,18.93,16.8,25.85,45.01
"2023-03-30 00:00:00",129,"Site 2",30.5498,-96.4115,75,12.59,0.315,0.291,0.346,0.443,21.37,21.57,21.7,20.5,70.43,70.83,71.1,68.9,0.053,0.047,0.071,0.125,0.056,0.049,0.074,0.134,20.58,18.6,23.16,32.52,19.1,16.74,25.44,45.02
"2023-03-30 01:00:00",130,"Site 2",30.5498,-96.4115,75,12.56,0.317,0.292,0.345,0.443,21.03,21.3,21.5,20.5,69.87,70.3,70.7,68.9,0.052,0.046,0.071,0.125,0.055,0.048,0.074,0.134,20.72,18.69,23.14,32.52,18.81,16.55,25.43,45.02
"2023-03-30 02:00:00",131,"Site 2",30.5498,-96.4115,75,12.53,0.317,0.293,0.347,0.443,20.77,21.03,21.3,20.5,69.33,69.87,70.3,68.9,0.052,0.046,0.07,0.125,0.055,0.049,0.074,0.134,20.69,18.73,23.29,32.53,18.64,16.46,25.15,45.03
"2023-03-30 03:00:00",132,"Site 2",30.5498,-96.4115,75,12.49,0.314,0.291,0.34,0.443,20.37,20.63,21.17,20.5,68.63,69.1,70.1,68.9,0.051,0.045,0.071,0.125,0.055,0.048,0.075,0.134,20.5,18.64,22.63,32.53,18.59,16.36,25.53,45.03
"2023-03-30 04:00:00",133,"Site 2",30.5498,-96.4115,75,12.46,0.315,0.292,0.342,0.443,20.17,20.43,21.03,20.5,68.3,68.77,69.87,68.9,0.051,0.045,0.07,0.125,0.055,0.049,0.074,0.134,20.54,18.64,22.86,32.53,18.49,16.23,25.12,45.03
"2023-03-30 05:00:00",134,"Site 2",30.5498,-96.4115,75,12.43,0.315,0.292,0.342,0.444,20.03,20.3,20.9,20.57,68.07,68.5,69.6,69,0.051,0.045,0.07,0.126,0.055,0.048,0.074,0.135,20.53,18.69,22.85,32.67,18.49,16.14,25.12,45.26
"2023-03-30 06:00:00",135,"Site 2",30.5498,-96.4115,75,12.4,0.316,0.289,0.342,0.443,19.9,20.1,20.7,20.5,67.8,68.2,69.2,68.9,0.051,0.046,0.07,0.125,0.055,0.049,0.074,0.134,20.59,18.42,22.84,32.53,18.26,16.28,25.11,45.03
"2023-03-30 07:00:00",136,"Site 2",30.5498,-96.4115,75,12.37,0.315,0.287,0.344,0.437,19.83,19.97,20.57,20.5,67.7,67.93,69,68.9,0.051,0.046,0.069,0.128,0.055,0.049,0.073,0.137,20.51,18.26,22.99,31.93,18.33,16.39,24.84,45.96
"2023-03-30 08:00:00",137,"Site 2",30.5498,-96.4115,75,12.37,0.313,0.287,0.344,0.441,19.7,19.9,20.5,20.5,67.5,67.8,68.9,68.9,0.052,0.046,0.069,0.126,0.056,0.049,0.073,0.135,20.34,18.26,23.06,32.33,18.45,16.38,24.7,45.34
"2023-03-30 09:00:00",138,"Site 2",30.5498,-96.4115,75,12.59,0.313,0.287,0.344,0.441,19.77,19.9,20.3,20.5,67.6,67.8,68.5,68.9,0.052,0.046,0.069,0.126,0.056,0.049,0.074,0.135,20.35,18.25,23.05,32.33,18.45,16.38,24.7,45.34
"2023-03-30 10:00:00",139,"Site 2",30.5498,-96.4115,75,13.01,0.316,0.287,0.346,0.446,20.1,19.97,20.3,20.5,68.17,67.93,68.5,68.9,0.051,0.046,0.068,0.125,0.055,0.049,0.073,0.134,20.6,18.26,23.2,32.87,18.41,16.39,24.43,44.95
"2023-03-30 11:00:00",140,"Site 2",30.5498,-96.4115,75,12.93,0.317,0.291,0.347,0.449,21.03,20.5,20.3,20.5,69.83,68.87,68.5,68.9,0.052,0.045,0.068,0.125,0.055,0.049,0.072,0.133,20.67,18.58,23.27,33.18,18.75,16.3,24.31,44.88
"2023-03-30 12:00:00",141,"Site 2",30.5498,-96.4115,75,13.03,0.317,0.293,0.344,0.447,21.5,21.03,20.37,20.5,70.7,69.87,68.63,68.9,0.052,0.046,0.069,0.125,0.055,0.049,0.074,0.134,20.75,18.72,23.05,33,18.83,16.46,24.7,45.17
"2023-03-30 13:00:00",142,"Site 2",30.5498,-96.4115,75,13.05,0.315,0.293,0.344,0.439,21.9,21.37,20.5,20.5,71.5,70.43,68.9,68.9,0.054,0.046,0.069,0.127,0.056,0.048,0.073,0.136,20.57,18.74,23.06,32.12,19.23,16.47,24.7,45.64
"2023-03-30 14:00:00",143,"Site 2",30.5498,-96.4115,75,13.31,0.315,0.291,0.343,0.446,22.4,21.83,20.63,20.5,72.3,71.37,69.1,68.9,0.054,0.047,0.07,0.125,0.056,0.049,0.074,0.134,20.53,18.6,22.92,32.86,19.34,16.74,24.97,44.94
"2023-03-30 15:00:00",144,"Site 2",30.5498,-96.4115,75,13.38,0.317,0.29,0.342,0.447,22.8,22.03,20.83,20.5,73,71.77,69.47,68.9,0.054,0.047,0.07,0.124,0.056,0.049,0.074,0.133,20.73,18.56,22.85,33.03,19.39,16.84,25.12,44.63
"2023-03-30 16:00:00",145,"Site 2",30.5498,-96.4115,75,13.36,0.318,0.29,0.34,0.447,23.43,22.6,21.03,20.5,74.17,72.63,69.87,68.9,0.054,0.047,0.071,0.124,0.056,0.049,0.075,0.133,20.77,18.48,22.71,33.02,19.57,17.02,25.39,44.62
"2023-03-30 17:00:00",146,"Site 2",30.5498,-96.4115,75,12.99,0.318,0.289,0.34,0.442,23.57,22.87,21.23,20.5,74.43,73.13,70.2,68.9,0.054,0.048,0.071,0.125,0.056,0.05,0.075,0.134,20.78,18.38,22.64,32.51,19.58,17.21,25.54,45
"2023-03-30 18:00:00",147,"Site 2",30.5498,-96.4115,75,13.12,0.319,0.291,0.346,0.447,23.57,23,21.43,20.5,74.43,73.4,70.57,68.9,0.054,0.047,0.071,0.124,0.056,0.049,0.074,0.133,20.88,18.55,23.22,33.02,19.53,17.1,25.29,44.62
"2023-03-30 19:00:00",148,"Site 2",30.5498,-96.4115,75,12.8,0.318,0.291,0.343,0.442,23.5,23,21.5,20.5,74.3,73.4,70.7,68.9,0.054,0.048,0.071,0.125,0.056,0.049,0.075,0.134,20.78,18.57,22.9,32.51,19.57,17.13,25.61,45
"2023-03-30 20:00:00",149,"Site 2",30.5498,-96.4115,75,12.73,0.316,0.291,0.343,0.442,23.27,22.87,21.7,20.5,73.87,73.13,71.1,68.9,0.054,0.047,0.071,0.125,0.056,0.049,0.075,0.134,20.62,18.58,22.91,32.51,19.58,16.99,25.62,45
"2023-03-30 21:00:00",150,"Site 2",30.5498,-96.4115,75,12.68,0.314,0.29,0.337,0.442,22.87,22.67,21.7,20.5,73.13,72.73,71.1,68.9,0.054,0.047,0.072,0.125,0.056,0.049,0.076,0.134,20.49,18.48,22.42,32.51,19.45,17.03,25.97,45
"2023-03-30 22:00:00",151,"Site 2",30.5498,-96.4115,75,12.64,0.314,0.291,0.339,0.443,22.53,22.47,21.7,20.5,72.5,72.4,71.1,68.9,0.054,0.047,0.071,0.125,0.056,0.048,0.075,0.134,20.41,18.63,22.59,32.52,19.37,16.76,25.7,45.01
"2023-03-30 23:00:00",152,"Site 2",30.5498,-96.4115,75,12.6,0.314,0.292,0.34,0.443,22.2,22.1,21.7,20.5,72.03,71.9,71.1,68.9,0.054,0.046,0.071,0.125,0.056,0.048,0.075,0.134,20.43,18.72,22.67,32.52,19.24,16.58,25.56,45.02
"2023-03-31 00:00:00",153,"Site 2",30.5498,-96.4115,75,12.57,0.312,0.287,0.34,0.443,21.97,21.9,21.63,20.5,71.63,71.5,70.97,68.9,0.053,0.047,0.071,0.125,0.056,0.049,0.075,0.134,20.32,18.29,22.66,32.52,19.13,16.83,25.56,45.02
"2023-03-31 01:00:00",154,"Site 2",30.5498,-96.4115,75,12.54,0.313,0.288,0.34,0.443,21.9,21.9,21.5,20.5,71.5,71.5,70.7,68.9,0.053,0.046,0.071,0.125,0.056,0.048,0.075,0.134,20.4,18.39,22.66,32.52,19.07,16.66,25.55,45.02
"2023-03-31 02:00:00",155,"Site 2",30.5498,-96.4115,75,12.51,0.312,0.289,0.341,0.443,21.77,21.7,21.5,20.5,71.23,71.1,70.7,68.9,0.053,0.046,0.071,0.125,0.056,0.048,0.075,0.134,20.31,18.44,22.73,32.53,19.12,16.57,25.42,45.03
"2023-03-31 03:00:00",156,"Site 2",30.5498,-96.4115,75,12.48,0.312,0.289,0.343,0.446,21.7,21.7,21.5,20.5,71.1,71.1,70.7,68.9,0.053,0.046,0.07,0.125,0.056,0.048,0.074,0.134,20.31,18.43,22.89,32.87,19.12,16.57,25.15,44.95
"2023-03-31 04:00:00",157,"Site 2",30.5498,-96.4115,75,12.45,0.312,0.289,0.342,0.441,21.7,21.7,21.37,20.5,71.1,71.1,70.43,68.9,0.053,0.046,0.07,0.126,0.056,0.048,0.074,0.135,20.31,18.43,22.89,32.33,19.12,16.56,25.15,45.34
"2023-03-31 05:00:00",158,"Site 2",30.5498,-96.4115,75,12.42,0.314,0.289,0.342,0.441,21.7,21.63,21.3,20.63,71.1,70.97,70.3,69.1,0.052,0.046,0.07,0.126,0.055,0.048,0.074,0.135,20.46,18.43,22.89,32.33,18.83,16.56,25.15,45.34
"2023-03-31 06:00:00",159,"Site 2",30.5498,-96.4115,75,12.4,0.313,0.289,0.342,0.443,21.7,21.57,21.3,20.57,71.1,70.83,70.3,69,0.052,0.046,0.07,0.125,0.055,0.048,0.074,0.134,20.39,18.43,22.88,32.54,18.91,16.56,25.14,45.04
"2023-03-31 07:00:00",160,"Site 2",30.5498,-96.4115,75,12.38,0.314,0.289,0.342,0.446,21.7,21.5,21.3,20.63,71.1,70.7,70.3,69.1,0.052,0.046,0.07,0.125,0.055,0.048,0.074,0.134,20.46,18.43,22.88,32.88,18.83,16.56,25.14,44.96
"2023-03-31 08:00:00",161,"Site 2",30.5498,-96.4115,75,12.39,0.309,0.29,0.342,0.443,21.7,21.5,21.3,20.7,71.1,70.7,70.3,69.2,0.053,0.046,0.07,0.125,0.056,0.049,0.074,0.134,20.04,18.48,22.88,32.54,19.16,16.47,25.14,45.04
"2023-03-31 09:00:00",162,"Site 2",30.5498,-96.4115,75,12.49,0.313,0.29,0.342,0.457,21.7,21.5,21.3,20.7,71.1,70.7,70.3,69.2,0.052,0.046,0.07,0.122,0.055,0.049,0.074,0.13,20.39,18.48,22.88,34.08,18.91,16.47,25.14,43.9
"2023-03-31 10:00:00",163,"Site 2",30.5498,-96.4115,75,12.87,0.315,0.289,0.342,0.444,21.97,21.7,21.3,20.7,71.63,71.1,70.3,69.2,0.053,0.046,0.07,0.126,0.055,0.048,0.074,0.134,20.56,18.43,22.88,32.66,18.94,16.56,25.14,45.29
"2023-03-31 11:00:00",164,"Site 2",30.5498,-96.4115,75,13.06,0.314,0.288,0.342,0.452,22.6,21.97,21.3,20.7,72.63,71.63,70.3,69.2,0.054,0.047,0.07,0.125,0.055,0.049,0.074,0.133,20.43,18.34,22.88,33.56,19.24,16.75,25.14,44.81
"2023-03-31 12:00:00",165,"Site 2",30.5498,-96.4115,75,13.27,0.316,0.291,0.342,0.452,23.2,22.47,21.3,20.7,73.73,72.4,70.3,69.2,0.054,0.047,0.07,0.125,0.055,0.048,0.074,0.133,20.63,18.57,22.89,33.56,19.45,16.7,25.14,44.81
"2023-03-31 13:00:00",166,"Site 2",30.5498,-96.4115,75,13.47,0.316,0.294,0.343,0.452,24.1,23.03,21.5,20.7,75.37,73.43,70.7,69.2,0.055,0.047,0.07,0.125,0.056,0.048,0.074,0.133,20.62,18.82,22.9,33.56,19.74,16.82,25.15,44.81
"2023-03-31 14:00:00",167,"Site 2",30.5498,-96.4115,75,13.09,0.319,0.292,0.341,0.452,24.9,23.7,21.77,20.7,76.83,74.7,71.23,69.2,0.056,0.048,0.071,0.125,0.056,0.049,0.074,0.133,20.87,18.69,22.75,33.56,19.98,17.11,25.43,44.81
"2023-03-31 15:00:00",168,"Site 2",30.5498,-96.4115,75,13.45,0.316,0.291,0.338,0.447,25.57,24.33,21.97,20.7,78,75.77,71.63,69.2,0.057,0.048,0.072,0.126,0.056,0.049,0.075,0.134,20.59,18.6,22.52,33.02,20.33,17.3,25.86,45.2
"2023-03-31 16:00:00",169,"Site 2",30.5498,-96.4115,75,13.43,0.317,0.293,0.341,0.452,26.93,25.3,22.3,20.7,80.5,77.57,72.17,69.2,0.058,0.049,0.072,0.125,0.056,0.049,0.075,0.133,20.69,18.72,22.71,33.56,20.92,17.57,25.84,44.81
"2023-03-31 17:00:00",170,"Site 2",30.5498,-96.4115,75,13.43,0.318,0.295,0.344,0.453,28.2,26.43,22.73,20.7,82.8,79.53,72.87,69.2,0.059,0.05,0.072,0.125,0.057,0.049,0.074,0.133,20.8,18.92,22.99,33.57,21.38,17.78,25.92,44.81
"2023-03-31 18:00:00",171,"Site 2",30.5498,-96.4115,75,13.42,0.318,0.294,0.341,0.453,28.6,27,23.27,20.7,83.5,80.7,73.87,69.2,0.06,0.05,0.073,0.125,0.057,0.049,0.075,0.133,20.77,18.84,22.76,33.57,21.53,17.98,26.36,44.82
"2023-03-31 19:00:00",172,"Site 2",30.5498,-96.4115,75,13.41,0.32,0.294,0.343,0.453,28.5,27.2,23.63,20.7,83.3,81,74.57,69.2,0.059,0.051,0.074,0.125,0.056,0.049,0.075,0.133,20.95,18.79,22.94,33.57,21.2,18.09,26.59,44.82
"2023-03-31 20:00:00",173,"Site 2",30.5498,-96.4115,75,12.78,0.319,0.295,0.342,0.453,27.77,26.93,24,20.7,82,80.5,75.23,69.2,0.058,0.05,0.074,0.125,0.056,0.049,0.075,0.133,20.84,18.89,22.82,33.58,20.92,17.89,26.68,44.83
"2023-03-31 21:00:00",174,"Site 2",30.5498,-96.4115,75,12.73,0.317,0.292,0.342,0.453,26.77,26.43,24.2,20.83,80.2,79.53,75.5,69.47,0.057,0.05,0.074,0.125,0.056,0.049,0.075,0.133,20.67,18.69,22.83,33.59,20.58,17.84,26.69,44.84
"2023-03-31 22:00:00",175,"Site 2",30.5498,-96.4115,75,12.68,0.315,0.293,0.343,0.453,25.9,25.7,24.2,20.9,78.63,78.33,75.5,69.6,0.057,0.049,0.074,0.125,0.056,0.049,0.075,0.133,20.55,18.72,22.97,33.59,20.31,17.58,26.62,44.84
"2023-03-31 23:00:00",176,"Site 2",30.5498,-96.4115,75,12.65,0.316,0.295,0.344,0.453,25.13,25.13,24.1,20.9,77.27,77.27,75.37,69.6,0.055,0.048,0.074,0.125,0.055,0.048,0.075,0.133,20.6,18.86,23.06,33.6,19.89,17.29,26.47,44.86
"2023-04-01 00:00:00",177,"Site 2",30.5498,-96.4115,75,12.61,0.316,0.29,0.346,0.448,24.43,24.6,23.9,21.03,75.93,76.23,75.1,69.87,0.054,0.048,0.073,0.126,0.055,0.048,0.074,0.133,20.61,18.55,23.22,33.07,19.59,17.27,26.18,45.26
"2023-04-01 01:00:00",178,"Site 2",30.5498,-96.4115,75,12.58,0.313,0.291,0.346,0.453,23.77,23.93,23.7,21.1,74.83,75.1,74.7,70,0.054,0.047,0.073,0.125,0.055,0.048,0.074,0.132,20.34,18.6,23.2,33.63,19.46,17.03,26.17,44.88
"2023-04-01 02:00:00",179,"Site 2",30.5498,-96.4115,75,12.55,0.311,0.289,0.343,0.448,23.27,23.5,23.57,21.1,73.87,74.3,74.43,70,0.054,0.047,0.073,0.126,0.055,0.048,0.074,0.133,20.19,18.45,22.93,33.1,19.31,16.87,26.1,45.29
"2023-04-01 03:00:00",180,"Site 2",30.5498,-96.4115,75,12.52,0.309,0.286,0.341,0.453,22.73,23.03,23.3,21.17,72.87,73.43,73.9,70.1,0.053,0.047,0.073,0.125,0.055,0.048,0.075,0.132,20.04,18.22,22.75,33.64,19.16,16.91,26.13,44.9
"2023-04-01 04:00:00",181,"Site 2",30.5498,-96.4115,75,12.48,0.308,0.288,0.343,0.451,22.13,22.6,23,21.3,71.9,72.63,73.4,70.3,0.053,0.046,0.072,0.126,0.055,0.048,0.074,0.133,20.01,18.36,22.9,33.46,18.98,16.64,25.84,45.22
"2023-04-01 05:00:00",182,"Site 2",30.5498,-96.4115,75,12.45,0.308,0.288,0.344,0.453,21.7,22.03,22.8,21.3,71.1,71.77,73,70.3,0.052,0.046,0.071,0.125,0.055,0.048,0.073,0.132,19.91,18.39,23,33.66,18.74,16.54,25.49,44.92
"2023-04-01 06:00:00",183,"Site 2",30.5498,-96.4115,75,12.41,0.307,0.285,0.34,0.45,21.1,21.63,22.53,21.3,69.97,70.97,72.5,70.3,0.052,0.046,0.071,0.127,0.055,0.048,0.074,0.134,19.89,18.11,22.7,33.29,18.57,16.52,25.62,45.55
"2023-04-01 07:00:00",184,"Site 2",30.5498,-96.4115,75,12.37,0.307,0.287,0.339,0.451,20.7,21.23,22.2,21.3,69.23,70.2,72.03,70.3,0.051,0.045,0.071,0.126,0.055,0.048,0.074,0.133,19.85,18.24,22.61,33.48,18.4,16.26,25.51,45.24
"2023-04-01 08:00:00",185,"Site 2",30.5498,-96.4115,75,12.39,0.305,0.286,0.341,0.448,20.1,20.77,21.97,21.3,68.17,69.33,71.63,70.3,0.051,0.045,0.07,0.128,0.055,0.047,0.073,0.135,19.71,18.2,22.75,33.11,18.26,16.07,25.23,45.87
"2023-04-01 09:00:00",186,"Site 2",30.5498,-96.4115,75,12.57,0.306,0.281,0.343,0.448,19.77,20.37,21.77,21.3,67.6,68.63,71.23,70.3,0.05,0.045,0.07,0.128,0.054,0.048,0.073,0.135,19.85,17.82,22.89,33.11,17.98,16.23,24.95,45.87
"2023-04-01 10:00:00",187,"Site 2",30.5498,-96.4115,75,12.72,0.306,0.283,0.34,0.448,20.17,20.37,21.43,21.3,68.3,68.63,70.57,70.3,0.051,0.045,0.069,0.128,0.055,0.048,0.073,0.135,19.78,17.98,22.66,33.11,18.33,16.12,24.91,45.87
"2023-04-01 11:00:00",188,"Site 2",30.5498,-96.4115,75,12.77,0.309,0.287,0.336,0.45,21.43,20.97,21.3,21.3,70.6,69.7,70.3,70.3,0.052,0.045,0.07,0.127,0.055,0.048,0.074,0.134,20.03,18.24,22.3,33.29,18.71,16.12,25.18,45.56
"2023-04-01 12:00:00",189,"Site 2",30.5498,-96.4115,75,13.06,0.311,0.286,0.339,0.448,22.97,21.93,21.3,21.3,73.33,71.5,70.3,70.3,0.053,0.046,0.07,0.128,0.055,0.048,0.073,0.135,20.23,18.22,22.54,33.11,19.2,16.5,25.01,45.87
"2023-04-01 13:00:00",190,"Site 2",30.5498,-96.4115,75,13.6,0.314,0.286,0.341,0.448,24.9,23.27,21.57,21.3,76.83,73.87,70.83,70.3,0.055,0.047,0.07,0.127,0.055,0.048,0.073,0.135,20.48,18.16,22.72,33.09,19.93,17,24.98,45.86
"2023-04-01 14:00:00",191,"Site 2",30.5498,-96.4115,75,13.44,0.316,0.291,0.341,0.448,27.03,24.97,21.9,21.3,80.7,76.97,71.5,70.3,0.058,0.048,0.07,0.127,0.056,0.048,0.073,0.135,20.62,18.62,22.78,33.09,20.69,17.19,25.26,45.86
"2023-04-01 15:00:00",192,"Site 2",30.5498,-96.4115,75,13.45,0.314,0.291,0.343,0.448,28.8,26.6,22.6,21.3,83.9,79.87,72.63,70.3,0.06,0.049,0.072,0.127,0.057,0.048,0.074,0.135,20.45,18.62,22.96,33.09,21.54,17.76,25.68,45.86
"2023-04-01 16:00:00",193,"Site 2",30.5498,-96.4115,75,13.45,0.315,0.294,0.34,0.45,29.2,27.5,23.27,21.3,84.6,81.5,73.87,70.3,0.06,0.05,0.073,0.126,0.056,0.048,0.075,0.134,20.58,18.84,22.67,33.27,21.5,17.86,26.27,45.53
"2023-04-01 17:00:00",194,"Site 2",30.5498,-96.4115,75,13.48,0.315,0.294,0.346,0.453,29,27.8,23.83,21.3,84.2,82,74.97,70.3,0.059,0.05,0.073,0.125,0.056,0.048,0.074,0.132,20.58,18.85,23.21,33.65,21.32,17.86,26.18,44.91
"2023-04-01 18:00:00",195,"Site 2",30.5498,-96.4115,75,12.96,0.316,0.29,0.345,0.45,28.7,27.7,24.27,21.3,83.7,81.8,75.63,70.3,0.058,0.051,0.073,0.126,0.055,0.049,0.074,0.134,20.63,18.5,23.15,33.27,21.02,18.11,26.35,45.53
"2023-04-01 19:00:00",196,"Site 2",30.5498,-96.4115,75,12.94,0.313,0.289,0.344,0.451,27.77,27.2,24.6,21.3,82,81,76.23,70.3,0.058,0.05,0.074,0.126,0.056,0.049,0.074,0.133,20.32,18.44,23,33.47,20.88,18.04,26.64,45.23
"2023-04-01 20:00:00",197,"Site 2",30.5498,-96.4115,75,12.73,0.312,0.293,0.344,0.45,26.93,26.67,24.7,21.3,80.5,80,76.4,70.3,0.057,0.049,0.074,0.126,0.056,0.048,0.074,0.134,20.27,18.7,23.01,33.28,20.49,17.56,26.65,45.54
"2023-04-01 21:00:00",198,"Site 2",30.5498,-96.4115,75,12.68,0.31,0.288,0.346,0.453,25.9,25.9,24.7,21.3,78.63,78.63,76.4,70.3,0.056,0.048,0.073,0.125,0.055,0.048,0.073,0.132,20.09,18.38,23.18,33.67,20.14,17.53,26.37,44.93
"2023-04-01 22:00:00",199,"Site 2",30.5498,-96.4115,75,12.64,0.308,0.289,0.341,0.45,25,25.2,24.6,21.37,76.97,77.43,76.23,70.43,0.055,0.048,0.074,0.127,0.055,0.047,0.074,0.133,19.98,18.43,22.74,33.3,19.87,17.14,26.58,45.57
"2023-04-01 23:00:00",200,"Site 2",30.5498,-96.4115,75,12.6,0.308,0.284,0.34,0.448,24.17,24.53,24.33,21.5,75.5,76.1,75.77,70.7,0.054,0.048,0.073,0.128,0.055,0.048,0.074,0.134,19.99,18.05,22.64,33.12,19.42,17.18,26.47,45.89
"2023-04-02 00:00:00",201,"Site 2",30.5498,-96.4115,75,12.58,0.306,0.287,0.341,0.448,23.5,23.93,24,21.5,74.3,75.1,75.23,70.7,0.053,0.047,0.073,0.128,0.055,0.048,0.074,0.134,19.83,18.25,22.8,33.13,19.26,16.81,26.18,45.9
"2023-04-02 01:00:00",202,"Site 2",30.5498,-96.4115,75,12.55,0.308,0.287,0.343,0.448,23.03,23.43,23.77,21.57,73.43,74.17,74.83,70.83,0.052,0.046,0.072,0.128,0.054,0.047,0.073,0.134,19.98,18.33,22.95,33.14,18.96,16.62,25.88,45.91
"2023-04-02 02:00:00",203,"Site 2",30.5498,-96.4115,75,12.52,0.306,0.283,0.34,0.449,22.67,22.93,23.5,21.7,72.73,73.27,74.3,71.1,0.053,0.046,0.072,0.128,0.055,0.048,0.073,0.134,19.79,17.99,22.68,33.15,18.92,16.69,25.81,45.92
"2023-04-02 03:00:00",204,"Site 2",30.5498,-96.4115,75,12.48,0.305,0.284,0.338,0.449,22.2,22.67,23.3,21.7,72.03,72.73,73.9,71.1,0.052,0.046,0.072,0.128,0.054,0.048,0.074,0.134,19.76,18.03,22.5,33.15,18.75,16.59,25.84,45.92
"2023-04-02 04:00:00",205,"Site 2",30.5498,-96.4115,75,12.44,0.305,0.286,0.34,0.449,21.77,22.2,23,21.7,71.23,72.03,73.4,71.1,0.052,0.045,0.071,0.128,0.054,0.047,0.073,0.134,19.73,18.17,22.66,33.16,18.58,16.33,25.56,45.94
"2023-04-02 05:00:00",206,"Site 2",30.5498,-96.4115,75,12.41,0.303,0.285,0.34,0.449,21.5,21.9,22.8,21.7,70.7,71.5,73,71.1,0.052,0.045,0.071,0.128,0.055,0.047,0.073,0.134,19.49,18.09,22.64,33.16,18.63,16.23,25.54,45.94
"2023-04-02 06:00:00",207,"Site 2",30.5498,-96.4115,75,12.39,0.303,0.284,0.337,0.449,21.23,21.63,22.53,21.7,70.2,70.97,72.5,71.1,0.051,0.045,0.071,0.128,0.054,0.047,0.073,0.134,19.59,18.06,22.38,33.16,18.44,16.21,25.48,45.94
"2023-04-02 07:00:00",208,"Site 2",30.5498,-96.4115,75,12.37,0.305,0.28,0.337,0.449,20.97,21.37,22.3,21.7,69.73,70.43,72.17,71.1,0.05,0.045,0.07,0.128,0.054,0.048,0.073,0.134,19.74,17.72,22.37,33.16,18.15,16.26,25.24,45.94
"2023-04-02 08:00:00",209,"Site 2",30.5498,-96.4115,75,12.39,0.3,0.281,0.336,0.449,20.63,21.1,22.03,21.7,69.1,70,71.77,71.1,0.051,0.044,0.07,0.128,0.054,0.047,0.073,0.134,19.34,17.81,22.36,33.16,18.32,16.08,25.22,45.94
"2023-04-02 09:00:00",210,"Site 2",30.5498,-96.4115,75,12.44,0.3,0.282,0.338,0.449,20.63,20.9,21.9,21.7,69.1,69.6,71.5,71.1,0.051,0.044,0.069,0.128,0.054,0.047,0.072,0.134,19.33,17.86,22.5,33.16,18.32,16,24.95,45.94
"2023-04-02 10:00:00",211,"Site 2",30.5498,-96.4115,75,13.02,0.302,0.282,0.339,0.449,20.97,21.03,21.7,21.7,69.73,69.87,71.1,71.1,0.051,0.044,0.069,0.128,0.054,0.047,0.072,0.134,19.52,17.86,22.57,33.16,18.37,16,24.81,45.94
"2023-04-02 11:00:00",212,"Site 2",30.5498,-96.4115,75,13.05,0.304,0.279,0.339,0.449,21.7,21.5,21.7,21.7,71.1,70.7,71.1,71.1,0.052,0.045,0.069,0.128,0.054,0.048,0.072,0.134,19.63,17.67,22.57,33.16,18.61,16.34,24.81,45.94
"2023-04-02 12:00:00",213,"Site 2",30.5498,-96.4115,75,13.01,0.305,0.285,0.339,0.449,22.5,21.97,21.7,21.7,72.5,71.63,71.1,71.1,0.053,0.045,0.069,0.128,0.054,0.047,0.072,0.134,19.73,18.1,22.57,33.15,18.86,16.26,24.81,45.92
"2023-04-02 13:00:00",214,"Site 2",30.5498,-96.4115,75,13.06,0.304,0.286,0.339,0.449,23.1,22.53,21.77,21.7,73.57,72.5,71.23,71.1,0.054,0.045,0.069,0.128,0.055,0.047,0.072,0.134,19.58,18.18,22.58,33.15,19.16,16.33,24.81,45.92
"2023-04-02 14:00:00",215,"Site 2",30.5498,-96.4115,75,13.42,0.306,0.285,0.336,0.449,23.5,22.87,21.9,21.7,74.3,73.13,71.5,71.1,0.053,0.046,0.07,0.128,0.054,0.048,0.073,0.134,19.84,18.09,22.35,33.14,19.11,16.51,25.21,45.92
"2023-04-02 15:00:00",216,"Site 2",30.5498,-96.4115,75,13.51,0.309,0.283,0.336,0.448,24.17,23.43,22.03,21.57,75.5,74.17,71.77,70.83,0.054,0.046,0.07,0.128,0.054,0.048,0.073,0.134,20,18,22.36,33.14,19.29,16.7,25.22,45.91
"2023-04-02 16:00:00",217,"Site 2",30.5498,-96.4115,75,13.47,0.305,0.281,0.34,0.448,24.9,23.93,22.3,21.5,76.83,75.1,72.17,70.7,0.055,0.048,0.07,0.128,0.055,0.048,0.073,0.134,19.75,17.8,22.69,33.14,19.81,17.06,25.16,45.91
"2023-04-02 17:00:00",218,"Site 2",30.5498,-96.4115,75,13.47,0.311,0.287,0.341,0.448,25.63,24.6,22.53,21.5,78.17,76.23,72.5,70.7,0.055,0.047,0.07,0.128,0.055,0.047,0.072,0.134,20.19,18.3,22.79,33.13,19.79,16.86,25.26,45.9
"2023-04-02 18:00:00",219,"Site 2",30.5498,-96.4115,75,13.41,0.311,0.286,0.34,0.448,25.8,24.9,22.8,21.5,78.47,76.8,73,70.7,0.054,0.047,0.071,0.128,0.054,0.047,0.073,0.134,20.26,18.23,22.65,33.13,19.7,17.08,25.55,45.9
"2023-04-02 19:00:00",220,"Site 2",30.5498,-96.4115,75,13.5,0.306,0.286,0.339,0.448,25.6,24.9,23,21.5,78.2,76.8,73.4,70.7,0.056,0.047,0.071,0.128,0.055,0.048,0.073,0.134,19.76,18.23,22.58,33.13,19.98,16.94,25.7,45.9
"2023-04-02 20:00:00",221,"Site 2",30.5498,-96.4115,75,12.78,0.309,0.284,0.338,0.448,25.3,24.83,23.3,21.5,77.57,76.67,73.9,70.7,0.055,0.047,0.072,0.128,0.054,0.048,0.074,0.134,19.98,18.06,22.5,33.13,19.57,17.05,25.84,45.9
"2023-04-02 21:00:00",222,"Site 2",30.5498,-96.4115,75,12.73,0.306,0.285,0.338,0.448,24.67,24.5,23.3,21.5,76.37,76.07,73.9,70.7,0.054,0.047,0.072,0.128,0.054,0.047,0.074,0.134,19.83,18.15,22.51,33.13,19.42,16.86,25.85,45.9
"2023-04-02 22:00:00",223,"Site 2",30.5498,-96.4115,75,12.69,0.307,0.285,0.34,0.448,24.1,24,23.3,21.5,75.37,75.23,73.9,70.7,0.053,0.047,0.071,0.128,0.054,0.047,0.073,0.134,19.86,18.14,22.68,33.13,19.14,16.71,25.57,45.9
"2023-04-02 23:00:00",224,"Site 2",30.5498,-96.4115,75,12.65,0.308,0.281,0.34,0.448,23.7,23.7,23.3,21.5,74.7,74.7,73.9,70.7,0.052,0.046,0.071,0.128,0.054,0.047,0.073,0.134,19.95,17.78,22.67,33.13,18.94,16.75,25.57,45.9
"2023-04-03 00:00:00",225,"Site 2",30.5498,-96.4115,75,12.62,0.305,0.281,0.34,0.448,23.27,23.43,23.1,21.5,73.87,74.17,73.57,70.7,0.053,0.046,0.071,0.128,0.054,0.047,0.073,0.134,19.75,17.84,22.66,33.14,18.89,16.53,25.56,45.91
"2023-04-03 01:00:00",226,"Site 2",30.5498,-96.4115,75,12.59,0.305,0.282,0.337,0.448,22.8,22.93,23,21.57,73,73.27,73.4,70.83,0.053,0.046,0.071,0.128,0.054,0.047,0.073,0.134,19.67,17.88,22.41,33.14,18.81,16.43,25.5,45.91
"2023-04-03 02:00:00",227,"Site 2",30.5498,-96.4115,75,12.56,0.304,0.281,0.334,0.448,22.53,22.73,22.8,21.7,72.5,72.87,73,71.1,0.052,0.046,0.071,0.128,0.054,0.047,0.074,0.134,19.59,17.82,22.15,33.14,18.74,16.37,25.67,45.91
"2023-04-03 03:00:00",228,"Site 2",30.5498,-96.4115,75,12.53,0.303,0.282,0.337,0.449,22.2,22.47,22.73,21.7,72.03,72.4,72.87,71.1,0.052,0.045,0.07,0.128,0.054,0.047,0.073,0.134,19.57,17.86,22.39,33.15,18.57,16.28,25.26,45.92
"2023-04-03 04:00:00",229,"Site 2",30.5498,-96.4115,75,12.51,0.303,0.282,0.337,0.449,22.1,22.1,22.6,21.7,71.9,71.9,72.6,71.1,0.052,0.045,0.07,0.128,0.054,0.047,0.073,0.134,19.57,17.9,22.38,33.15,18.57,16.19,25.25,45.92
"2023-04-03 05:00:00",230,"Site 2",30.5498,-96.4115,75,12.48,0.301,0.281,0.338,0.449,22.1,22.1,22.4,21.7,71.9,71.9,72.3,71.1,0.052,0.045,0.07,0.128,0.054,0.047,0.073,0.134,19.4,17.85,22.46,33.15,18.7,16.13,25.11,45.92
"2023-04-03 06:00:00",231,"Site 2",30.5498,-96.4115,75,12.45,0.301,0.282,0.339,0.449,22.1,22.1,22.3,21.7,71.9,71.9,72.17,71.1,0.052,0.045,0.069,0.128,0.054,0.047,0.072,0.134,19.41,17.85,22.61,33.15,18.7,16.27,24.85,45.92
"2023-04-03 07:00:00",232,"Site 2",30.5498,-96.4115,75,12.42,0.301,0.282,0.339,0.449,22.1,22.1,22.1,21.7,71.9,71.9,71.9,71.1,0.052,0.045,0.069,0.128,0.054,0.047,0.072,0.134,19.41,17.95,22.61,33.15,18.7,16.1,24.84,45.92
"2023-04-03 08:00:00",233,"Site 2",30.5498,-96.4115,75,12.44,0.303,0.284,0.339,0.449,22.1,22.1,22.1,21.7,71.9,71.9,71.9,71.1,0.052,0.044,0.069,0.128,0.054,0.046,0.072,0.134,19.57,18.1,22.6,33.15,18.58,15.99,24.84,45.92
"2023-04-03 09:00:00",234,"Site 2",30.5498,-96.4115,75,12.63,0.305,0.28,0.339,0.449,22.2,22.1,22.1,21.7,72.03,71.9,71.9,71.1,0.052,0.045,0.069,0.128,0.054,0.047,0.072,0.134,19.75,17.79,22.6,33.15,18.61,16.21,24.83,45.92
"2023-04-03 10:00:00",235,"Site 2",30.5498,-96.4115,75,12.9,0.304,0.279,0.334,0.449,22.6,22.3,22.1,21.7,72.63,72.17,71.9,71.1,0.053,0.046,0.07,0.128,0.054,0.048,0.073,0.134,19.61,17.7,22.11,33.15,18.9,16.38,25.17,45.92
"2023-04-03 11:00:00",236,"Site 2",30.5498,-96.4115,75,13.15,0.306,0.283,0.336,0.449,23.1,22.67,22.1,21.7,73.57,72.73,71.9,71.1,0.052,0.046,0.069,0.128,0.054,0.047,0.073,0.134,19.8,17.92,22.36,33.15,18.95,16.34,25.01,45.92
"2023-04-03 12:00:00",237,"Site 2",30.5498,-96.4115,75,13.45,0.307,0.282,0.339,0.449,23.93,23.17,22.1,21.7,75.1,73.7,71.9,71.1,0.054,0.046,0.069,0.128,0.054,0.047,0.072,0.134,19.86,17.89,22.61,33.15,19.3,16.58,24.84,45.92
"2023-04-03 13:00:00",238,"Site 2",30.5498,-96.4115,75,13.42,0.306,0.285,0.338,0.448,25.7,24.33,22.4,21.7,78.33,75.8,72.3,71.1,0.056,0.047,0.07,0.128,0.055,0.047,0.073,0.134,19.84,18.11,22.46,33.14,20.23,16.81,25.11,45.91
"2023-04-03 14:00:00",239,"Site 2",30.5498,-96.4115,75,13.41,0.311,0.285,0.337,0.448,27.67,25.83,22.73,21.7,81.8,78.47,72.87,71.1,0.058,0.048,0.071,0.128,0.055,0.048,0.073,0.134,20.19,18.09,22.4,33.14,20.75,17.37,25.49,45.91
"2023-04-03 15:00:00",240,"Site 2",30.5498,-96.4115,75,13.41,0.312,0.287,0.339,0.448,29.5,27.3,23.27,21.7,85.1,81.2,73.87,71.1,0.06,0.049,0.071,0.128,0.056,0.048,0.073,0.134,20.26,18.28,22.59,33.14,21.52,17.72,25.71,45.91
"2023-04-03 16:00:00",241,"Site 2",30.5498,-96.4115,75,13.41,0.316,0.289,0.339,0.448,30.73,28.6,23.93,21.7,87.3,83.5,75.1,71.1,0.061,0.05,0.072,0.128,0.056,0.048,0.074,0.134,20.61,18.43,22.54,33.14,21.73,18.03,26.12,45.91
"2023-04-03 17:00:00",242,"Site 2",30.5498,-96.4115,75,13.41,0.314,0.285,0.342,0.448,31.6,29.5,24.67,21.7,88.9,85.1,76.37,71.1,0.062,0.052,0.073,0.128,0.056,0.049,0.073,0.134,20.44,18.16,22.84,33.14,22.08,18.53,26.22,45.91
"2023-04-03 18:00:00",243,"Site 2",30.5498,-96.4115,75,13.39,0.314,0.286,0.338,0.448,31.6,30,25.2,21.7,88.9,86,77.43,71.1,0.061,0.052,0.075,0.128,0.055,0.048,0.074,0.134,20.51,18.18,22.53,33.14,21.97,18.54,26.82,45.91
"2023-04-03 19:00:00",244,"Site 2",30.5498,-96.4115,75,13.45,0.313,0.287,0.337,0.449,30.97,29.7,25.7,21.7,87.7,85.4,78.33,71.1,0.06,0.051,0.076,0.128,0.056,0.048,0.075,0.134,20.4,18.3,22.37,33.15,21.68,18.35,27.14,45.92
"2023-04-03 20:00:00",245,"Site 2",30.5498,-96.4115,75,12.76,0.311,0.288,0.341,0.449,29.7,29.2,26,21.7,85.5,84.6,78.77,71.1,0.059,0.05,0.075,0.128,0.055,0.048,0.074,0.134,20.27,18.34,22.73,33.16,21.19,18.08,27.07,45.93
"2023-04-03 21:00:00",246,"Site 2",30.5498,-96.4115,75,12.72,0.31,0.286,0.341,0.449,28.4,28.23,26.2,21.7,83.2,82.8,79.1,71.1,0.058,0.049,0.075,0.128,0.055,0.047,0.074,0.134,20.13,18.25,22.74,33.16,20.71,17.84,27.08,45.94
"2023-04-03 22:00:00",247,"Site 2",30.5498,-96.4115,75,12.68,0.309,0.286,0.343,0.449,27.4,27.5,26,21.9,81.3,81.5,78.77,71.5,0.057,0.049,0.074,0.128,0.055,0.047,0.073,0.134,20.08,18.16,22.91,33.18,20.33,17.59,26.79,45.96
"2023-04-03 23:00:00",248,"Site 2",30.5498,-96.4115,75,12.65,0.307,0.286,0.344,0.449,26.6,26.67,25.8,21.9,79.83,80,78.47,71.5,0.056,0.048,0.074,0.128,0.055,0.047,0.073,0.134,19.88,18.18,22.99,33.19,20.11,17.33,26.63,45.97
"2023-04-04 00:00:00",249,"Site 2",30.5498,-96.4115,75,12.62,0.305,0.288,0.343,0.449,26,26.1,25.6,21.97,78.77,78.93,78.2,71.63,0.056,0.047,0.073,0.128,0.055,0.046,0.073,0.134,19.7,18.38,22.97,33.2,19.92,16.96,26.38,45.99
"2023-04-04 01:00:00",250,"Site 2",30.5498,-96.4115,75,12.6,0.306,0.28,0.341,0.449,25.47,25.7,25.4,22.1,77.87,78.33,77.7,71.9,0.055,0.048,0.073,0.128,0.054,0.048,0.073,0.133,19.8,17.74,22.78,33.22,19.72,17.29,26.4,46.01
"2023-04-04 02:00:00",251,"Site 2",30.5498,-96.4115,75,12.58,0.307,0.28,0.34,0.445,25.03,25.2,25.03,22.1,77.13,77.43,77.13,71.9,0.054,0.048,0.073,0.13,0.055,0.048,0.073,0.135,19.89,17.75,22.69,32.82,19.51,17.15,26.29,46.67
"2023-04-04 03:00:00",252,"Site 2",30.5498,-96.4115,75,12.55,0.307,0.281,0.341,0.444,24.83,24.97,24.9,22.2,76.67,76.97,76.8,72.03,0.054,0.048,0.073,0.131,0.054,0.048,0.073,0.136,19.9,17.79,22.76,32.62,19.35,17.05,26.14,47
"2023-04-04 04:00:00",253,"Site 2",30.5498,-96.4115,75,12.53,0.309,0.282,0.34,0.447,24.7,24.7,24.7,22.4,76.4,76.4,76.4,72.3,0.054,0.047,0.072,0.13,0.054,0.047,0.073,0.135,20.05,17.89,22.64,32.93,19.2,16.87,25.99,46.84
"2023-04-04 05:00:00",254,"Site 2",30.5498,-96.4115,75,12.5,0.301,0.282,0.342,0.444,24.4,24.5,24.5,22.4,75.9,76.07,76.07,72.3,0.054,0.047,0.072,0.131,0.055,0.047,0.072,0.136,19.43,17.88,22.85,32.64,19.48,16.86,25.78,47.02
"2023-04-04 06:00:00",255,"Site 2",30.5498,-96.4115,75,12.47,0.302,0.283,0.334,0.444,24.1,24.27,24.33,22.4,75.37,75.63,75.77,72.3,0.054,0.046,0.073,0.131,0.055,0.047,0.073,0.136,19.48,17.98,22.12,32.64,19.38,16.69,26.09,47.03
"2023-04-04 07:00:00",256,"Site 2",30.5498,-96.4115,75,12.44,0.306,0.284,0.335,0.447,23.83,24,24.2,22.4,74.97,75.23,75.5,72.3,0.053,0.046,0.072,0.13,0.054,0.047,0.073,0.135,19.77,18.03,22.24,32.94,19.08,16.59,26.01,46.86
"2023-04-04 08:00:00",257,"Site 2",30.5498,-96.4115,75,12.48,0.305,0.285,0.334,0.447,23.63,23.77,24,22.53,74.57,74.83,75.23,72.5,0.053,0.046,0.073,0.13,0.054,0.047,0.074,0.135,19.68,18.07,22.1,32.95,18.98,16.5,26.07,46.87
"2023-04-04 09:00:00",258,"Site 2",30.5498,-96.4115,75,12.81,0.303,0.286,0.336,0.447,23.63,23.7,23.83,22.6,74.57,74.7,74.97,72.6,0.053,0.045,0.072,0.13,0.055,0.046,0.073,0.135,19.54,18.17,22.35,32.95,19.12,16.33,25.66,46.87
"2023-04-04 10:00:00",259,"Site 2",30.5498,-96.4115,75,13.13,0.305,0.286,0.336,0.447,24,23.77,23.7,22.6,75.23,74.83,74.7,72.6,0.053,0.045,0.071,0.13,0.054,0.046,0.073,0.135,19.72,18.17,22.34,32.95,19.18,16.33,25.65,46.87
"2023-04-04 11:00:00",260,"Site 2",30.5498,-96.4115,75,13.24,0.306,0.284,0.335,0.446,24.6,24.1,23.7,22.6,76.23,75.37,74.7,72.6,0.054,0.046,0.071,0.13,0.054,0.047,0.073,0.135,19.78,18.03,22.2,32.86,19.38,16.59,25.72,46.72
"2023-04-04 12:00:00",261,"Site 2",30.5498,-96.4115,75,13.53,0.305,0.283,0.336,0.45,25.37,24.67,23.7,22.6,77.73,76.37,74.7,72.6,0.055,0.047,0.071,0.128,0.055,0.047,0.073,0.133,19.7,17.94,22.34,33.27,19.77,16.78,25.65,46.07
"2023-04-04 13:00:00",262,"Site 2",30.5498,-96.4115,75,13.47,0.307,0.282,0.335,0.453,26.4,25.37,23.83,22.6,79.53,77.73,74.97,72.6,0.056,0.047,0.072,0.128,0.055,0.047,0.073,0.132,19.88,17.91,22.21,33.55,20.11,17.03,25.73,45.9
