"TOA5","2","CR300","7174","CR300.Std.07.00","CPU:Site 2 (Field).CR300","63613","SoilVUE"
"TIMESTAMP","RECORD","station","latitude","longitude","altitude","BattV","SoilVUE_5_VWC_Avg","SoilVUE_10_VWC_Avg","SoilVUE_20_VWC_Avg","SoilVUE_30_VWC_Avg","SoilVUE_40_VWC_Avg","SoilVUE_50_VWC_Avg","SoilVUE_5_T_Avg","SoilVUE_10_T_Avg","SoilVUE_20_T_Avg","SoilVUE_30_T_Avg","SoilVUE_40_T_Avg","SoilVUE_50_T_Avg","SoilVUE_5_BulkEC_Avg","SoilVUE_10_BulkEC_Avg","SoilVUE_20_BulkEC_Avg","SoilVUE_30_BulkEC_Avg","SoilVUE_40_BulkEC_Avg","SoilVUE_50_BulkEC_Avg","SoilVUE_5_Ka_Avg","SoilVUE_10_Ka_Avg","SoilVUE_20_Ka_Avg","SoilVUE_30_Ka_Avg","SoilVUE_40_Ka_Avg","SoilVUE_50_Ka_Avg"
"TS","RN","name","decdegrees","decdegrees","m","Volts","m^3/m^3","m^3/m^3","m^3/m^3","m^3/m^3","m^3/m^3","m^3/m^3","Deg C","Deg C","Deg C","Deg C","Deg C","Deg C","dS/m","dS/m","dS/m","dS/m","dS/m","dS/m","unitless","unitless","unitless","unitless","unitless","unitless"
"","","Smp","Smp","Smp","Smp","Smp","Avg","Avg","Avg","Avg","Avg","Avg","Avg","Avg","Avg","Avg","Avg","Avg","Avg","Avg","Avg","Avg","Avg","Avg","Avg","Avg","Avg","Avg","Avg","Avg"
"2023-03-24 15:00:00",0,"Site 2",30.5498,-96.4115,75,13.32,0.228,0.234,0.092,0.181,0.27,0.16,27.06,23.66,21.56,20.6,19.96,19.39,0.131,0.194,0.01,0.107,0.425,0.016,12.57,12.99,5.535,9.83,15.35,8.71
"2023-03-24 16:00:00",1,"Site 2",30.5498,-96.4115,75,13.47,0.23,0.233,0.092,0.18,0.271,0.163,28.24,24.53,21.88,20.69,19.98,19.4,0.135,0.198,0.014,0.11,0.426,0.019,12.74,12.91,5.541,9.75,15.43,8.84
"2023-03-24 17:00:00",2,"Site 2",30.5498,-96.4115,75,13.45,0.229,0.234,0.092,0.18,0.269,0.163,29.19,25.62,22.46,20.87,20.03,19.43,0.135,0.201,0.014,0.109,0.427,0.02,12.65,12.98,5.518,9.77,15.28,8.87
"2023-03-24 18:00:00",3,"Site 2",30.5498,-96.4115,75,13.45,0.226,0.235,0.092,0.178,0.271,0.165,27.82,25.78,22.98,21.11,20.1,19.46,0.137,0.202,0.013,0.11,0.427,0.022,12.45,13.04,5.538,9.67,15.42,8.95
"2023-03-24 19:00:00",4,"Site 2",30.5498,-96.4115,75,13.45,0.225,0.234,0.092,0.177,0.269,0.162,25.69,25.17,23.23,21.35,20.21,19.5,0.136,0.202,0.014,0.11,0.427,0.024,12.41,12.97,5.522,9.62,15.29,8.81
"2023-03-24 20:00:00",5,"Site 2",30.5498,-96.4115,75,12.76,0.217,0.23,0.089,0.179,0.271,0.163,23.51,24.19,23.2,21.55,20.33,19.55,0.133,0.201,0.013,0.111,0.427,0.025,11.92,12.7,5.405,9.71,15.43,8.87
"2023-03-24 21:00:00",6,"Site 2",30.5498,-96.4115,75,12.68,0.216,0.226,0.087,0.175,0.268,0.163,22.05,23.23,22.96,21.65,20.44,19.61,0.132,0.2,0.012,0.111,0.427,0.026,11.85,12.46,5.318,9.51,15.23,8.86
"2023-03-24 22:00:00",7,"Site 2",30.5498,-96.4115,75,12.61,0.216,0.231,0.088,0.177,0.271,0.16,20.98,22.39,22.61,21.66,20.54,19.68,0.132,0.2,0.013,0.112,0.429,0.027,11.83,12.76,5.354,9.63,15.4,8.71
"2023-03-24 23:00:00",8,"Site 2",30.5498,-96.4115,75,12.54,0.214,0.226,0.087,0.175,0.27,0.165,20.11,21.65,22.22,21.59,20.59,19.74,0.129,0.197,0.013,0.11,0.431,0.026,11.72,12.46,5.319,9.52,15.34,8.95
"2023-03-25 00:00:00",9,"Site 2",30.5498,-96.4115,75,12.47,0.21,0.226,0.086,0.176,0.27,0.163,19.35,20.99,21.83,21.47,20.63,19.81,0.129,0.198,0.013,0.11,0.431,0.028,11.52,12.45,5.3,9.55,15.36,8.86
"2023-03-25 01:00:00",10,"Site 2",30.5498,-96.4115,75,12.43,0.211,0.224,0.085,0.177,0.271,0.163,18.68,20.4,21.44,21.31,20.63,19.86,0.128,0.197,0.012,0.111,0.43,0.03,11.56,12.36,5.268,9.61,15.42,8.89
"2023-03-25 02:00:00",11,"Site 2",30.5498,-96.4115,75,12.41,0.209,0.224,0.084,0.176,0.269,0.162,18.04,19.84,21.06,21.13,20.6,19.89,0.128,0.197,0.012,0.11,0.431,0.029,11.46,12.31,5.214,9.53,15.3,8.81
"2023-03-25 03:00:00",12,"Site 2",30.5498,-96.4115,75,12.39,0.206,0.224,0.082,0.173,0.27,0.162,17.45,19.32,20.69,20.95,20.54,19.91,0.126,0.196,0.012,0.11,0.431,0.028,11.27,12.35,5.114,9.41,15.36,8.82
"2023-03-25 04:00:00",13,"Site 2",30.5498,-96.4115,75,12.36,0.207,0.223,0.084,0.174,0.269,0.162,16.89,18.83,20.33,20.75,20.49,19.91,0.126,0.195,0.012,0.109,0.434,0.029,11.31,12.28,5.208,9.47,15.26,8.83
"2023-03-25 05:00:00",14,"Site 2",30.5498,-96.4115,75,12.34,0.206,0.222,0.083,0.173,0.269,0.164,16.41,18.36,19.96,20.53,20.4,19.91,0.125,0.193,0.011,0.109,0.435,0.029,11.28,12.21,5.155,9.4,15.26,8.92
"2023-03-25 06:00:00",15,"Site 2",30.5498,-96.4115,75,12.32,0.204,0.222,0.082,0.173,0.269,0.161,15.94,17.92,19.62,20.31,20.3,19.9,0.124,0.194,0.012,0.109,0.432,0.028,11.11,12.24,5.14,9.38,15.3,8.77
"2023-03-25 07:00:00",16,"Site 2",30.5498,-96.4115,75,12.29,0.203,0.222,0.082,0.173,0.269,0.162,15.46,17.5,19.28,20.09,20.19,19.87,0.124,0.192,0.01,0.11,0.433,0.028,11.08,12.21,5.139,9.38,15.3,8.83
"2023-03-25 08:00:00",17,"Site 2",30.5498,-96.4115,75,12.31,0.203,0.221,0.082,0.173,0.269,0.162,15.02,17.08,18.95,19.88,20.08,19.82,0.122,0.191,0.011,0.108,0.433,0.026,11.09,12.16,5.127,9.41,15.24,8.81
"2023-03-25 09:00:00",18,"Site 2",30.5498,-96.4115,75,12.42,0.202,0.22,0.081,0.172,0.267,0.162,15.52,16.84,18.62,19.64,19.95,19.78,0.121,0.192,0.009,0.107,0.436,0.025,11.01,12.1,5.104,9.36,15.17,8.82
"2023-03-25 10:00:00",19,"Site 2",30.5498,-96.4115,75,12.55,0.205,0.221,0.082,0.172,0.268,0.161,18.03,17.41,18.45,19.44,19.83,19.73,0.122,0.19,0.009,0.107,0.433,0.026,11.2,12.16,5.151,9.34,15.2,8.75
"2023-03-25 11:00:00",20,"Site 2",30.5498,-96.4115,75,12.66,0.204,0.22,0.079,0.17,0.265,0.161,20.54,18.57,18.53,19.26,19.7,19.66,0.119,0.191,0.009,0.105,0.433,0.026,11.11,12.07,5.029,9.21,15,8.75
"2023-03-25 12:00:00",21,"Site 2",30.5498,-96.4115,75,12.88,0.207,0.221,0.082,0.172,0.265,0.162,23.5,19.99,18.87,19.2,19.58,19.6,0.119,0.192,0.008,0.107,0.43,0.025,11.33,12.14,5.116,9.33,15.01,8.82
"2023-03-25 13:00:00",22,"Site 2",30.5498,-96.4115,75,13.39,0.208,0.22,0.078,0.173,0.266,0.165,26.64,21.82,19.44,19.25,19.5,19.53,0.121,0.195,0.01,0.106,0.428,0.026,11.39,12.09,4.986,9.37,15.09,8.98
"2023-03-25 14:00:00",23,"Site 2",30.5498,-96.4115,75,13.48,0.207,0.22,0.079,0.169,0.266,0.159,29.09,23.7,20.25,19.42,19.46,19.48,0.121,0.197,0.01,0.105,0.426,0.028,11.29,12.11,5.016,9.18,15.1,8.66
"2023-03-25 15:00:00",24,"Site 2",30.5498,-96.4115,75,13.49,0.204,0.222,0.082,0.171,0.267,0.165,30.7,25.26,21.16,19.72,19.47,19.43,0.121,0.197,0.009,0.103,0.42,0.029,11.16,12.19,5.126,9.28,15.11,8.95
"2023-03-25 16:00:00",25,"Site 2",30.5498,-96.4115,75,13.5,0.202,0.216,0.079,0.17,0.263,0.162,31.39,26.41,22.05,20.08,19.54,19.4,0.122,0.197,0.008,0.097,0.417,0.035,11.03,11.86,5.019,9.25,14.87,8.8
"2023-03-25 17:00:00",26,"Site 2",30.5498,-96.4115,75,13.48,0.199,0.214,0.08,0.168,0.265,0.164,30.93,26.93,22.81,20.52,19.66,19.39,0.12,0.195,0.008,0.088,0.414,0.04,10.87,11.73,5.047,9.13,14.97,8.89
"2023-03-25 18:00:00",27,"Site 2",30.5498,-96.4115,75,13.46,0.193,0.214,0.077,0.167,0.262,0.162,29.15,26.73,23.35,20.93,19.83,19.43,0.119,0.192,0.005,0.078,0.412,0.043,10.48,11.71,4.931,9.08,14.81,8.83
"2023-03-25 19:00:00",28,"Site 2",30.5498,-96.4115,75,13.46,0.196,0.206,0.077,0.17,0.262,0.163,26.7,25.98,23.58,21.3,20.02,19.49,0.118,0.189,0.005,0.073,0.411,0.047,10.65,11.25,4.954,9.23,14.82,8.85
"2023-03-25 20:00:00",29,"Site 2",30.5498,-96.4115,75,12.77,0.187,0.21,0.079,0.169,0.262,0.162,24.12,24.86,23.54,21.55,20.22,19.55,0.119,0.187,0.004,0.07,0.412,0.049,10.15,11.47,5.022,9.17,14.8,8.81
"2023-03-25 21:00:00",30,"Site 2",30.5498,-96.4115,75,12.69,0.186,0.209,0.078,0.168,0.264,0.162,22.19,23.65,23.27,21.71,20.4,19.63,0.116,0.184,0.005,0.069,0.412,0.049,10.1,11.41,4.968,9.12,14.95,8.82
"2023-03-25 22:00:00",31,"Site 2",30.5498,-96.4115,75,12.63,0.185,0.206,0.076,0.168,0.265,0.163,20.92,22.62,22.85,21.74,20.53,19.74,0.116,0.181,0.004,0.067,0.413,0.051,10.04,11.28,4.901,9.1,15,8.88
"2023-03-25 23:00:00",32,"Site 2",30.5498,-96.4115,75,12.59,0.185,0.205,0.078,0.165,0.265,0.163,20,21.76,22.4,21.68,20.63,19.83,0.114,0.181,0.005,0.065,0.413,0.052,10.04,11.21,4.96,8.99,15.01,8.88
"2023-03-26 00:00:00",33,"Site 2",30.5498,-96.4115,75,12.56,0.184,0.205,0.076,0.166,0.265,0.163,19.29,21.06,21.95,21.55,20.67,19.91,0.115,0.179,0.006,0.064,0.414,0.052,10.02,11.18,4.878,9.02,14.99,8.88
"2023-03-26 01:00:00",34,"Site 2",30.5498,-96.4115,75,12.52,0.183,0.206,0.076,0.166,0.266,0.164,18.61,20.45,21.53,21.39,20.7,19.97,0.113,0.178,0.004,0.062,0.412,0.051,9.94,11.28,4.888,9,15.1,8.91
"2023-03-26 02:00:00",35,"Site 2",30.5498,-96.4115,75,12.48,0.181,0.204,0.076,0.165,0.265,0.162,17.96,19.87,21.13,21.22,20.67,20.01,0.111,0.176,0.004,0.06,0.414,0.052,9.84,11.12,4.897,8.97,15.01,8.82
"2023-03-26 03:00:00",36,"Site 2",30.5498,-96.4115,75,12.45,0.18,0.203,0.075,0.166,0.264,0.164,17.43,19.35,20.74,21.02,20.63,20.04,0.112,0.177,0.004,0.062,0.416,0.053,9.8,11.1,4.865,9,14.95,8.9
"2023-03-26 04:00:00",37,"Site 2",30.5498,-96.4115,75,12.41,0.182,0.206,0.076,0.165,0.264,0.163,16.94,18.88,20.37,20.81,20.57,20.05,0.108,0.175,0.003,0.059,0.416,0.053,9.88,11.28,4.884,8.98,14.91,8.84
"2023-03-26 05:00:00",38,"Site 2",30.5498,-96.4115,75,12.37,0.18,0.208,0.074,0.164,0.266,0.164,16.63,18.46,20.02,20.6,20.49,20.05,0.111,0.171,0.003,0.059,0.415,0.051,9.79,11.36,4.831,8.93,15.05,8.92
"2023-03-26 06:00:00",39,"Site 2",30.5498,-96.4115,75,12.34,0.18,0.202,0.072,0.163,0.266,0.164,16.4,18.17,19.7,20.39,20.4,20.04,0.108,0.172,0.003,0.058,0.416,0.051,9.78,11.04,4.723,8.89,15.04,8.89
"2023-03-26 07:00:00",40,"Site 2",30.5498,-96.4115,75,12.32,0.177,0.201,0.074,0.163,0.266,0.163,16.06,17.84,19.41,20.17,20.29,20.01,0.108,0.171,0.003,0.057,0.414,0.051,9.6,10.99,4.806,8.87,15.06,8.89
"2023-03-26 08:00:00",41,"Site 2",30.5498,-96.4115,75,12.36,0.176,0.202,0.073,0.162,0.265,0.164,15.8,17.54,19.14,19.98,20.18,19.98,0.107,0.169,0.002,0.058,0.414,0.049,9.57,11.05,4.764,8.84,15.01,8.89
"2023-03-26 09:00:00",42,"Site 2",30.5498,-96.4115,75,12.67,0.178,0.202,0.072,0.162,0.266,0.162,16.66,17.48,18.89,19.78,20.07,19.94,0.105,0.169,0.002,0.058,0.416,0.05,9.65,10.99,4.74,8.83,15.04,8.82
"2023-03-26 10:00:00",43,"Site 2",30.5498,-96.4115,75,12.42,0.176,0.2,0.072,0.163,0.266,0.165,17.84,17.94,18.77,19.61,19.96,19.89,0.105,0.169,0.001,0.058,0.413,0.047,9.55,10.89,4.743,8.88,15.07,8.99
"2023-03-26 11:00:00",44,"Site 2",30.5498,-96.4115,75,12.62,0.178,0.2,0.072,0.163,0.266,0.162,18.29,18.25,18.79,19.47,19.85,19.83,0.104,0.17,0,0.058,0.413,0.047,9.66,10.9,4.724,8.86,15.06,8.8
"2023-03-26 12:00:00",45,"Site 2",30.5498,-96.4115,75,12.84,0.177,0.201,0.071,0.162,0.264,0.163,18.69,18.55,18.85,19.38,19.74,19.77,0.103,0.17,0.002,0.058,0.413,0.046,9.62,10.98,4.703,8.82,14.93,8.85
"2023-03-26 13:00:00",46,"Site 2",30.5498,-96.4115,75,12.89,0.177,0.202,0.071,0.164,0.263,0.163,19.34,18.89,18.94,19.33,19.66,19.71,0.103,0.169,0.002,0.057,0.412,0.047,9.64,11.03,4.707,8.9,14.85,8.85
"2023-03-26 14:00:00",47,"Site 2",30.5498,-96.4115,75,12.87,0.177,0.203,0.072,0.164,0.263,0.163,19.99,19.31,19.09,19.31,19.59,19.65,0.105,0.169,0.004,0.057,0.41,0.045,9.64,11.06,4.754,8.9,14.89,8.85
"2023-03-26 15:00:00",48,"Site 2",30.5498,-96.4115,75,13.44,0.178,0.202,0.071,0.162,0.263,0.163,20.96,19.75,19.25,19.33,19.54,19.6,0.105,0.17,0.002,0.056,0.41,0.047,9.64,11,4.71,8.83,14.86,8.85
"2023-03-26 16:00:00",49,"Site 2",30.5498,-96.4115,75,13.15,0.177,0.202,0.071,0.163,0.263,0.164,22.27,20.53,19.5,19.37,19.51,19.56,0.105,0.17,0.002,0.057,0.407,0.046,9.62,11.01,4.714,8.86,14.86,8.9
"2023-03-26 17:00:00",50,"Site 2",30.5498,-96.4115,75,13.48,0.175,0.199,0.071,0.162,0.262,0.163,22.5,20.99,19.82,19.46,19.5,19.52,0.104,0.169,0,0.057,0.407,0.047,9.51,10.86,4.715,8.81,14.79,8.86
"2023-03-26 18:00:00",51,"Site 2",30.5498,-96.4115,75,13.56,0.176,0.2,0.07,0.163,0.263,0.165,23.01,21.41,20.1,19.57,19.5,19.5,0.105,0.17,0.002,0.056,0.408,0.047,9.56,10.89,4.683,8.89,14.87,8.95
"2023-03-26 19:00:00",52,"Site 2",30.5498,-96.4115,75,13.55,0.174,0.201,0.072,0.162,0.263,0.161,22.63,21.63,20.37,19.7,19.53,19.47,0.105,0.17,0.002,0.055,0.407,0.047,9.44,10.97,4.756,8.79,14.84,8.77
"2023-03-26 20:00:00",53,"Site 2",30.5498,-96.4115,75,12.76,0.172,0.198,0.071,0.161,0.261,0.164,21.18,21.32,20.53,19.84,19.56,19.47,0.106,0.169,0.002,0.056,0.408,0.046,9.35,10.78,4.708,8.77,14.74,8.89
"2023-03-26 21:00:00",54,"Site 2",30.5498,-96.4115,75,12.7,0.172,0.198,0.072,0.163,0.262,0.164,20.09,20.76,20.52,19.94,19.61,19.47,0.106,0.168,0.002,0.057,0.409,0.048,9.36,10.78,4.729,8.84,14.81,8.91
"2023-03-26 22:00:00",55,"Site 2",30.5498,-96.4115,75,12.65,0.171,0.198,0.071,0.161,0.261,0.16,19.77,20.34,20.4,19.99,19.65,19.47,0.105,0.167,0.001,0.057,0.408,0.047,9.29,10.78,4.7,8.77,14.74,8.71
"2023-03-26 23:00:00",56,"Site 2",30.5498,-96.4115,75,12.62,0.173,0.197,0.071,0.162,0.261,0.162,19.94,20.21,20.26,19.99,19.69,19.5,0.105,0.165,0,0.056,0.408,0.047,9.41,10.74,4.708,8.84,14.74,8.81
"2023-03-27 00:00:00",57,"Site 2",30.5498,-96.4115,75,12.58,0.174,0.2,0.068,0.163,0.261,0.163,19.83,20.11,20.17,19.97,19.72,19.51,0.105,0.167,0.001,0.055,0.409,0.047,9.47,10.93,4.606,8.84,14.73,8.87
"2023-03-27 01:00:00",58,"Site 2",30.5498,-96.4115,75,12.55,0.172,0.2,0.07,0.16,0.263,0.163,19.65,20.01,20.1,19.95,19.73,19.53,0.104,0.166,0.001,0.054,0.41,0.047,9.34,10.92,4.663,8.7,14.85,8.85
"2023-03-27 02:00:00",59,"Site 2",30.5498,-96.4115,75,12.5,0.172,0.196,0.071,0.162,0.263,0.165,18.97,19.77,20.02,19.93,19.73,19.53,0.104,0.167,0.001,0.056,0.409,0.047,9.34,10.7,4.708,8.79,14.86,8.95
"2023-03-27 03:00:00",60,"Site 2",30.5498,-96.4115,75,12.46,0.172,0.196,0.071,0.162,0.261,0.163,18.2,19.35,19.88,19.88,19.73,19.53,0.104,0.167,0.002,0.055,0.411,0.047,9.35,10.69,4.697,8.82,14.76,8.84
"2023-03-27 04:00:00",61,"Site 2",30.5498,-96.4115,75,12.42,0.17,0.196,0.07,0.16,0.261,0.163,17.63,18.93,19.69,19.83,19.72,19.53,0.104,0.164,0.002,0.055,0.41,0.048,9.24,10.68,4.655,8.7,14.74,8.85
"2023-03-27 05:00:00",62,"Site 2",30.5498,-96.4115,75,12.38,0.169,0.197,0.069,0.161,0.263,0.161,17.12,18.53,19.47,19.73,19.68,19.53,0.103,0.163,0.001,0.054,0.411,0.046,9.2,10.71,4.633,8.74,14.87,8.76
"2023-03-27 06:00:00",63,"Site 2",30.5498,-96.4115,75,12.35,0.169,0.195,0.07,0.161,0.262,0.164,16.88,18.2,19.25,19.63,19.65,19.53,0.102,0.163,0.001,0.054,0.409,0.046,9.17,10.61,4.66,8.75,14.81,8.9
"2023-03-27 07:00:00",64,"Site 2",30.5498,-96.4115,75,12.33,0.168,0.194,0.069,0.159,0.26,0.163,16.66,17.96,19.03,19.52,19.62,19.53,0.102,0.162,0,0.055,0.41,0.047,9.15,10.58,4.629,8.67,14.68,8.87
"2023-03-27 08:00:00",65,"Site 2",30.5498,-96.4115,75,12.34,0.168,0.195,0.07,0.159,0.261,0.163,16.4,17.71,18.84,19.38,19.56,19.51,0.103,0.16,0,0.053,0.41,0.045,9.12,10.6,4.65,8.66,14.75,8.85
"2023-03-27 09:00:00",66,"Site 2",30.5498,-96.4115,75,12.48,0.168,0.196,0.07,0.16,0.262,0.164,17,17.64,18.66,19.26,19.5,19.48,0.103,0.16,0,0.052,0.409,0.045,9.15,10.68,4.648,8.68,14.83,8.93
"2023-03-27 10:00:00",67,"Site 2",30.5498,-96.4115,75,12.99,0.17,0.195,0.071,0.158,0.263,0.166,18.17,17.99,18.57,19.15,19.44,19.45,0.1,0.161,0.001,0.053,0.408,0.044,9.21,10.64,4.722,8.59,14.88,9.01
"2023-03-27 11:00:00",68,"Site 2",30.5498,-96.4115,75,13.03,0.171,0.196,0.068,0.159,0.261,0.164,20.61,18.75,18.63,19.08,19.36,19.41,0.099,0.162,0,0.053,0.408,0.045,9.28,10.66,4.593,8.67,14.71,8.93
"2023-03-27 12:00:00",69,"Site 2",30.5498,-96.4115,75,13.49,0.171,0.196,0.07,0.16,0.262,0.164,22.56,20.08,18.92,19.05,19.3,19.38,0.101,0.162,0.001,0.053,0.405,0.046,9.3,10.65,4.647,8.7,14.82,8.92
"2023-03-27 13:00:00",70,"Site 2",30.5498,-96.4115,75,13.56,0.168,0.194,0.068,0.16,0.26,0.164,24.37,21.05,19.37,19.1,19.26,19.35,0.1,0.162,0,0.052,0.407,0.047,9.11,10.59,4.601,8.72,14.69,8.9
"2023-03-27 14:00:00",71,"Site 2",30.5498,-96.4115,75,13.52,0.171,0.196,0.069,0.158,0.261,0.162,27.06,22.6,19.93,19.25,19.26,19.31,0.101,0.162,0.001,0.05,0.401,0.047,9.28,10.67,4.641,8.6,14.74,8.82
"2023-03-27 15:00:00",72,"Site 2",30.5498,-96.4115,75,13.48,0.168,0.194,0.07,0.159,0.261,0.163,29.12,24.07,20.65,19.48,19.27,19.29,0.102,0.161,0,0.046,0.399,0.053,9.1,10.59,4.667,8.63,14.71,8.86
"2023-03-27 16:00:00",73,"Site 2",30.5498,-96.4115,75,13.48,0.165,0.193,0.068,0.158,0.259,0.163,29.45,25.18,21.42,19.78,19.35,19.28,0.102,0.16,0.001,0.044,0.396,0.06,8.99,10.47,4.592,8.6,14.58,8.87
"2023-03-27 17:00:00",74,"Site 2",30.5498,-96.4115,75,13.46,0.163,0.191,0.07,0.157,0.259,0.162,29.57,25.67,22.08,20.14,19.45,19.29,0.102,0.158,0,0.039,0.393,0.063,8.89,10.38,4.669,8.54,14.57,8.81
"2023-03-27 18:00:00",75,"Site 2",30.5498,-96.4115,75,13.45,0.16,0.189,0.07,0.156,0.259,0.163,28.23,25.78,22.6,20.51,19.61,19.32,0.103,0.156,0.001,0.037,0.393,0.069,8.7,10.27,4.674,8.5,14.63,8.88
"2023-03-27 19:00:00",76,"Site 2",30.5498,-96.4115,75,13.51,0.158,0.187,0.071,0.157,0.259,0.164,26.42,25.28,22.89,20.84,19.77,19.37,0.102,0.153,0.001,0.031,0.393,0.068,8.6,10.14,4.689,8.57,14.6,8.93
"2023-03-27 20:00:00",77,"Site 2",30.5498,-96.4115,75,12.76,0.156,0.187,0.068,0.155,0.259,0.163,24.6,24.57,22.96,21.1,19.96,19.44,0.102,0.153,0.001,0.031,0.392,0.071,8.49,10.14,4.586,8.44,14.61,8.86
"2023-03-27 21:00:00",78,"Site 2",30.5498,-96.4115,75,12.7,0.153,0.185,0.069,0.155,0.261,0.164,23.06,23.67,22.82,21.29,20.1,19.53,0.101,0.152,0.001,0.029,0.393,0.071,8.34,10.07,4.641,8.47,14.73,8.93
"2023-03-27 22:00:00",79,"Site 2",30.5498,-96.4115,75,12.66,0.152,0.185,0.068,0.155,0.258,0.164,22.22,22.97,22.58,21.35,20.26,19.61,0.1,0.148,0.002,0.029,0.393,0.072,8.32,10.07,4.59,8.47,14.55,8.93
"2023-03-27 23:00:00",80,"Site 2",30.5498,-96.4115,75,12.64,0.152,0.182,0.069,0.154,0.262,0.164,21.76,22.44,22.32,21.36,20.37,19.69,0.1,0.148,0.002,0.028,0.394,0.073,8.28,9.9,4.617,8.4,14.82,8.93
"2023-03-28 00:00:00",81,"Site 2",30.5498,-96.4115,75,12.61,0.154,0.183,0.067,0.155,0.26,0.164,21.66,22.11,22.06,21.33,20.44,19.77,0.099,0.148,0.003,0.027,0.389,0.074,8.38,9.94,4.569,8.43,14.66,8.93
"2023-03-28 01:00:00",82,"Site 2",30.5498,-96.4115,75,12.59,0.153,0.182,0.065,0.155,0.26,0.164,21.2,21.82,21.85,21.28,20.49,19.84,0.098,0.147,0.002,0.026,0.397,0.075,8.35,9.89,4.483,8.44,14.64,8.94
"2023-03-28 02:00:00",83,"Site 2",30.5498,-96.4115,75,12.56,0.151,0.181,0.066,0.154,0.262,0.163,20.77,21.47,21.66,21.2,20.52,19.9,0.097,0.145,0.003,0.025,0.396,0.076,8.26,9.82,4.52,8.39,14.8,8.88
"2023-03-28 03:00:00",84,"Site 2",30.5498,-96.4115,75,12.53,0.149,0.181,0.067,0.153,0.261,0.164,20.36,21.12,21.44,21.12,20.52,19.94,0.097,0.144,0.001,0.024,0.395,0.075,8.16,9.85,4.54,8.35,14.74,8.92
"2023-03-28 04:00:00",85,"Site 2",30.5498,-96.4115,75,12.49,0.15,0.181,0.065,0.154,0.262,0.164,20.25,20.88,21.24,21.04,20.52,19.98,0.096,0.143,0.002,0.024,0.398,0.076,8.18,9.83,4.478,8.39,14.78,8.91
"2023-03-28 05:00:00",86,"Site 2",30.5498,-96.4115,75,12.46,0.15,0.18,0.065,0.154,0.262,0.163,19.73,20.6,21.05,20.94,20.51,20.01,0.095,0.141,0.001,0.024,0.397,0.075,8.17,9.79,4.492,8.37,14.8,8.85
"2023-03-28 06:00:00",87,"Site 2",30.5498,-96.4115,75,12.42,0.149,0.179,0.065,0.153,0.263,0.163,19.35,20.26,20.86,20.85,20.49,20.02,0.094,0.142,0.001,0.024,0.398,0.084,8.14,9.74,4.477,8.34,14.85,8.86
"2023-03-28 07:00:00",88,"Site 2",30.5498,-96.4115,75,12.39,0.147,0.179,0.065,0.154,0.261,0.163,18.94,19.96,20.65,20.73,20.45,20.05,0.094,0.14,0.001,0.024,0.398,0.078,8.05,9.72,4.49,8.41,14.74,8.85
"2023-03-28 08:00:00",89,"Site 2",30.5498,-96.4115,75,12.39,0.148,0.179,0.065,0.153,0.262,0.164,18.65,19.67,20.44,20.62,20.41,20.05,0.093,0.137,0.001,0.023,0.399,0.078,8.08,9.71,4.479,8.32,14.79,8.9
"2023-03-28 09:00:00",90,"Site 2",30.5498,-96.4115,75,12.58,0.148,0.179,0.066,0.153,0.262,0.165,18.46,19.41,20.23,20.49,20.36,20.03,0.092,0.137,0.002,0.021,0.397,0.078,8.09,9.69,4.497,8.37,14.77,8.94
"2023-03-28 10:00:00",91,"Site 2",30.5498,-96.4115,75,12.92,0.147,0.177,0.066,0.151,0.26,0.165,18.76,19.3,20.05,20.37,20.31,20.02,0.092,0.137,0.001,0.02,0.395,0.077,8.04,9.61,4.504,8.27,14.69,8.99
"2023-03-28 11:00:00",92,"Site 2",30.5498,-96.4115,75,13.15,0.146,0.177,0.063,0.15,0.261,0.163,20.23,19.53,19.94,20.26,20.25,20.01,0.091,0.136,0.001,0.017,0.39,0.078,7.999,9.59,4.413,8.18,14.7,8.88
"2023-03-28 12:00:00",93,"Site 2",30.5498,-96.4115,75,13.59,0.143,0.176,0.064,0.151,0.258,0.162,22.45,20.41,19.99,20.16,20.18,19.99,0.09,0.135,0.001,0.012,0.39,0.079,7.836,9.57,4.425,8.23,14.56,8.82
"2023-03-28 13:00:00",94,"Site 2",30.5498,-96.4115,75,13.61,0.143,0.176,0.065,0.148,0.26,0.164,24.93,21.6,20.26,20.13,20.13,19.96,0.089,0.136,0,0.008,0.38,0.082,7.842,9.58,4.465,8.11,14.68,8.93
"2023-03-28 14:00:00",95,"Site 2",30.5498,-96.4115,75,13.59,0.142,0.176,0.063,0.149,0.258,0.163,26.69,22.81,20.71,20.19,20.09,19.94,0.089,0.135,0.002,0.005,0.372,0.087,7.814,9.56,4.414,8.17,14.5,8.86
"2023-03-28 15:00:00",96,"Site 2",30.5498,-96.4115,75,13.6,0.141,0.175,0.063,0.148,0.258,0.163,28.72,24.14,21.29,20.34,20.08,19.92,0.091,0.136,0,0.005,0.357,0.09,7.764,9.48,4.392,8.1,14.52,8.86
"2023-03-28 16:00:00",97,"Site 2",30.5498,-96.4115,75,13.57,0.136,0.175,0.063,0.146,0.258,0.163,29.53,25.21,21.95,20.57,20.12,19.91,0.087,0.136,0.001,0.004,0.348,0.093,7.512,9.52,4.412,7.989,14.54,8.87
"2023-03-28 17:00:00",98,"Site 2",30.5498,-96.4115,75,13.58,0.134,0.173,0.063,0.147,0.257,0.165,28.79,25.62,22.54,20.85,20.18,19.91,0.086,0.135,0.002,0.002,0.339,0.098,7.415,9.38,4.417,8.05,14.45,8.98
"2023-03-28 18:00:00",99,"Site 2",30.5498,-96.4115,75,13.57,0.131,0.17,0.065,0.145,0.255,0.166,26.71,25.26,22.9,21.13,20.28,19.93,0.087,0.132,0.001,0.003,0.332,0.101,7.277,9.25,4.463,7.955,14.31,9.02
"2023-03-28 19:00:00",100,"Site 2",30.5498,-96.4115,75,13,0.128,0.169,0.063,0.144,0.255,0.164,24.23,24.37,23,21.38,20.41,19.95,0.085,0.13,0.001,0.002,0.331,0.102,7.139,9.16,4.419,7.902,14.36,8.9
"2023-03-28 20:00:00",101,"Site 2",30.5498,-96.4115,75,12.73,0.128,0.164,0.063,0.143,0.256,0.168,22,23.28,22.82,21.53,20.54,20,0.083,0.13,0,0.002,0.331,0.102,7.119,8.9,4.394,7.827,14.43,9.14
"2023-03-28 21:00:00",102,"Site 2",30.5498,-96.4115,75,12.68,0.126,0.166,0.061,0.144,0.258,0.164,20.85,22.33,22.5,21.58,20.66,20.05,0.083,0.127,0.002,0.004,0.33,0.105,7.045,9.01,4.329,7.89,14.56,8.92
"2023-03-28 22:00:00",103,"Site 2",30.5498,-96.4115,75,12.64,0.13,0.165,0.062,0.144,0.255,0.165,20.33,21.65,22.13,21.53,20.73,20.12,0.081,0.125,0.001,0.003,0.332,0.104,7.2,8.99,4.371,7.885,14.32,8.95
"2023-03-28 23:00:00",104,"Site 2",30.5498,-96.4115,75,12.61,0.13,0.163,0.061,0.142,0.256,0.165,19.63,21.11,21.76,21.45,20.78,20.17,0.08,0.125,0.002,0.003,0.332,0.11,7.202,8.86,4.347,7.806,14.38,8.95
"2023-03-29 00:00:00",105,"Site 2",30.5498,-96.4115,75,12.59,0.125,0.164,0.059,0.143,0.257,0.164,19.11,20.58,21.43,21.32,20.8,20.22,0.081,0.123,0.002,0.002,0.333,0.11,6.992,8.9,4.262,7.858,14.46,8.9
"2023-03-29 01:00:00",106,"Site 2",30.5498,-96.4115,75,12.56,0.126,0.162,0.061,0.143,0.257,0.164,18.68,20.16,21.11,21.19,20.77,20.25,0.079,0.122,0.001,0.002,0.334,0.105,7.014,8.83,4.317,7.847,14.5,8.92
"2023-03-29 02:00:00",107,"Site 2",30.5498,-96.4115,75,12.53,0.126,0.163,0.06,0.142,0.256,0.164,18.29,19.75,20.81,21.02,20.73,20.27,0.079,0.12,0.001,0.001,0.334,0.103,7.028,8.84,4.312,7.814,14.39,8.91
"2023-03-29 03:00:00",108,"Site 2",30.5498,-96.4115,75,12.5,0.125,0.162,0.061,0.141,0.257,0.164,18.18,19.46,20.53,20.87,20.68,20.27,0.077,0.12,0.001,0.001,0.334,0.106,6.968,8.79,4.313,7.755,14.49,8.92
"2023-03-29 04:00:00",109,"Site 2",30.5498,-96.4115,75,12.46,0.125,0.162,0.06,0.141,0.254,0.165,17.83,19.18,20.28,20.71,20.62,20.27,0.075,0.117,0,0.001,0.334,0.105,6.975,8.81,4.293,7.739,14.29,8.95
"2023-03-29 05:00:00",110,"Site 2",30.5498,-96.4115,75,12.43,0.123,0.161,0.059,0.141,0.254,0.165,17.57,18.91,20.05,20.54,20.54,20.27,0.075,0.113,0.001,0,0.336,0.104,6.909,8.78,4.248,7.734,14.29,8.97
"2023-03-29 06:00:00",111,"Site 2",30.5498,-96.4115,75,12.4,0.123,0.162,0.059,0.141,0.256,0.164,17.52,18.71,19.83,20.39,20.46,20.24,0.074,0.114,0.001,0,0.334,0.104,6.911,8.8,4.265,7.731,14.38,8.9
"2023-03-29 07:00:00",112,"Site 2",30.5498,-96.4115,75,12.37,0.124,0.161,0.058,0.141,0.255,0.165,17.33,18.53,19.63,20.24,20.38,20.21,0.073,0.113,0,0,0.336,0.104,6.935,8.76,4.216,7.734,14.36,8.95
"2023-03-29 08:00:00",113,"Site 2",30.5498,-96.4115,75,12.35,0.122,0.159,0.057,0.14,0.256,0.164,17.07,18.36,19.47,20.09,20.29,20.17,0.074,0.112,0,0,0.333,0.103,6.852,8.67,4.176,7.69,14.4,8.9
"2023-03-29 09:00:00",114,"Site 2",30.5498,-96.4115,75,12.37,0.122,0.159,0.058,0.14,0.256,0.164,17.04,18.2,19.28,19.95,20.21,20.14,0.071,0.112,0,0,0.334,0.102,6.87,8.64,4.204,7.702,14.39,8.89
"2023-03-29 10:00:00",115,"Site 2",30.5498,-96.4115,75,12.85,0.12,0.157,0.058,0.137,0.255,0.165,17.46,18.17,19.16,19.83,20.13,20.09,0.071,0.109,0,0,0.333,0.103,6.767,8.56,4.219,7.576,14.36,8.97
"2023-03-29 11:00:00",116,"Site 2",30.5498,-96.4115,75,12.91,0.124,0.161,0.058,0.142,0.256,0.163,19.54,18.58,19.08,19.72,20.05,20.05,0.07,0.108,0,0,0.333,0.102,6.96,8.74,4.231,7.787,14.37,8.87
"2023-03-29 12:00:00",117,"Site 2",30.5498,-96.4115,75,13.25,0.123,0.16,0.058,0.139,0.253,0.164,23.06,19.9,19.24,19.63,19.96,20.01,0.071,0.113,0,0,0.329,0.103,6.898,8.73,4.205,7.657,14.23,8.92
"2023-03-29 13:00:00",118,"Site 2",30.5498,-96.4115,75,13.57,0.12,0.16,0.058,0.139,0.254,0.164,26.67,21.76,19.7,19.63,19.89,19.95,0.073,0.115,0,0,0.321,0.103,6.748,8.72,4.206,7.641,14.23,8.94
"2023-03-29 14:00:00",119,"Site 2",30.5498,-96.4115,75,13.56,0.119,0.16,0.057,0.14,0.253,0.163,27.44,23.18,20.41,19.76,19.85,19.92,0.073,0.116,0,0,0.316,0.105,6.714,8.69,4.196,7.692,14.22,8.87
"2023-03-29 15:00:00",120,"Site 2",30.5498,-96.4115,75,13.57,0.115,0.159,0.057,0.138,0.253,0.165,26.87,23.78,21.08,20,19.86,19.87,0.073,0.117,0,0,0.31,0.106,6.544,8.64,4.193,7.625,14.19,8.96
"2023-03-29 16:00:00",121,"Site 2",30.5498,-96.4115,75,13.56,0.115,0.157,0.058,0.138,0.251,0.165,26.34,23.96,21.56,20.28,19.91,19.85,0.072,0.118,0.001,0,0.304,0.109,6.522,8.54,4.216,7.617,14.05,8.95
"2023-03-29 17:00:00",122,"Site 2",30.5498,-96.4115,75,13.62,0.112,0.156,0.057,0.137,0.252,0.165,25,23.73,21.85,20.53,19.99,19.85,0.071,0.119,0.001,0,0.298,0.112,6.388,8.49,4.201,7.551,14.11,8.95
"2023-03-29 18:00:00",123,"Site 2",30.5498,-96.4115,75,13.1,0.112,0.156,0.058,0.136,0.252,0.164,24.05,23.39,21.99,20.74,20.09,19.86,0.07,0.117,0,0,0.297,0.113,6.389,8.52,4.239,7.513,14.13,8.93
"2023-03-29 19:00:00",124,"Site 2",30.5498,-96.4115,75,12.78,0.109,0.157,0.058,0.136,0.251,0.165,23.07,22.92,22,20.9,20.2,19.89,0.069,0.116,0.001,0,0.297,0.112,6.243,8.53,4.214,7.52,14.08,8.98
"2023-03-29 20:00:00",125,"Site 2",30.5498,-96.4115,75,12.72,0.108,0.153,0.058,0.136,0.251,0.165,22,22.42,21.91,20.99,20.29,19.93,0.068,0.115,0.001,0,0.297,0.116,6.223,8.32,4.216,7.518,14.07,8.95
"2023-03-29 21:00:00",126,"Site 2",30.5498,-96.4115,75,12.68,0.11,0.153,0.058,0.135,0.251,0.164,21.24,21.89,21.74,21.02,20.38,19.97,0.064,0.114,0.002,0,0.298,0.115,6.302,8.37,4.208,7.48,14.06,8.9
"2023-03-29 22:00:00",127,"Site 2",30.5498,-96.4115,75,12.65,0.109,0.152,0.056,0.137,0.251,0.164,20.76,21.46,21.54,21.03,20.43,20.01,0.065,0.115,0.002,0,0.301,0.116,6.249,8.27,4.151,7.539,14.07,8.9
"2023-03-29 23:00:00",128,"Site 2",30.5498,-96.4115,75,12.61,0.105,0.152,0.057,0.135,0.251,0.165,20.37,21.11,21.34,20.98,20.47,20.05,0.062,0.112,0.001,0,0.3,0.117,6.078,8.29,4.186,7.459,14.04,8.96
"2023-03-30 00:00:00",129,"Site 2",30.5498,-96.4115,75,12.59,0.107,0.151,0.057,0.135,0.251,0.164,20.05,20.81,21.14,20.93,20.49,20.08,0.06,0.113,0.001,0,0.299,0.117,6.194,8.27,4.174,7.466,14.07,8.93
"2023-03-30 01:00:00",130,"Site 2",30.5498,-96.4115,75,12.56,0.106,0.152,0.057,0.137,0.252,0.164,19.72,20.53,20.97,20.85,20.49,20.11,0.06,0.112,0.001,0,0.303,0.117,6.135,8.27,4.17,7.534,14.11,8.93
"2023-03-30 02:00:00",131,"Site 2",30.5498,-96.4115,75,12.53,0.109,0.15,0.056,0.135,0.251,0.164,19.26,20.25,20.78,20.77,20.48,20.13,0.058,0.111,0.001,0,0.301,0.117,6.246,8.2,4.163,7.483,14.09,8.91
"2023-03-30 03:00:00",132,"Site 2",30.5498,-96.4115,75,12.49,0.107,0.149,0.055,0.134,0.251,0.165,18.94,19.92,20.58,20.67,20.45,20.14,0.054,0.11,0.001,0,0.303,0.116,6.169,8.14,4.098,7.388,14.06,8.95
"2023-03-30 04:00:00",133,"Site 2",30.5498,-96.4115,75,12.46,0.105,0.15,0.056,0.134,0.251,0.164,18.99,19.75,20.4,20.56,20.42,20.15,0.052,0.107,0.001,0,0.304,0.116,6.103,8.2,4.162,7.43,14.05,8.92
"2023-03-30 05:00:00",134,"Site 2",30.5498,-96.4115,75,12.43,0.106,0.151,0.057,0.134,0.252,0.163,18.93,19.64,20.25,20.46,20.39,20.13,0.052,0.107,0,0,0.304,0.116,6.114,8.23,4.168,7.423,14.13,8.87
"2023-03-30 06:00:00",135,"Site 2",30.5498,-96.4115,75,12.4,0.108,0.149,0.055,0.136,0.25,0.165,18.88,19.54,20.11,20.38,20.33,20.13,0.051,0.105,0.001,0,0.304,0.118,6.21,8.13,4.118,7.526,14.02,8.96
"2023-03-30 07:00:00",136,"Site 2",30.5498,-96.4115,75,12.37,0.104,0.149,0.055,0.134,0.249,0.164,18.88,19.46,20.02,20.27,20.28,20.12,0.05,0.105,0,0,0.303,0.117,6.029,8.13,4.11,7.397,13.96,8.94
"2023-03-30 08:00:00",137,"Site 2",30.5498,-96.4115,75,12.37,0.106,0.147,0.056,0.135,0.251,0.163,18.88,19.41,19.93,20.18,20.23,20.1,0.05,0.105,0,0,0.303,0.115,6.116,8.06,4.148,7.445,14.06,8.89
"2023-03-30 09:00:00",138,"Site 2",30.5498,-96.4115,75,12.59,0.104,0.148,0.054,0.134,0.25,0.164,19.32,19.44,19.85,20.12,20.18,20.07,0.049,0.105,0,0,0.303,0.117,6.063,8.12,4.085,7.412,13.99,8.94
"2023-03-30 10:00:00",139,"Site 2",30.5498,-96.4115,75,13.01,0.104,0.148,0.055,0.134,0.25,0.166,20.84,19.82,19.83,20.05,20.14,20.05,0.048,0.105,0,0,0.303,0.116,6.033,8.1,4.102,7.433,13.99,9.01
"2023-03-30 11:00:00",140,"Site 2",30.5498,-96.4115,75,12.93,0.105,0.151,0.056,0.133,0.248,0.163,22.33,20.65,19.97,20.02,20.09,20.03,0.052,0.106,0,0,0.3,0.117,6.081,8.26,4.156,7.371,13.87,8.87
"2023-03-30 12:00:00",141,"Site 2",30.5498,-96.4115,75,13.03,0.102,0.149,0.054,0.135,0.248,0.164,22.26,20.98,20.2,20.04,20.05,20,0.053,0.106,0,0,0.299,0.117,5.943,8.12,4.067,7.478,13.87,8.92
"2023-03-30 13:00:00",142,"Site 2",30.5498,-96.4115,75,13.05,0.104,0.149,0.054,0.134,0.25,0.164,23.02,21.38,20.41,20.1,20.05,19.97,0.055,0.107,0,0,0.296,0.117,6.05,8.16,4.071,7.399,13.99,8.91
"2023-03-30 14:00:00",143,"Site 2",30.5498,-96.4115,75,13.31,0.102,0.149,0.054,0.133,0.248,0.164,22.87,21.69,20.64,20.17,20.05,19.96,0.055,0.107,0,0,0.294,0.119,5.972,8.17,4.094,7.382,13.89,8.91
"2023-03-30 15:00:00",144,"Site 2",30.5498,-96.4115,75,13.38,0.103,0.149,0.056,0.133,0.249,0.164,24.05,22.04,20.84,20.27,20.05,19.95,0.056,0.109,0,0,0.293,0.12,5.999,8.15,4.141,7.377,13.92,8.92
"2023-03-30 16:00:00",145,"Site 2",30.5498,-96.4115,75,13.36,0.101,0.148,0.054,0.132,0.249,0.164,24.31,22.57,21.09,20.39,20.08,19.95,0.057,0.109,0.001,0,0.29,0.122,5.911,8.08,4.087,7.303,13.95,8.91
"2023-03-30 17:00:00",146,"Site 2",30.5498,-96.4115,75,12.99,0.101,0.148,0.054,0.132,0.247,0.164,24.16,22.72,21.32,20.51,20.13,19.95,0.058,0.11,0.001,0,0.287,0.124,5.915,8.11,4.089,7.3,13.78,8.92
"2023-03-30 18:00:00",147,"Site 2",30.5498,-96.4115,75,13.12,0.098,0.148,0.056,0.13,0.247,0.163,23.57,22.71,21.5,20.63,20.17,19.96,0.057,0.111,0,0,0.287,0.126,5.806,8.11,4.154,7.23,13.8,8.88
"2023-03-30 19:00:00",148,"Site 2",30.5498,-96.4115,75,12.8,0.098,0.15,0.056,0.135,0.249,0.163,23.35,22.63,21.59,20.75,20.24,19.97,0.056,0.11,0.001,0,0.287,0.127,5.796,8.22,4.137,7.447,13.92,8.85
"2023-03-30 20:00:00",149,"Site 2",30.5498,-96.4115,75,12.73,0.101,0.145,0.055,0.133,0.248,0.165,22.55,22.4,21.65,20.83,20.29,19.99,0.055,0.11,0.001,0,0.287,0.128,5.896,7.933,4.131,7.342,13.85,8.94
"2023-03-30 21:00:00",150,"Site 2",30.5498,-96.4115,75,12.68,0.098,0.145,0.055,0.132,0.249,0.165,21.93,22.05,21.59,20.9,20.36,20.02,0.053,0.109,0.001,0,0.289,0.129,5.805,7.97,4.127,7.309,13.92,8.95
"2023-03-30 22:00:00",151,"Site 2",30.5498,-96.4115,75,12.64,0.099,0.146,0.055,0.132,0.249,0.164,21.41,21.75,21.51,20.94,20.41,20.05,0.053,0.108,0.001,0,0.289,0.129,5.824,7.98,4.113,7.322,13.96,8.94
"2023-03-30 23:00:00",152,"Site 2",30.5498,-96.4115,75,12.6,0.099,0.143,0.057,0.132,0.249,0.164,21.13,21.49,21.39,20.94,20.45,20.07,0.052,0.108,0.001,0,0.289,0.13,5.831,7.845,4.167,7.294,13.94,8.94
"2023-03-31 00:00:00",153,"Site 2",30.5498,-96.4115,75,12.57,0.097,0.144,0.055,0.131,0.248,0.164,21.08,21.33,21.3,20.92,20.48,20.11,0.05,0.109,0.001,0,0.289,0.131,5.752,7.915,4.128,7.279,13.86,8.92
"2023-03-31 01:00:00",154,"Site 2",30.5498,-96.4115,75,12.54,0.097,0.145,0.057,0.132,0.249,0.164,21.02,21.24,21.19,20.89,20.49,20.14,0.049,0.108,0.001,0,0.291,0.129,5.748,7.958,4.194,7.293,13.95,8.91
"2023-03-31 02:00:00",155,"Site 2",30.5498,-96.4115,75,12.51,0.097,0.145,0.056,0.131,0.248,0.163,21.13,21.19,21.12,20.86,20.49,20.16,0.05,0.107,0,0,0.293,0.129,5.746,7.925,4.14,7.26,13.88,8.88
"2023-03-31 03:00:00",156,"Site 2",30.5498,-96.4115,75,12.48,0.098,0.144,0.055,0.132,0.249,0.164,21.24,21.22,21.09,20.83,20.49,20.17,0.05,0.108,0.001,0,0.292,0.13,5.782,7.911,4.105,7.328,13.91,8.93
"2023-03-31 04:00:00",157,"Site 2",30.5498,-96.4115,75,12.45,0.098,0.144,0.054,0.13,0.248,0.164,21.13,21.19,21.05,20.8,20.49,20.18,0.048,0.108,0.002,0,0.29,0.129,5.771,7.897,4.094,7.232,13.87,8.93
"2023-03-31 05:00:00",158,"Site 2",30.5498,-96.4115,75,12.42,0.096,0.144,0.055,0.132,0.248,0.163,21.07,21.13,21.02,20.79,20.49,20.18,0.049,0.106,0.002,0,0.291,0.13,5.71,7.885,4.121,7.307,13.87,8.86
"2023-03-31 06:00:00",159,"Site 2",30.5498,-96.4115,75,12.4,0.095,0.142,0.055,0.132,0.247,0.164,21.13,21.13,20.99,20.77,20.49,20.2,0.048,0.105,0.001,0,0.292,0.13,5.668,7.816,4.107,7.3,13.83,8.92
"2023-03-31 07:00:00",160,"Site 2",30.5498,-96.4115,75,12.38,0.096,0.144,0.054,0.132,0.247,0.165,21.01,21.09,20.97,20.75,20.49,20.21,0.049,0.107,0.001,0,0.292,0.129,5.693,7.88,4.077,7.296,13.78,8.96
"2023-03-31 08:00:00",161,"Site 2",30.5498,-96.4115,75,12.39,0.095,0.145,0.053,0.131,0.249,0.163,21.03,21.05,20.94,20.74,20.48,20.21,0.048,0.107,0.001,0,0.293,0.128,5.677,7.925,4.058,7.25,13.91,8.85
"2023-03-31 09:00:00",162,"Site 2",30.5498,-96.4115,75,12.49,0.096,0.144,0.055,0.131,0.249,0.165,21.51,21.12,20.94,20.71,20.46,20.21,0.047,0.107,0.002,0,0.292,0.131,5.686,7.876,4.112,7.279,13.92,8.95
"2023-03-31 10:00:00",163,"Site 2",30.5498,-96.4115,75,12.87,0.096,0.144,0.056,0.131,0.247,0.164,22.49,21.44,20.97,20.71,20.46,20.21,0.047,0.106,0.001,0,0.292,0.129,5.689,7.874,4.143,7.267,13.81,8.91
"2023-03-31 11:00:00",164,"Site 2",30.5498,-96.4115,75,13.06,0.093,0.145,0.055,0.129,0.248,0.166,23.32,21.9,21.08,20.72,20.46,20.21,0.047,0.106,0.001,0,0.29,0.128,5.561,7.953,4.098,7.192,13.9,9.01
"2023-03-31 12:00:00",165,"Site 2",30.5498,-96.4115,75,13.27,0.095,0.143,0.055,0.129,0.247,0.164,24.77,22.48,21.27,20.76,20.46,20.21,0.05,0.108,0.002,0,0.287,0.132,5.674,7.824,4.096,7.166,13.82,8.9
"2023-03-31 13:00:00",166,"Site 2",30.5498,-96.4115,75,13.47,0.097,0.143,0.054,0.131,0.246,0.165,25.93,23.24,21.56,20.84,20.48,20.21,0.051,0.11,0.002,0,0.281,0.138,5.751,7.86,4.068,7.273,13.74,8.98
"2023-03-31 14:00:00",167,"Site 2",30.5498,-96.4115,75,13.09,0.099,0.144,0.055,0.13,0.247,0.163,26.89,23.93,21.91,20.96,20.5,20.21,0.053,0.112,0.001,0,0.274,0.143,5.811,7.892,4.105,7.22,13.79,8.86
"2023-03-31 15:00:00",168,"Site 2",30.5498,-96.4115,75,13.45,0.096,0.144,0.054,0.129,0.245,0.166,27.28,24.31,22.27,21.11,20.54,20.23,0.054,0.113,0.002,0,0.266,0.15,5.725,7.903,4.095,7.161,13.69,9.01
"2023-03-31 16:00:00",169,"Site 2",30.5498,-96.4115,75,13.43,0.097,0.142,0.056,0.129,0.246,0.164,30.47,25.57,22.65,21.31,20.63,20.25,0.056,0.115,0.003,0,0.258,0.156,5.744,7.814,4.137,7.176,13.74,8.93
"2023-03-31 17:00:00",170,"Site 2",30.5498,-96.4115,75,13.43,0.096,0.142,0.057,0.128,0.243,0.164,30.52,26.49,23.22,21.52,20.71,20.28,0.057,0.117,0.003,0,0.247,0.166,5.685,7.785,4.185,7.14,13.52,8.93
"2023-03-31 18:00:00",171,"Site 2",30.5498,-96.4115,75,13.42,0.095,0.141,0.056,0.129,0.243,0.165,29.29,26.59,23.69,21.79,20.81,20.31,0.056,0.12,0.003,0.001,0.243,0.173,5.652,7.769,4.153,7.169,13.54,8.96
"2023-03-31 19:00:00",172,"Site 2",30.5498,-96.4115,75,13.41,0.091,0.14,0.056,0.128,0.242,0.165,27.59,26.23,23.96,22.05,20.95,20.37,0.053,0.12,0.003,0.003,0.24,0.177,5.502,7.721,4.151,7.125,13.51,8.97
"2023-03-31 20:00:00",173,"Site 2",30.5498,-96.4115,75,12.78,0.091,0.14,0.057,0.128,0.242,0.165,25.78,25.56,24.02,22.29,21.08,20.43,0.051,0.12,0.002,0.003,0.238,0.178,5.503,7.71,4.17,7.136,13.51,8.95
"2023-03-31 21:00:00",174,"Site 2",30.5498,-96.4115,75,12.73,0.091,0.139,0.057,0.129,0.242,0.165,24.59,24.85,23.91,22.42,21.22,20.5,0.049,0.118,0.004,0.004,0.241,0.18,5.483,7.629,4.192,7.159,13.49,8.97
"2023-03-31 22:00:00",175,"Site 2",30.5498,-96.4115,75,12.68,0.089,0.139,0.057,0.129,0.242,0.165,23.74,24.31,23.72,22.48,21.33,20.57,0.047,0.118,0.004,0.004,0.242,0.179,5.411,7.656,4.18,7.164,13.48,8.95
"2023-03-31 23:00:00",176,"Site 2",30.5498,-96.4115,75,12.65,0.09,0.138,0.057,0.127,0.242,0.165,22.82,23.71,23.51,22.49,21.42,20.66,0.046,0.117,0.004,0.004,0.246,0.18,5.459,7.614,4.167,7.089,13.45,8.94
"2023-04-01 00:00:00",177,"Site 2",30.5498,-96.4115,75,12.61,0.09,0.138,0.056,0.129,0.243,0.165,22.13,23.18,23.24,22.47,21.5,20.72,0.043,0.117,0.004,0.006,0.248,0.18,5.448,7.627,4.163,7.157,13.52,8.95
"2023-04-01 01:00:00",178,"Site 2",30.5498,-96.4115,75,12.58,0.089,0.137,0.055,0.127,0.244,0.165,21.49,22.69,22.97,22.4,21.53,20.8,0.041,0.114,0.005,0.005,0.25,0.181,5.427,7.534,4.129,7.075,13.58,8.95
"2023-04-01 02:00:00",179,"Site 2",30.5498,-96.4115,75,12.55,0.089,0.136,0.056,0.13,0.243,0.165,20.97,22.23,22.7,22.32,21.56,20.84,0.041,0.113,0.005,0.006,0.252,0.181,5.419,7.504,4.137,7.224,13.57,8.95
"2023-04-01 03:00:00",180,"Site 2",30.5498,-96.4115,75,12.52,0.092,0.136,0.055,0.128,0.244,0.164,20.51,21.82,22.43,22.2,21.55,20.89,0.039,0.11,0.004,0.006,0.253,0.181,5.542,7.505,4.099,7.131,13.62,8.91
"2023-04-01 04:00:00",181,"Site 2",30.5498,-96.4115,75,12.48,0.088,0.135,0.055,0.128,0.244,0.164,19.92,21.42,22.16,22.06,21.53,20.91,0.037,0.106,0.004,0.005,0.254,0.183,5.379,7.456,4.111,7.136,13.63,8.92
"2023-04-01 05:00:00",182,"Site 2",30.5498,-96.4115,75,12.45,0.09,0.136,0.055,0.128,0.245,0.167,19.34,20.97,21.88,21.93,21.5,20.94,0.037,0.105,0.003,0.006,0.256,0.181,5.468,7.487,4.116,7.133,13.67,9.05
"2023-04-01 06:00:00",183,"Site 2",30.5498,-96.4115,75,12.41,0.088,0.135,0.055,0.128,0.243,0.164,18.87,20.56,21.58,21.78,21.45,20.94,0.035,0.1,0.004,0.006,0.257,0.182,5.38,7.469,4.109,7.125,13.57,8.92
"2023-04-01 07:00:00",184,"Site 2",30.5498,-96.4115,75,12.37,0.088,0.133,0.051,0.126,0.244,0.164,18.43,20.18,21.31,21.62,21.39,20.94,0.034,0.095,0.003,0.006,0.257,0.182,5.365,7.352,3.989,7.054,13.61,8.9
"2023-04-01 08:00:00",185,"Site 2",30.5498,-96.4115,75,12.39,0.087,0.132,0.054,0.128,0.243,0.166,17.81,19.77,21.04,21.45,21.33,20.94,0.033,0.093,0.004,0.005,0.255,0.181,5.326,7.309,4.069,7.147,13.56,9
"2023-04-01 09:00:00",186,"Site 2",30.5498,-96.4115,75,12.57,0.087,0.132,0.053,0.127,0.245,0.164,18.2,19.49,20.76,21.28,21.25,20.92,0.033,0.089,0.003,0.005,0.256,0.18,5.335,7.337,4.037,7.07,13.65,8.93
"2023-04-01 10:00:00",187,"Site 2",30.5498,-96.4115,75,12.72,0.088,0.133,0.053,0.127,0.244,0.165,20.99,20.03,20.58,21.13,21.17,20.89,0.033,0.09,0.003,0.005,0.258,0.179,5.381,7.371,4.042,7.083,13.59,8.99
"2023-04-01 11:00:00",188,"Site 2",30.5498,-96.4115,75,12.77,0.089,0.133,0.052,0.126,0.242,0.163,23.88,21.21,20.7,20.99,21.08,20.87,0.037,0.096,0.004,0.005,0.254,0.181,5.4,7.368,4.016,7.033,13.48,8.87
"2023-04-01 12:00:00",189,"Site 2",30.5498,-96.4115,75,13.06,0.086,0.136,0.054,0.126,0.242,0.164,27.13,22.64,21.06,20.97,20.99,20.83,0.04,0.106,0.004,0.005,0.246,0.182,5.276,7.501,4.074,7.036,13.48,8.92
"2023-04-01 13:00:00",190,"Site 2",30.5498,-96.4115,75,13.6,0.089,0.134,0.051,0.126,0.239,0.163,30.27,24.41,21.65,21.04,20.96,20.81,0.045,0.11,0.004,0.009,0.236,0.189,5.402,7.396,3.979,7.042,13.3,8.88
"2023-04-01 14:00:00",191,"Site 2",30.5498,-96.4115,75,13.44,0.088,0.136,0.054,0.127,0.239,0.164,33.14,26.28,22.46,21.25,20.94,20.76,0.049,0.115,0.004,0.009,0.227,0.199,5.355,7.508,4.088,7.097,13.25,8.93
"2023-04-01 15:00:00",192,"Site 2",30.5498,-96.4115,75,13.45,0.088,0.134,0.055,0.126,0.238,0.164,33.36,27.65,23.37,21.54,20.97,20.74,0.051,0.119,0.005,0.01,0.218,0.209,5.385,7.416,4.129,7.029,13.21,8.92
"2023-04-01 16:00:00",193,"Site 2",30.5498,-96.4115,75,13.45,0.086,0.135,0.056,0.125,0.237,0.165,31.19,27.76,24.1,21.95,21.09,20.74,0.053,0.12,0.004,0.01,0.213,0.219,5.293,7.47,4.137,6.98,13.15,8.98
"2023-04-01 17:00:00",194,"Site 2",30.5498,-96.4115,75,13.48,0.083,0.133,0.056,0.124,0.236,0.164,29.57,27.28,24.48,22.32,21.22,20.76,0.052,0.121,0.005,0.011,0.21,0.227,5.162,7.363,4.139,6.948,13.12,8.94
"2023-04-01 18:00:00",195,"Site 2",30.5498,-96.4115,75,12.96,0.079,0.134,0.055,0.127,0.234,0.165,28.38,26.92,24.65,22.62,21.38,20.81,0.053,0.12,0.006,0.013,0.21,0.231,4.998,7.396,4.109,7.072,12.97,8.98
"2023-04-01 19:00:00",196,"Site 2",30.5498,-96.4115,75,12.94,0.08,0.132,0.056,0.127,0.234,0.167,26.42,26.19,24.67,22.84,21.55,20.86,0.053,0.12,0.006,0.013,0.211,0.233,5.034,7.321,4.138,7.066,12.95,9.07
"2023-04-01 20:00:00",197,"Site 2",30.5498,-96.4115,75,12.73,0.08,0.132,0.057,0.126,0.236,0.164,24.85,25.41,24.51,22.97,21.7,20.94,0.052,0.119,0.006,0.014,0.213,0.233,5.04,7.325,4.17,7.022,13.11,8.93
"2023-04-01 21:00:00",198,"Site 2",30.5498,-96.4115,75,12.68,0.081,0.13,0.056,0.127,0.237,0.164,23.47,24.58,24.26,23.03,21.82,21.02,0.051,0.118,0.006,0.014,0.215,0.234,5.088,7.213,4.153,7.071,13.14,8.94
"2023-04-01 22:00:00",199,"Site 2",30.5498,-96.4115,75,12.64,0.079,0.13,0.057,0.127,0.237,0.167,22.42,23.82,23.94,23.01,21.91,21.09,0.047,0.116,0.005,0.014,0.218,0.234,4.996,7.201,4.186,7.078,13.16,9.06
"2023-04-01 23:00:00",200,"Site 2",30.5498,-96.4115,75,12.6,0.079,0.129,0.056,0.124,0.238,0.165,21.66,23.16,23.57,22.94,21.96,21.16,0.045,0.113,0.007,0.016,0.22,0.235,5.01,7.197,4.14,6.926,13.23,8.98
"2023-04-02 00:00:00",201,"Site 2",30.5498,-96.4115,75,12.58,0.079,0.129,0.056,0.126,0.238,0.166,21.27,22.64,23.22,22.83,22,21.22,0.043,0.11,0.006,0.016,0.221,0.235,5.008,7.15,4.144,7.011,13.2,9.03
"2023-04-02 01:00:00",202,"Site 2",30.5498,-96.4115,75,12.55,0.08,0.127,0.055,0.127,0.238,0.164,21.06,22.27,22.91,22.69,22,21.29,0.041,0.109,0.006,0.017,0.224,0.236,5.034,7.097,4.121,7.059,13.22,8.9
"2023-04-02 02:00:00",203,"Site 2",30.5498,-96.4115,75,12.52,0.08,0.126,0.055,0.126,0.238,0.166,20.7,21.95,22.64,22.55,21.98,21.31,0.04,0.105,0.007,0.017,0.226,0.235,5.036,7.034,4.117,7.016,13.23,9.04
"2023-04-02 03:00:00",204,"Site 2",30.5498,-96.4115,75,12.48,0.078,0.126,0.054,0.125,0.24,0.166,20.17,21.59,22.38,22.4,21.93,21.33,0.039,0.103,0.007,0.016,0.226,0.234,4.96,7.032,4.086,6.986,13.33,9.01
"2023-04-02 04:00:00",205,"Site 2",30.5498,-96.4115,75,12.44,0.078,0.127,0.055,0.126,0.239,0.166,19.76,21.22,22.11,22.25,21.89,21.33,0.037,0.102,0.006,0.016,0.229,0.235,4.993,7.1,4.117,7.041,13.29,9.01
"2023-04-02 05:00:00",206,"Site 2",30.5498,-96.4115,75,12.41,0.077,0.126,0.054,0.125,0.239,0.165,19.81,20.97,21.86,22.09,21.83,21.33,0.036,0.099,0.007,0.017,0.228,0.235,4.94,7.017,4.095,6.97,13.26,8.99
"2023-04-02 06:00:00",207,"Site 2",30.5498,-96.4115,75,12.39,0.077,0.126,0.053,0.125,0.237,0.165,19.57,20.78,21.66,21.94,21.76,21.33,0.036,0.096,0.006,0.017,0.229,0.235,4.953,7.017,4.038,6.999,13.17,8.99
"2023-04-02 07:00:00",208,"Site 2",30.5498,-96.4115,75,12.37,0.075,0.125,0.054,0.125,0.236,0.165,19.22,20.52,21.45,21.8,21.71,21.31,0.033,0.093,0.006,0.016,0.229,0.235,4.875,7.001,4.085,7.007,13.1,8.99
"2023-04-02 08:00:00",209,"Site 2",30.5498,-96.4115,75,12.39,0.077,0.124,0.054,0.125,0.238,0.166,18.95,20.28,21.26,21.66,21.62,21.29,0.034,0.091,0.004,0.015,0.228,0.233,4.927,6.955,4.063,6.984,13.23,9.03
"2023-04-02 09:00:00",210,"Site 2",30.5498,-96.4115,75,12.44,0.075,0.124,0.053,0.125,0.237,0.165,19.76,20.26,21.08,21.52,21.53,21.27,0.033,0.091,0.005,0.015,0.229,0.234,4.844,6.946,4.033,6.968,13.19,8.94
"2023-04-02 10:00:00",211,"Site 2",30.5498,-96.4115,75,13.02,0.074,0.121,0.054,0.129,0.238,0.166,21.1,20.62,20.99,21.39,21.45,21.23,0.034,0.09,0.005,0.016,0.227,0.231,4.805,6.824,4.082,7.167,13.2,9.03
"2023-04-02 11:00:00",212,"Site 2",30.5498,-96.4115,75,13.05,0.077,0.124,0.053,0.126,0.237,0.167,22.73,21.32,21.06,21.31,21.39,21.19,0.035,0.094,0.005,0.015,0.225,0.23,4.946,6.946,4.043,7.039,13.14,9.07
"2023-04-02 12:00:00",213,"Site 2",30.5498,-96.4115,75,13.01,0.075,0.125,0.053,0.126,0.238,0.166,23.79,21.99,21.28,21.28,21.31,21.14,0.037,0.096,0.004,0.015,0.224,0.232,4.87,7.008,4.037,7.016,13.25,9
"2023-04-02 13:00:00",214,"Site 2",30.5498,-96.4115,75,13.06,0.074,0.126,0.054,0.124,0.239,0.163,23.78,22.44,21.52,21.31,21.27,21.1,0.04,0.1,0.003,0.015,0.223,0.23,4.819,7.024,4.085,6.944,13.27,8.85
"2023-04-02 14:00:00",215,"Site 2",30.5498,-96.4115,75,13.42,0.076,0.127,0.053,0.124,0.234,0.165,24.39,22.72,21.74,21.36,21.24,21.07,0.041,0.101,0.004,0.015,0.22,0.233,4.884,7.062,4.059,6.94,13,8.97
"2023-04-02 15:00:00",216,"Site 2",30.5498,-96.4115,75,13.51,0.074,0.125,0.052,0.122,0.236,0.165,25.45,23.3,21.98,21.45,21.24,21.05,0.044,0.104,0.004,0.014,0.22,0.236,4.833,6.999,4.016,6.853,13.1,8.97
"2023-04-02 16:00:00",217,"Site 2",30.5498,-96.4115,75,13.47,0.075,0.126,0.054,0.125,0.234,0.165,26.61,23.92,22.28,21.54,21.25,21.03,0.046,0.106,0.005,0.014,0.218,0.243,4.858,7.013,4.088,6.977,12.94,8.98
"2023-04-02 17:00:00",218,"Site 2",30.5498,-96.4115,75,13.47,0.076,0.127,0.055,0.123,0.233,0.167,27.31,24.52,22.61,21.69,21.27,21.02,0.049,0.109,0.005,0.014,0.212,0.251,4.891,7.077,4.124,6.917,12.89,9.09
"2023-04-02 18:00:00",219,"Site 2",30.5498,-96.4115,75,13.41,0.073,0.126,0.055,0.124,0.235,0.166,26.15,24.61,22.91,21.84,21.31,21.02,0.051,0.109,0.004,0.014,0.209,0.257,4.783,7.046,4.11,6.95,13.06,9
"2023-04-02 19:00:00",220,"Site 2",30.5498,-96.4115,75,13.5,0.073,0.124,0.056,0.124,0.231,0.166,25.25,24.37,23.08,21.99,21.37,21.02,0.052,0.111,0.005,0.014,0.208,0.261,4.772,6.945,4.137,6.936,12.8,9.02
"2023-04-02 20:00:00",221,"Site 2",30.5498,-96.4115,75,12.78,0.073,0.124,0.056,0.124,0.233,0.167,24.15,24,23.12,22.12,21.45,21.05,0.052,0.11,0.006,0.015,0.207,0.264,4.777,6.959,4.165,6.92,12.91,9.07
"2023-04-02 21:00:00",222,"Site 2",30.5498,-96.4115,75,12.73,0.073,0.125,0.053,0.123,0.233,0.167,23.09,23.49,23.05,22.21,21.51,21.07,0.051,0.108,0.006,0.016,0.21,0.266,4.782,6.998,4.056,6.89,12.93,9.07
"2023-04-02 22:00:00",223,"Site 2",30.5498,-96.4115,75,12.69,0.07,0.123,0.054,0.124,0.235,0.166,22.55,23.06,22.89,22.23,21.57,21.1,0.05,0.109,0.005,0.015,0.212,0.266,4.674,6.885,4.081,6.955,13.01,9.04
"2023-04-02 23:00:00",224,"Site 2",30.5498,-96.4115,75,12.65,0.092,0.124,0.055,0.125,0.234,0.167,22.32,22.79,22.74,22.23,21.61,21.13,0.05,0.108,0.005,0.015,0.212,0.267,5.549,6.93,4.11,6.989,13,9.06
"2023-04-03 00:00:00",225,"Site 2",30.5498,-96.4115,75,12.62,0.103,0.121,0.057,0.126,0.233,0.166,21.81,22.46,22.58,22.19,21.63,21.16,0.055,0.108,0.005,0.016,0.213,0.266,6.003,6.793,4.168,7.013,12.88,9
"2023-04-03 01:00:00",226,"Site 2",30.5498,-96.4115,75,12.59,0.105,0.123,0.053,0.124,0.233,0.167,21.45,22.15,22.4,22.13,21.65,21.19,0.057,0.108,0.006,0.017,0.214,0.266,6.072,6.878,4.057,6.95,12.89,9.07
"2023-04-03 02:00:00",227,"Site 2",30.5498,-96.4115,75,12.56,0.106,0.122,0.055,0.124,0.232,0.166,21.16,21.88,22.23,22.05,21.65,21.2,0.059,0.106,0.005,0.016,0.216,0.266,6.127,6.843,4.106,6.953,12.84,9.04
"2023-04-03 03:00:00",228,"Site 2",30.5498,-96.4115,75,12.53,0.105,0.122,0.054,0.125,0.234,0.166,21.05,21.67,22.06,21.97,21.64,21.21,0.06,0.107,0.005,0.018,0.216,0.267,6.098,6.825,4.083,6.966,12.96,9.03
"2023-04-03 04:00:00",229,"Site 2",30.5498,-96.4115,75,12.51,0.108,0.122,0.053,0.123,0.233,0.164,21.32,21.63,21.92,21.89,21.61,21.22,0.061,0.106,0.006,0.016,0.216,0.265,6.223,6.828,4.048,6.904,12.93,8.91
"2023-04-03 05:00:00",230,"Site 2",30.5498,-96.4115,75,12.48,0.109,0.123,0.054,0.124,0.233,0.166,21.45,21.66,21.83,21.82,21.58,21.22,0.062,0.105,0.004,0.017,0.217,0.264,6.257,6.908,4.082,6.939,12.91,9.04
"2023-04-03 06:00:00",231,"Site 2",30.5498,-96.4115,75,12.45,0.109,0.121,0.052,0.124,0.235,0.169,21.51,21.68,21.79,21.76,21.55,21.22,0.063,0.104,0.005,0.016,0.214,0.266,6.256,6.819,4.021,6.923,13.01,9.17
"2023-04-03 07:00:00",232,"Site 2",30.5498,-96.4115,75,12.42,0.108,0.121,0.053,0.124,0.234,0.167,21.53,21.68,21.76,21.72,21.51,21.22,0.063,0.105,0.005,0.018,0.217,0.267,6.234,6.796,4.033,6.923,12.95,9.1
"2023-04-03 08:00:00",233,"Site 2",30.5498,-96.4115,75,12.44,0.108,0.122,0.054,0.124,0.235,0.168,21.59,21.69,21.73,21.67,21.48,21.19,0.062,0.107,0.004,0.015,0.218,0.264,6.207,6.836,4.066,6.951,13.02,9.13
"2023-04-03 09:00:00",234,"Site 2",30.5498,-96.4115,75,12.63,0.108,0.122,0.054,0.123,0.235,0.166,22.13,21.81,21.71,21.63,21.45,21.19,0.065,0.107,0.006,0.017,0.217,0.266,6.233,6.869,4.071,6.886,13.02,9.02
"2023-04-03 10:00:00",235,"Site 2",30.5498,-96.4115,75,12.9,0.11,0.121,0.051,0.125,0.235,0.167,22.95,22.17,21.76,21.6,21.42,21.18,0.065,0.106,0.005,0.016,0.216,0.264,6.297,6.801,3.984,6.993,13.02,9.05
"2023-04-03 11:00:00",236,"Site 2",30.5498,-96.4115,75,13.15,0.109,0.123,0.053,0.124,0.232,0.166,23.88,22.67,21.9,21.61,21.41,21.16,0.067,0.107,0.005,0.016,0.213,0.262,6.285,6.886,4.044,6.95,12.87,9.04
"2023-04-03 12:00:00",237,"Site 2",30.5498,-96.4115,75,13.45,0.112,0.123,0.051,0.122,0.233,0.167,26.67,23.61,22.13,21.65,21.39,21.15,0.069,0.108,0.004,0.016,0.211,0.263,6.377,6.877,3.979,6.862,12.92,9.06
"2023-04-03 13:00:00",238,"Site 2",30.5498,-96.4115,75,13.42,0.114,0.124,0.053,0.123,0.232,0.167,30.45,25.58,22.65,21.75,21.4,21.13,0.074,0.113,0.005,0.016,0.209,0.272,6.492,6.917,4.035,6.887,12.81,9.06
"2023-04-03 14:00:00",239,"Site 2",30.5498,-96.4115,75,13.41,0.114,0.124,0.054,0.121,0.233,0.168,33.09,27.5,23.48,21.98,21.43,21.13,0.078,0.118,0.007,0.017,0.201,0.28,6.506,6.951,4.089,6.818,12.91,9.1
"2023-04-03 15:00:00",240,"Site 2",30.5498,-96.4115,75,13.41,0.113,0.124,0.055,0.121,0.229,0.168,34.75,29.12,24.43,22.32,21.51,21.14,0.082,0.122,0.007,0.015,0.195,0.29,6.433,6.934,4.131,6.788,12.67,9.12
"2023-04-03 16:00:00",241,"Site 2",30.5498,-96.4115,75,13.41,0.112,0.124,0.057,0.12,0.229,0.167,34.64,30,25.34,22.74,21.63,21.16,0.086,0.123,0.008,0.017,0.192,0.3,6.387,6.932,4.19,6.778,12.66,9.08
"2023-04-03 17:00:00",242,"Site 2",30.5498,-96.4115,75,13.41,0.111,0.124,0.058,0.122,0.229,0.168,34,30.25,26.01,23.2,21.81,21.21,0.087,0.125,0.009,0.016,0.189,0.308,6.36,6.937,4.212,6.841,12.68,9.11
"2023-04-03 18:00:00",243,"Site 2",30.5498,-96.4115,75,13.39,0.108,0.124,0.056,0.122,0.228,0.167,32.02,29.9,26.43,23.62,22.02,21.28,0.088,0.126,0.01,0.017,0.187,0.315,6.231,6.942,4.16,6.827,12.56,9.06
"2023-04-03 19:00:00",244,"Site 2",30.5498,-96.4115,75,13.45,0.11,0.126,0.06,0.124,0.23,0.17,29.66,29.03,26.57,23.96,22.24,21.36,0.089,0.124,0.01,0.016,0.187,0.319,6.322,7.026,4.278,6.953,12.69,9.23
"2023-04-03 20:00:00",245,"Site 2",30.5498,-96.4115,75,12.76,0.109,0.125,0.061,0.126,0.231,0.172,27.56,27.93,26.44,24.18,22.45,21.47,0.089,0.124,0.009,0.018,0.189,0.319,6.245,6.996,4.331,7.038,12.79,9.33
"2023-04-03 21:00:00",246,"Site 2",30.5498,-96.4115,75,12.72,0.109,0.124,0.062,0.124,0.232,0.169,26.02,26.9,26.15,24.31,22.64,21.57,0.089,0.123,0.01,0.019,0.192,0.318,6.265,6.954,4.36,6.962,12.86,9.19
"2023-04-03 22:00:00",247,"Site 2",30.5498,-96.4115,75,12.68,0.106,0.123,0.06,0.125,0.232,0.171,25.09,26.04,25.77,24.32,22.78,21.7,0.089,0.123,0.01,0.018,0.199,0.32,6.147,6.897,4.301,6.986,12.86,9.28
"2023-04-03 23:00:00",248,"Site 2",30.5498,-96.4115,75,12.65,0.107,0.122,0.059,0.124,0.233,0.171,24.51,25.42,25.39,24.28,22.88,21.79,0.089,0.122,0.011,0.02,0.202,0.321,6.154,6.87,4.253,6.96,12.89,9.26
"2023-04-04 00:00:00",249,"Site 2",30.5498,-96.4115,75,12.62,0.106,0.12,0.06,0.123,0.234,0.17,24.13,24.94,25.04,24.18,22.95,21.88,0.088,0.121,0.01,0.02,0.205,0.321,6.112,6.776,4.308,6.889,12.96,9.24
"2023-04-04 01:00:00",250,"Site 2",30.5498,-96.4115,75,12.6,0.105,0.12,0.058,0.123,0.235,0.172,23.73,24.56,24.74,24.06,22.97,21.97,0.09,0.12,0.009,0.019,0.207,0.322,6.068,6.754,4.216,6.9,13.01,9.31
"2023-04-04 02:00:00",251,"Site 2",30.5498,-96.4115,75,12.58,0.107,0.12,0.059,0.124,0.236,0.17,23.56,24.25,24.47,23.94,23,22.03,0.088,0.119,0.01,0.02,0.21,0.323,6.154,6.758,4.272,6.922,13.06,9.26
"2023-04-04 03:00:00",252,"Site 2",30.5498,-96.4115,75,12.55,0.104,0.12,0.058,0.125,0.235,0.17,23.49,24.03,24.25,23.81,22.97,22.08,0.088,0.119,0.008,0.02,0.211,0.321,6.043,6.751,4.222,6.993,13.03,9.25
"2023-04-04 04:00:00",253,"Site 2",30.5498,-96.4115,75,12.53,0.103,0.12,0.058,0.122,0.235,0.171,23.4,23.88,24.06,23.69,22.96,22.12,0.087,0.12,0.01,0.02,0.212,0.322,6.02,6.746,4.235,6.852,13.05,9.27
"2023-04-04 05:00:00",254,"Site 2",30.5498,-96.4115,75,12.5,0.104,0.12,0.058,0.124,0.235,0.171,23.13,23.69,23.88,23.59,22.93,22.15,0.086,0.118,0.01,0.02,0.214,0.322,6.063,6.759,4.225,6.931,13.04,9.28
"2023-04-04 06:00:00",255,"Site 2",30.5498,-96.4115,75,12.47,0.102,0.121,0.058,0.123,0.235,0.169,22.77,23.45,23.72,23.48,22.89,22.17,0.086,0.117,0.009,0.019,0.213,0.322,5.978,6.787,4.235,6.895,13.06,9.21
"2023-04-04 07:00:00",256,"Site 2",30.5498,-96.4115,75,12.44,0.104,0.12,0.057,0.122,0.236,0.171,22.51,23.22,23.57,23.39,22.84,22.17,0.085,0.116,0.01,0.021,0.214,0.323,6.056,6.756,4.179,6.869,13.11,9.27
"2023-04-04 08:00:00",257,"Site 2",30.5498,-96.4115,75,12.48,0.102,0.12,0.057,0.123,0.235,0.17,22.47,23.04,23.39,23.27,22.8,22.17,0.086,0.117,0.009,0.02,0.215,0.323,5.957,6.735,4.182,6.877,13.01,9.25
"2023-04-04 09:00:00",258,"Site 2",30.5498,-96.4115,75,12.81,0.104,0.122,0.058,0.121,0.236,0.172,23.1,23.08,23.27,23.18,22.76,22.17,0.086,0.115,0.01,0.02,0.215,0.323,6.03,6.84,4.219,6.823,13.08,9.33
"2023-04-04 10:00:00",259,"Site 2",30.5498,-96.4115,75,13.13,0.105,0.119,0.056,0.12,0.234,0.171,24.03,23.4,23.22,23.09,22.71,22.17,0.086,0.116,0.01,0.021,0.214,0.321,6.109,6.724,4.155,6.776,12.97,9.26
"2023-04-04 11:00:00",260,"Site 2",30.5498,-96.4115,75,13.24,0.101,0.118,0.054,0.121,0.233,0.169,25.48,23.95,23.29,23.03,22.66,22.14,0.085,0.117,0.008,0.019,0.212,0.321,5.909,6.662,4.08,6.798,12.91,9.16
"2023-04-04 12:00:00",261,"Site 2",30.5498,-96.4115,75,13.53,0.103,0.12,0.056,0.12,0.231,0.167,26.68,24.66,23.49,23.03,22.63,22.14,0.085,0.116,0.01,0.018,0.213,0.329,5.992,6.758,4.148,6.75,12.8,9.09
"2023-04-04 13:00:00",262,"Site 2",30.5498,-96.4115,75,13.47,0.101,0.119,0.055,0.119,0.232,0.169,28.73,25.61,23.78,23.08,22.61,22.11,0.085,0.118,0.01,0.019,0.207,0.336,5.93,6.716,4.13,6.709,12.82,9.19
