"TOA5","2","CR300","7174","CR300.Std.07.00","CPU:Site 2 (Field).CR300","63613","Teros21"
"TIMESTAMP","RECORD","station","latitude","longitude","altitude","BattV","TEROS21_5_Matric_P_Avg","TEROS21_10_Matric_P_Avg","TEROS21_20_Matric_P_Avg","TEROS21_50_Matric_P_Avg","TEROS21_5_T_Avg","TEROS21_10_T_Avg","TEROS21_20_T_Avg","TEROS21_50_T_Avg"
"TS","RN","name","decdegrees","decdegrees","m","Volts","kPa","kPa","kPa","kPa","Deg C","Deg C","Deg C","Deg C"
"","","Smp","Smp","Smp","Smp","Smp","Avg","Avg","Avg","Avg","Avg","Avg","Avg","Avg"
"2023-03-24 15:00:00",0,"Site 2",30.5498,-96.4115,75,13.32,-14.6,-13.2,-11.6,-66.1,24.7,23,21.3,19.4
"2023-03-24 16:00:00",1,"Site 2",30.5498,-96.4115,75,13.47,-14.5,-13.1,-11.6,-65.77,25.8,23.77,21.43,19.4
"2023-03-24 17:00:00",2,"Site 2",30.5498,-96.4115,75,13.45,-14.3,-13.1,-11.6,-65.53,27.33,24.97,21.73,19.4
"2023-03-24 18:00:00",3,"Site 2",30.5498,-96.4115,75,13.45,-14.37,-13.17,-11.6,-65,27.77,25.77,22.17,19.47
"2023-03-24 19:00:00",4,"Site 2",30.5498,-96.4115,75,13.45,-14.6,-13.3,-11.6,-64.77,27.23,25.9,22.6,19.5
"2023-03-24 20:00:00",5,"Site 2",30.5498,-96.4115,75,12.76,-14.9,-13.33,-11.6,-64.37,25.9,25.37,22.87,19.5
"2023-03-24 21:00:00",6,"Site 2",30.5498,-96.4115,75,12.68,-15.17,-13.47,-11.7,-64.03,24.5,24.5,23,19.53
"2023-03-24 22:00:00",7,"Site 2",30.5498,-96.4115,75,12.61,-15.37,-13.6,-11.7,-63.7,23.27,23.6,22.87,19.6
"2023-03-24 23:00:00",8,"Site 2",30.5498,-96.4115,75,12.54,-15.53,-13.67,-11.8,-63.33,22.3,22.77,22.7,19.67
"2023-03-25 00:00:00",9,"Site 2",30.5498,-96.4115,75,12.47,-15.7,-13.7,-11.8,-62.93,21.4,22.03,22.4,19.7
"2023-03-25 01:00:00",10,"Site 2",30.5498,-96.4115,75,12.43,-15.87,-13.7,-11.83,-62.67,20.67,21.33,22.1,19.77
"2023-03-25 02:00:00",11,"Site 2",30.5498,-96.4115,75,12.41,-16,-13.73,-11.9,-62.2,19.93,20.7,21.8,19.8
"2023-03-25 03:00:00",12,"Site 2",30.5498,-96.4115,75,12.39,-16.07,-13.8,-11.97,-61.93,19.3,20.1,21.5,19.9
"2023-03-25 04:00:00",13,"Site 2",30.5498,-96.4115,75,12.36,-16.23,-13.8,-12,-61.5,18.7,19.53,21.13,19.9
"2023-03-25 05:00:00",14,"Site 2",30.5498,-96.4115,75,12.34,-16.33,-13.8,-12.1,-61.07,18.1,19,20.8,19.9
"2023-03-25 06:00:00",15,"Site 2",30.5498,-96.4115,75,12.32,-16.43,-13.9,-12.1,-60.87,17.6,18.53,20.5,19.9
"2023-03-25 07:00:00",16,"Site 2",30.5498,-96.4115,75,12.29,-16.53,-13.9,-12.1,-60.4,17.07,18.03,20.17,19.9
"2023-03-25 08:00:00",17,"Site 2",30.5498,-96.4115,75,12.31,-16.67,-13.97,-12.2,-60.27,16.57,17.57,19.8,19.9
"2023-03-25 09:00:00",18,"Site 2",30.5498,-96.4115,75,12.42,-16.7,-14,-12.2,-59.9,16.3,17.17,19.5,19.9
"2023-03-25 10:00:00",19,"Site 2",30.5498,-96.4115,75,12.55,-16.7,-14,-12.3,-59.47,16.93,17.2,19.2,19.9
"2023-03-25 11:00:00",20,"Site 2",30.5498,-96.4115,75,12.66,-16.67,-14.1,-12.33,-59.27,18.23,17.83,19,19.9
"2023-03-25 12:00:00",21,"Site 2",30.5498,-96.4115,75,12.88,-16.53,-14.2,-12.37,-59.13,19.93,18.8,18.97,19.8
"2023-03-25 13:00:00",22,"Site 2",30.5498,-96.4115,75,13.39,-16.23,-14.1,-12.3,-58.8,22.23,20.27,19.1,19.8
"2023-03-25 14:00:00",23,"Site 2",30.5498,-96.4115,75,13.48,-15.97,-14.07,-12.33,-58.6,24.5,22,19.53,19.7
"2023-03-25 15:00:00",24,"Site 2",30.5498,-96.4115,75,13.49,-15.7,-14.13,-12.3,-58.37,26.5,23.67,20.1,19.7
"2023-03-25 16:00:00",25,"Site 2",30.5498,-96.4115,75,13.5,-15.57,-14.2,-12.3,-58.07,28.07,25.1,20.77,19.6
"2023-03-25 17:00:00",26,"Site 2",30.5498,-96.4115,75,13.48,-15.53,-14.27,-12.27,-58,29,26.23,21.47,19.6
"2023-03-25 18:00:00",27,"Site 2",30.5498,-96.4115,75,13.46,-15.57,-14.33,-12.27,-57.73,29.1,26.87,22.13,19.6
"2023-03-25 19:00:00",28,"Site 2",30.5498,-96.4115,75,13.46,-15.73,-14.5,-12.3,-57.53,28.47,26.9,22.73,19.6
"2023-03-25 20:00:00",29,"Site 2",30.5498,-96.4115,75,12.77,-16.1,-14.6,-12.3,-57.2,27,26.3,23.1,19.6
"2023-03-25 21:00:00",30,"Site 2",30.5498,-96.4115,75,12.69,-16.47,-14.77,-12.4,-56.8,25.23,25.23,23.27,19.63
"2023-03-25 22:00:00",31,"Site 2",30.5498,-96.4115,75,12.63,-16.7,-14.9,-12.47,-56.6,23.73,24.13,23.2,19.7
"2023-03-25 23:00:00",32,"Site 2",30.5498,-96.4115,75,12.59,-16.83,-14.93,-12.53,-56.13,22.57,23.13,23,19.77
"2023-03-26 00:00:00",33,"Site 2",30.5498,-96.4115,75,12.56,-17.03,-14.97,-12.63,-56,21.63,22.3,22.7,19.83
"2023-03-26 01:00:00",34,"Site 2",30.5498,-96.4115,75,12.52,-17.13,-14.97,-12.77,-55.63,20.87,21.6,22.37,19.9
"2023-03-26 02:00:00",35,"Site 2",30.5498,-96.4115,75,12.48,-17.3,-14.93,-12.8,-55.37,20.1,20.9,22,20
"2023-03-26 03:00:00",36,"Site 2",30.5498,-96.4115,75,12.45,-17.4,-15,-12.9,-54.93,19.4,20.3,21.7,20.03
"2023-03-26 04:00:00",37,"Site 2",30.5498,-96.4115,75,12.41,-17.53,-15,-12.93,-54.67,18.83,19.7,21.33,20.1
"2023-03-26 05:00:00",38,"Site 2",30.5498,-96.4115,75,12.37,-17.7,-15,-13,-54.27,18.37,19.23,21,20.13
"2023-03-26 06:00:00",39,"Site 2",30.5498,-96.4115,75,12.34,-17.73,-15.03,-13,-54.07,18,18.77,20.67,20.2
"2023-03-26 07:00:00",40,"Site 2",30.5498,-96.4115,75,12.32,-17.9,-15.1,-13.1,-53.63,17.6,18.4,20.3,20.2
"2023-03-26 08:00:00",41,"Site 2",30.5498,-96.4115,75,12.36,-17.97,-15.2,-13.1,-53.43,17.23,18.07,20,20.2
"2023-03-26 09:00:00",42,"Site 2",30.5498,-96.4115,75,12.67,-18,-15.2,-13.2,-53.17,17.23,17.8,19.77,20.2
"2023-03-26 10:00:00",43,"Site 2",30.5498,-96.4115,75,12.42,-18.07,-15.23,-13.2,-53.1,17.9,18,19.5,20.1
"2023-03-26 11:00:00",44,"Site 2",30.5498,-96.4115,75,12.62,-18.03,-15.37,-13.3,-52.8,18.33,18.23,19.37,20.1
"2023-03-26 12:00:00",45,"Site 2",30.5498,-96.4115,75,12.84,-18.1,-15.47,-13.3,-52.7,18.73,18.5,19.3,20.03
"2023-03-26 13:00:00",46,"Site 2",30.5498,-96.4115,75,12.89,-18.07,-15.47,-13.3,-52.43,19.2,18.8,19.3,20
"2023-03-26 14:00:00",47,"Site 2",30.5498,-96.4115,75,12.87,-17.97,-15.5,-13.37,-52.27,19.7,19.17,19.3,20
"2023-03-26 15:00:00",48,"Site 2",30.5498,-96.4115,75,13.44,-17.9,-15.6,-13.4,-52.17,20.3,19.53,19.4,19.9
"2023-03-26 16:00:00",49,"Site 2",30.5498,-96.4115,75,13.15,-17.77,-15.57,-13.4,-51.9,21.33,20.23,19.47,19.9
"2023-03-26 17:00:00",50,"Site 2",30.5498,-96.4115,75,13.48,-17.63,-15.5,-13.47,-51.73,21.87,20.77,19.7,19.8
"2023-03-26 18:00:00",51,"Site 2",30.5498,-96.4115,75,13.56,-17.57,-15.53,-13.5,-51.33,22.4,21.27,19.9,19.8
"2023-03-26 19:00:00",52,"Site 2",30.5498,-96.4115,75,13.55,-17.5,-15.57,-13.5,-51.4,22.77,21.67,20.1,19.8
"2023-03-26 20:00:00",53,"Site 2",30.5498,-96.4115,75,12.76,-17.57,-15.6,-13.5,-51.37,22.37,21.73,20.37,19.7
"2023-03-26 21:00:00",54,"Site 2",30.5498,-96.4115,75,12.7,-17.63,-15.7,-13.5,-51.3,21.53,21.37,20.5,19.7
"2023-03-26 22:00:00",55,"Site 2",30.5498,-96.4115,75,12.65,-17.87,-15.8,-13.57,-51.13,20.93,20.9,20.5,19.7
"2023-03-26 23:00:00",56,"Site 2",30.5498,-96.4115,75,12.62,-17.9,-15.8,-13.6,-51,20.73,20.63,20.5,19.7
"2023-03-27 00:00:00",57,"Site 2",30.5498,-96.4115,75,12.58,-18.03,-15.8,-13.63,-50.83,20.63,20.47,20.43,19.7
"2023-03-27 01:00:00",58,"Site 2",30.5498,-96.4115,75,12.55,-18.1,-15.8,-13.7,-50.7,20.43,20.37,20.4,19.7
"2023-03-27 02:00:00",59,"Site 2",30.5498,-96.4115,75,12.5,-18.1,-15.83,-13.77,-50.4,20.1,20.17,20.3,19.7
"2023-03-27 03:00:00",60,"Site 2",30.5498,-96.4115,75,12.46,-18.23,-15.9,-13.8,-50.3,19.5,19.8,20.23,19.7
"2023-03-27 04:00:00",61,"Site 2",30.5498,-96.4115,75,12.42,-18.3,-15.9,-13.87,-50.07,19,19.37,20.07,19.7
"2023-03-27 05:00:00",62,"Site 2",30.5498,-96.4115,75,12.38,-18.4,-15.97,-13.9,-49.8,18.47,18.97,19.93,19.7
"2023-03-27 06:00:00",63,"Site 2",30.5498,-96.4115,75,12.35,-18.5,-16,-13.9,-49.8,18.1,18.6,19.73,19.7
"2023-03-27 07:00:00",64,"Site 2",30.5498,-96.4115,75,12.33,-18.53,-16,-13.97,-49.7,17.8,18.3,19.53,19.7
"2023-03-27 08:00:00",65,"Site 2",30.5498,-96.4115,75,12.34,-18.67,-16,-14,-49.33,17.5,18,19.37,19.7
"2023-03-27 09:00:00",66,"Site 2",30.5498,-96.4115,75,12.48,-18.7,-16,-14.03,-49.27,17.4,17.8,19.17,19.7
"2023-03-27 10:00:00",67,"Site 2",30.5498,-96.4115,75,12.99,-18.73,-16,-14.1,-49.23,17.93,17.9,19,19.7
"2023-03-27 11:00:00",68,"Site 2",30.5498,-96.4115,75,13.03,-18.77,-16.03,-14.13,-49.03,18.87,18.3,18.9,19.7
"2023-03-27 12:00:00",69,"Site 2",30.5498,-96.4115,75,13.49,-18.47,-16.03,-14.17,-48.8,20.43,19.27,18.93,19.6
"2023-03-27 13:00:00",70,"Site 2",30.5498,-96.4115,75,13.56,-18.3,-15.97,-14.13,-48.77,21.83,20.23,19.1,19.6
"2023-03-27 14:00:00",71,"Site 2",30.5498,-96.4115,75,13.52,-18.03,-15.9,-14.13,-48.7,23.8,21.6,19.4,19.6
"2023-03-27 15:00:00",72,"Site 2",30.5498,-96.4115,75,13.48,-17.7,-15.93,-14.13,-48.67,25.73,23.03,19.83,19.57
"2023-03-27 16:00:00",73,"Site 2",30.5498,-96.4115,75,13.48,-17.43,-16.03,-14.1,-48.37,27.2,24.5,20.4,19.5
"2023-03-27 17:00:00",74,"Site 2",30.5498,-96.4115,75,13.46,-17.23,-16.1,-14.1,-48.3,27.9,25.4,21.1,19.5
"2023-03-27 18:00:00",75,"Site 2",30.5498,-96.4115,75,13.45,-17.23,-16.2,-14.1,-48.23,28.1,26,21.67,19.5
"2023-03-27 19:00:00",76,"Site 2",30.5498,-96.4115,75,13.51,-17.33,-16.23,-14.1,-48.1,27.43,26,22.17,19.5
"2023-03-27 20:00:00",77,"Site 2",30.5498,-96.4115,75,12.76,-17.6,-16.3,-14.13,-47.87,26.37,25.53,22.5,19.5
"2023-03-27 21:00:00",78,"Site 2",30.5498,-96.4115,75,12.7,-17.87,-16.47,-14.2,-47.67,25.07,24.77,22.7,19.6
"2023-03-27 22:00:00",79,"Site 2",30.5498,-96.4115,75,12.66,-18.13,-16.53,-14.3,-47.63,24.1,24.03,22.7,19.63
"2023-03-27 23:00:00",80,"Site 2",30.5498,-96.4115,75,12.64,-18.37,-16.6,-14.37,-47.53,23.3,23.4,22.57,19.7
"2023-03-28 00:00:00",81,"Site 2",30.5498,-96.4115,75,12.61,-18.57,-16.67,-14.5,-47.3,22.9,22.9,22.43,19.77
"2023-03-28 01:00:00",82,"Site 2",30.5498,-96.4115,75,12.59,-18.63,-16.67,-14.53,-47.1,22.53,22.57,22.23,19.83
"2023-03-28 02:00:00",83,"Site 2",30.5498,-96.4115,75,12.56,-18.8,-16.73,-14.6,-46.97,22.07,22.17,22.07,19.9
"2023-03-28 03:00:00",84,"Site 2",30.5498,-96.4115,75,12.53,-18.93,-16.77,-14.63,-46.73,21.6,21.8,21.93,19.97
"2023-03-28 04:00:00",85,"Site 2",30.5498,-96.4115,75,12.49,-19.03,-16.8,-14.73,-46.57,21.3,21.5,21.73,20
"2023-03-28 05:00:00",86,"Site 2",30.5498,-96.4115,75,12.46,-19.1,-16.87,-14.8,-46.47,20.97,21.2,21.57,20.07
"2023-03-28 06:00:00",87,"Site 2",30.5498,-96.4115,75,12.42,-19.23,-16.87,-14.83,-46.13,20.6,20.83,21.4,20.1
"2023-03-28 07:00:00",88,"Site 2",30.5498,-96.4115,75,12.39,-19.33,-16.9,-14.9,-46.1,20.2,20.5,21.23,20.1
"2023-03-28 08:00:00",89,"Site 2",30.5498,-96.4115,75,12.39,-19.43,-16.97,-14.93,-45.87,19.87,20.2,21.03,20.2
"2023-03-28 09:00:00",90,"Site 2",30.5498,-96.4115,75,12.58,-19.57,-17,-15,-45.6,19.57,19.9,20.83,20.2
"2023-03-28 10:00:00",91,"Site 2",30.5498,-96.4115,75,12.92,-19.63,-17,-15,-45.6,19.43,19.7,20.67,20.2
"2023-03-28 11:00:00",92,"Site 2",30.5498,-96.4115,75,13.15,-19.6,-17,-15.1,-45.5,19.77,19.73,20.47,20.2
"2023-03-28 12:00:00",93,"Site 2",30.5498,-96.4115,75,13.59,-19.57,-17,-15.07,-45.27,20.83,20.17,20.4,20.2
"2023-03-28 13:00:00",94,"Site 2",30.5498,-96.4115,75,13.61,-19.37,-16.97,-15.1,-45.13,22.37,21.07,20.4,20.2
"2023-03-28 14:00:00",95,"Site 2",30.5498,-96.4115,75,13.59,-19.2,-16.9,-15.1,-45.07,23.87,22.13,20.6,20.2
"2023-03-28 15:00:00",96,"Site 2",30.5498,-96.4115,75,13.6,-18.97,-16.9,-15.1,-44.97,25.5,23.33,20.9,20.17
"2023-03-28 16:00:00",97,"Site 2",30.5498,-96.4115,75,13.57,-18.73,-16.9,-15.03,-44.9,26.93,24.57,21.33,20.1
"2023-03-28 17:00:00",98,"Site 2",30.5498,-96.4115,75,13.58,-18.63,-16.97,-15,-44.7,27.53,25.4,21.83,20.1
"2023-03-28 18:00:00",99,"Site 2",30.5498,-96.4115,75,13.57,-18.7,-17.07,-15,-44.67,27.27,25.7,22.3,20.1
"2023-03-28 19:00:00",100,"Site 2",30.5498,-96.4115,75,13,-18.9,-17.23,-15,-44.6,26.27,25.4,22.7,20.1
"2023-03-28 20:00:00",101,"Site 2",30.5498,-96.4115,75,12.73,-19.23,-17.37,-15,-44.6,24.77,24.67,22.87,20.13
"2023-03-28 21:00:00",102,"Site 2",30.5498,-96.4115,75,12.68,-19.57,-17.5,-15.13,-44.4,23.4,23.7,22.87,20.2
"2023-03-28 22:00:00",103,"Site 2",30.5498,-96.4115,75,12.64,-19.73,-17.6,-15.17,-44.2,22.47,22.83,22.7,20.2
"2023-03-28 23:00:00",104,"Site 2",30.5498,-96.4115,75,12.61,-19.9,-17.6,-15.3,-44.17,21.73,22.2,22.47,20.27
"2023-03-29 00:00:00",105,"Site 2",30.5498,-96.4115,75,12.59,-20,-17.6,-15.33,-43.97,21,21.6,22.2,20.3
"2023-03-29 01:00:00",106,"Site 2",30.5498,-96.4115,75,12.56,-20.17,-17.6,-15.4,-43.73,20.5,21.03,21.9,20.37
"2023-03-29 02:00:00",107,"Site 2",30.5498,-96.4115,75,12.53,-20.27,-17.63,-15.47,-43.63,20,20.57,21.67,20.4
"2023-03-29 03:00:00",108,"Site 2",30.5498,-96.4115,75,12.5,-20.43,-17.6,-15.57,-43.67,19.6,20.17,21.4,20.4
"2023-03-29 04:00:00",109,"Site 2",30.5498,-96.4115,75,12.46,-20.5,-17.6,-15.6,-43.47,19.3,19.83,21.1,20.47
"2023-03-29 05:00:00",110,"Site 2",30.5498,-96.4115,75,12.43,-20.67,-17.63,-15.6,-43.23,19,19.5,20.87,20.5
"2023-03-29 06:00:00",111,"Site 2",30.5498,-96.4115,75,12.4,-20.77,-17.67,-15.6,-43.23,18.73,19.23,20.63,20.5
"2023-03-29 07:00:00",112,"Site 2",30.5498,-96.4115,75,12.37,-20.83,-17.7,-15.67,-43.13,18.53,19,20.43,20.5
"2023-03-29 08:00:00",113,"Site 2",30.5498,-96.4115,75,12.35,-20.9,-17.73,-15.67,-42.87,18.3,18.8,20.23,20.47
"2023-03-29 09:00:00",114,"Site 2",30.5498,-96.4115,75,12.37,-21,-17.77,-15.7,-42.8,18.13,18.57,20.03,20.4
"2023-03-29 10:00:00",115,"Site 2",30.5498,-96.4115,75,12.85,-21.1,-17.8,-15.8,-42.8,18.13,18.43,19.83,20.4
"2023-03-29 11:00:00",116,"Site 2",30.5498,-96.4115,75,12.91,-21.2,-17.87,-15.77,-42.77,18.67,18.53,19.67,20.4
"2023-03-29 12:00:00",117,"Site 2",30.5498,-96.4115,75,13.25,-21.1,-17.87,-15.8,-42.7,20.23,19.23,19.6,20.33
"2023-03-29 13:00:00",118,"Site 2",30.5498,-96.4115,75,13.57,-20.8,-17.73,-15.8,-42.7,22.53,20.63,19.67,20.3
"2023-03-29 14:00:00",119,"Site 2",30.5498,-96.4115,75,13.56,-20.5,-17.7,-15.8,-42.6,24.37,22.13,20,20.3
"2023-03-29 15:00:00",120,"Site 2",30.5498,-96.4115,75,13.57,-20.3,-17.8,-15.7,-42.43,25.2,23.17,20.47,20.2
"2023-03-29 16:00:00",121,"Site 2",30.5498,-96.4115,75,13.56,-20.2,-17.9,-15.7,-42.43,25.4,23.77,20.93,20.2
"2023-03-29 17:00:00",122,"Site 2",30.5498,-96.4115,75,13.62,-20.23,-18.03,-15.7,-42.4,25.07,23.9,21.37,20.2
"2023-03-29 18:00:00",123,"Site 2",30.5498,-96.4115,75,13.1,-20.37,-18.17,-15.73,-42.37,24.6,23.77,21.63,20.1
"2023-03-29 19:00:00",124,"Site 2",30.5498,-96.4115,75,12.78,-20.5,-18.23,-15.8,-42.33,23.9,23.4,21.8,20.1
"2023-03-29 20:00:00",125,"Site 2",30.5498,-96.4115,75,12.72,-20.7,-18.3,-15.9,-42.33,23.27,23.03,21.9,20.1
"2023-03-29 21:00:00",126,"Site 2",30.5498,-96.4115,75,12.68,-20.93,-18.4,-15.9,-42.23,22.6,22.53,21.87,20.2
"2023-03-29 22:00:00",127,"Site 2",30.5498,-96.4115,75,12.65,-21.1,-18.43,-15.93,-42.03,22.03,22.07,21.8,20.2
"2023-03-29 23:00:00",128,"Site 2",30.5498,-96.4115,75,12.61,-21.27,-18.5,-16,-41.97,21.6,21.7,21.67,20.2
"2023-03-30 00:00:00",129,"Site 2",30.5498,-96.4115,75,12.59,-21.33,-18.53,-16.03,-41.93,21.2,21.37,21.53,20.23
"2023-03-30 01:00:00",130,"Site 2",30.5498,-96.4115,75,12.56,-21.47,-18.6,-16.17,-41.87,20.9,21,21.37,20.3
"2023-03-30 02:00:00",131,"Site 2",30.5498,-96.4115,75,12.53,-21.6,-18.6,-16.17,-41.87,20.5,20.7,21.23,20.3
"2023-03-30 03:00:00",132,"Site 2",30.5498,-96.4115,75,12.49,-21.63,-18.67,-16.2,-41.8,20.1,20.4,21.07,20.3
"2023-03-30 04:00:00",133,"Site 2",30.5498,-96.4115,75,12.46,-21.77,-18.67,-16.3,-41.53,19.93,20.17,20.9,20.3
"2023-03-30 05:00:00",134,"Site 2",30.5498,-96.4115,75,12.43,-21.87,-18.7,-16.3,-41.5,19.8,19.97,20.73,20.3
"2023-03-30 06:00:00",135,"Site 2",30.5498,-96.4115,75,12.4,-21.9,-18.7,-16.33,-41.47,19.7,19.83,20.6,20.4
"2023-03-30 07:00:00",136,"Site 2",30.5498,-96.4115,75,12.37,-22.03,-18.7,-16.37,-41.4,19.6,19.73,20.47,20.4
"2023-03-30 08:00:00",137,"Site 2",30.5498,-96.4115,75,12.37,-22.07,-18.7,-16.37,-41.4,19.53,19.63,20.37,20.3
"2023-03-30 09:00:00",138,"Site 2",30.5498,-96.4115,75,12.59,-22.07,-18.8,-16.4,-41.27,19.63,19.6,20.27,20.3
"2023-03-30 10:00:00",139,"Site 2",30.5498,-96.4115,75,13.01,-22.1,-18.8,-16.43,-41.13,20.13,19.77,20.2,20.3
"2023-03-30 11:00:00",140,"Site 2",30.5498,-96.4115,75,12.93,-22,-18.8,-16.5,-41.03,21.2,20.33,20.2,20.3
"2023-03-30 12:00:00",141,"Site 2",30.5498,-96.4115,75,13.03,-21.93,-18.83,-16.5,-41,21.63,20.8,20.23,20.3
"2023-03-30 13:00:00",142,"Site 2",30.5498,-96.4115,75,13.05,-21.87,-18.83,-16.5,-41.1,22.13,21.23,20.37,20.3
"2023-03-30 14:00:00",143,"Site 2",30.5498,-96.4115,75,13.31,-21.8,-18.83,-16.5,-41.03,22.53,21.6,20.53,20.23
"2023-03-30 15:00:00",144,"Site 2",30.5498,-96.4115,75,13.38,-21.8,-18.93,-16.5,-41.03,23,21.93,20.7,20.2
"2023-03-30 16:00:00",145,"Site 2",30.5498,-96.4115,75,13.36,-21.7,-18.9,-16.5,-41,23.6,22.43,20.87,20.2
"2023-03-30 17:00:00",146,"Site 2",30.5498,-96.4115,75,12.99,-21.7,-18.9,-16.47,-40.93,23.77,22.7,21.1,20.2
"2023-03-30 18:00:00",147,"Site 2",30.5498,-96.4115,75,13.12,-21.7,-19,-16.47,-40.9,23.7,22.8,21.27,20.2
"2023-03-30 19:00:00",148,"Site 2",30.5498,-96.4115,75,12.8,-21.77,-19.07,-16.5,-40.7,23.57,22.8,21.43,20.2
"2023-03-30 20:00:00",149,"Site 2",30.5498,-96.4115,75,12.73,-21.8,-19.17,-16.5,-40.73,23.23,22.73,21.57,20.2
"2023-03-30 21:00:00",150,"Site 2",30.5498,-96.4115,75,12.68,-21.97,-19.23,-16.5,-40.63,22.77,22.5,21.6,20.2
"2023-03-30 22:00:00",151,"Site 2",30.5498,-96.4115,75,12.64,-22.1,-19.3,-16.6,-40.6,22.37,22.2,21.6,20.2
"2023-03-30 23:00:00",152,"Site 2",30.5498,-96.4115,75,12.6,-22.3,-19.33,-16.6,-40.6,22.03,21.9,21.6,20.23
"2023-03-31 00:00:00",153,"Site 2",30.5498,-96.4115,75,12.57,-22.33,-19.33,-16.63,-40.6,21.87,21.73,21.5,20.3
"2023-03-31 01:00:00",154,"Site 2",30.5498,-96.4115,75,12.54,-22.33,-19.33,-16.7,-40.47,21.73,21.57,21.43,20.3
"2023-03-31 02:00:00",155,"Site 2",30.5498,-96.4115,75,12.51,-22.4,-19.33,-16.77,-40.37,21.7,21.5,21.37,20.3
"2023-03-31 03:00:00",156,"Site 2",30.5498,-96.4115,75,12.48,-22.5,-19.37,-16.8,-40.33,21.7,21.5,21.3,20.3
"2023-03-31 04:00:00",157,"Site 2",30.5498,-96.4115,75,12.45,-22.5,-19.33,-16.8,-40.23,21.7,21.47,21.27,20.37
"2023-03-31 05:00:00",158,"Site 2",30.5498,-96.4115,75,12.42,-22.5,-19.4,-16.8,-40.23,21.6,21.4,21.2,20.4
"2023-03-31 06:00:00",159,"Site 2",30.5498,-96.4115,75,12.4,-22.53,-19.4,-16.8,-40.17,21.6,21.37,21.2,20.4
"2023-03-31 07:00:00",160,"Site 2",30.5498,-96.4115,75,12.38,-22.7,-19.43,-16.87,-40.13,21.57,21.3,21.17,20.4
"2023-03-31 08:00:00",161,"Site 2",30.5498,-96.4115,75,12.39,-22.67,-19.47,-16.87,-40.1,21.5,21.3,21.1,20.4
"2023-03-31 09:00:00",162,"Site 2",30.5498,-96.4115,75,12.49,-23,-19.5,-16.93,-39.97,21.6,21.3,21.1,20.4
"2023-03-31 10:00:00",163,"Site 2",30.5498,-96.4115,75,12.87,-23,-19.5,-16.9,-39.87,22,21.5,21.1,20.4
"2023-03-31 11:00:00",164,"Site 2",30.5498,-96.4115,75,13.06,-22.73,-19.5,-16.93,-39.77,22.63,21.8,21.1,20.4
"2023-03-31 12:00:00",165,"Site 2",30.5498,-96.4115,75,13.27,-22.57,-19.47,-16.9,-39.7,23.4,22.27,21.2,20.4
"2023-03-31 13:00:00",166,"Site 2",30.5498,-96.4115,75,13.47,-22.33,-19.37,-16.9,-39.7,24.37,22.97,21.37,20.4
"2023-03-31 14:00:00",167,"Site 2",30.5498,-96.4115,75,13.09,-22.17,-19.4,-16.9,-39.67,25.23,23.67,21.6,20.4
"2023-03-31 15:00:00",168,"Site 2",30.5498,-96.4115,75,13.45,-22.03,-19.43,-16.9,-39.63,25.77,24.23,21.9,20.4
"2023-03-31 16:00:00",169,"Site 2",30.5498,-96.4115,75,13.43,-21.73,-19.5,-16.8,-39.63,27.5,25.13,22.17,20.4
"2023-03-31 17:00:00",170,"Site 2",30.5498,-96.4115,75,13.43,-21.4,-19.5,-16.77,-39.57,28.73,26.3,22.57,20.4
"2023-03-31 18:00:00",171,"Site 2",30.5498,-96.4115,75,13.42,-21.3,-19.6,-16.7,-39.5,29.03,26.97,23.03,20.47
"2023-03-31 19:00:00",172,"Site 2",30.5498,-96.4115,75,13.41,-21.33,-19.7,-16.7,-39.47,28.67,27.1,23.5,20.5
"2023-03-31 20:00:00",173,"Site 2",30.5498,-96.4115,75,12.78,-21.47,-19.87,-16.7,-39.37,27.7,26.8,23.8,20.5
"2023-03-31 21:00:00",174,"Site 2",30.5498,-96.4115,75,12.73,-21.67,-20,-16.8,-39.2,26.57,26.13,23.97,20.57
"2023-03-31 22:00:00",175,"Site 2",30.5498,-96.4115,75,12.68,-21.97,-20.1,-16.87,-39.07,25.7,25.5,24,20.6
"2023-03-31 23:00:00",176,"Site 2",30.5498,-96.4115,75,12.65,-22.2,-20.2,-16.93,-39,24.83,24.8,23.87,20.7
"2023-04-01 00:00:00",177,"Site 2",30.5498,-96.4115,75,12.61,-22.47,-20.2,-17,-38.93,24.1,24.27,23.73,20.73
"2023-04-01 01:00:00",178,"Site 2",30.5498,-96.4115,75,12.58,-23,-20.2,-17.13,-38.83,23.5,23.7,23.57,20.8
"2023-04-01 02:00:00",179,"Site 2",30.5498,-96.4115,75,12.55,-23.13,-20.3,-17.17,-38.63,22.87,23.17,23.33,20.9
"2023-04-01 03:00:00",180,"Site 2",30.5498,-96.4115,75,12.52,-23.33,-20.3,-17.23,-38.53,22.3,22.67,23.1,20.93
"2023-04-01 04:00:00",181,"Site 2",30.5498,-96.4115,75,12.48,-23.47,-20.3,-17.37,-38.4,21.8,22.2,22.87,21
"2023-04-01 05:00:00",182,"Site 2",30.5498,-96.4115,75,12.45,-23.7,-20.3,-17.37,-38.33,21.2,21.73,22.6,21
"2023-04-01 06:00:00",183,"Site 2",30.5498,-96.4115,75,12.41,-23.8,-20.3,-17.47,-38.17,20.7,21.27,22.37,21.1
"2023-04-01 07:00:00",184,"Site 2",30.5498,-96.4115,75,12.37,-23.97,-20.23,-17.5,-37.93,20.2,20.83,22.1,21.1
"2023-04-01 08:00:00",185,"Site 2",30.5498,-96.4115,75,12.39,-24.17,-20.2,-17.57,-37.83,19.7,20.4,21.8,21.1
"2023-04-01 09:00:00",186,"Site 2",30.5498,-96.4115,75,12.57,-24.33,-20.3,-17.63,-37.83,19.33,19.97,21.6,21.1
"2023-04-01 10:00:00",187,"Site 2",30.5498,-96.4115,75,12.72,-24.3,-20.2,-17.7,-37.77,20.03,20.03,21.3,21.1
"2023-04-01 11:00:00",188,"Site 2",30.5498,-96.4115,75,12.77,-24.17,-20.1,-17.7,-37.8,21.47,20.7,21.13,21.1
"2023-04-01 12:00:00",189,"Site 2",30.5498,-96.4115,75,13.06,-24.07,-20.1,-17.7,-37.7,23.1,21.7,21.13,21.1
"2023-04-01 13:00:00",190,"Site 2",30.5498,-96.4115,75,13.6,-23.8,-20.07,-17.67,-37.83,25.4,23.13,21.4,21.1
"2023-04-01 14:00:00",191,"Site 2",30.5498,-96.4115,75,13.44,-23.37,-20,-17.57,-37.77,27.77,24.9,21.73,21
"2023-04-01 15:00:00",192,"Site 2",30.5498,-96.4115,75,13.45,-22.93,-20.13,-17.5,-37.73,29.53,26.57,22.37,21
"2023-04-01 16:00:00",193,"Site 2",30.5498,-96.4115,75,13.45,-22.7,-20.33,-17.5,-37.7,29.77,27.47,23.03,21
"2023-04-01 17:00:00",194,"Site 2",30.5498,-96.4115,75,13.48,-22.6,-20.6,-17.4,-37.73,29.27,27.6,23.63,21
"2023-04-01 18:00:00",195,"Site 2",30.5498,-96.4115,75,12.96,-22.67,-20.67,-17.43,-37.7,28.87,27.57,24.07,21
"2023-04-01 19:00:00",196,"Site 2",30.5498,-96.4115,75,12.94,-22.9,-20.87,-17.4,-37.7,27.87,27.1,24.33,21
"2023-04-01 20:00:00",197,"Site 2",30.5498,-96.4115,75,12.73,-23.2,-21.23,-17.5,-37.63,26.8,26.47,24.47,21
"2023-04-01 21:00:00",198,"Site 2",30.5498,-96.4115,75,12.68,-23.53,-21.53,-17.53,-37.6,25.67,25.7,24.43,21.1
"2023-04-01 22:00:00",199,"Site 2",30.5498,-96.4115,75,12.64,-23.83,-21.37,-17.6,-37.33,24.7,24.93,24.33,21.13
"2023-04-01 23:00:00",200,"Site 2",30.5498,-96.4115,75,12.6,-24.07,-21.3,-17.7,-37.23,23.83,24.2,24.1,21.2
"2023-04-02 00:00:00",201,"Site 2",30.5498,-96.4115,75,12.58,-24.37,-21.27,-17.83,-37.1,23.17,23.6,23.9,21.27
"2023-04-02 01:00:00",202,"Site 2",30.5498,-96.4115,75,12.55,-24.6,-21.27,-17.9,-37.07,22.7,23.07,23.6,21.33
"2023-04-02 02:00:00",203,"Site 2",30.5498,-96.4115,75,12.52,-24.77,-21.23,-17.9,-37.13,22.33,22.7,23.33,21.4
"2023-04-02 03:00:00",204,"Site 2",30.5498,-96.4115,75,12.48,-24.97,-21.2,-18.03,-37.13,21.9,22.33,23.1,21.4
"2023-04-02 04:00:00",205,"Site 2",30.5498,-96.4115,75,12.44,-25.17,-21.2,-18.1,-36.9,21.47,21.9,22.83,21.5
"2023-04-02 05:00:00",206,"Site 2",30.5498,-96.4115,75,12.41,-25.3,-21.17,-18.1,-36.87,21.17,21.6,22.6,21.5
"2023-04-02 06:00:00",207,"Site 2",30.5498,-96.4115,75,12.39,-25.47,-21.13,-18.17,-36.77,20.9,21.3,22.4,21.5
"2023-04-02 07:00:00",208,"Site 2",30.5498,-96.4115,75,12.37,-25.63,-21.1,-18.27,-36.63,20.6,21.03,22.13,21.5
"2023-04-02 08:00:00",209,"Site 2",30.5498,-96.4115,75,12.39,-25.8,-21.13,-18.3,-36.6,20.33,20.8,21.93,21.5
"2023-04-02 09:00:00",210,"Site 2",30.5498,-96.4115,75,12.44,-25.8,-21.13,-18.3,-36.63,20.4,20.6,21.73,21.5
"2023-04-02 10:00:00",211,"Site 2",30.5498,-96.4115,75,13.02,-25.8,-21.07,-18.27,-36.6,20.87,20.73,21.6,21.5
"2023-04-02 11:00:00",212,"Site 2",30.5498,-96.4115,75,13.05,-25.73,-21.07,-18.3,-36.53,21.8,21.2,21.5,21.5
"2023-04-02 12:00:00",213,"Site 2",30.5498,-96.4115,75,13.01,-25.67,-21.1,-18.3,-36.6,22.7,21.8,21.5,21.43
"2023-04-02 13:00:00",214,"Site 2",30.5498,-96.4115,75,13.06,-25.67,-21.1,-18.27,-36.53,23.3,22.37,21.63,21.4
"2023-04-02 14:00:00",215,"Site 2",30.5498,-96.4115,75,13.42,-25.53,-21.33,-18.3,-36.6,23.6,22.7,21.77,21.4
"2023-04-02 15:00:00",216,"Site 2",30.5498,-96.4115,75,13.51,-25.47,-21.67,-18.3,-36.57,24.33,23.2,21.93,21.37
"2023-04-02 16:00:00",217,"Site 2",30.5498,-96.4115,75,13.47,-25.33,-21.73,-18.27,-36.57,25.1,23.73,22.1,21.3
"2023-04-02 17:00:00",218,"Site 2",30.5498,-96.4115,75,13.47,-25.27,-21.83,-18.2,-36.57,25.97,24.4,22.37,21.3
"2023-04-02 18:00:00",219,"Site 2",30.5498,-96.4115,75,13.41,-25.2,-22,-18.23,-36.53,26,24.8,22.6,21.3
"2023-04-02 19:00:00",220,"Site 2",30.5498,-96.4115,75,13.5,-25.23,-22.2,-18.27,-36.5,25.67,24.8,22.87,21.3
"2023-04-02 20:00:00",221,"Site 2",30.5498,-96.4115,75,12.78,-25.37,-22.3,-18.4,-36.47,25.2,24.6,23.03,21.3
"2023-04-02 21:00:00",222,"Site 2",30.5498,-96.4115,75,12.73,-25.6,-22.53,-18.37,-36.57,24.5,24.23,23.1,21.3
"2023-04-02 22:00:00",223,"Site 2",30.5498,-96.4115,75,12.69,-25.9,-22.6,-18.4,-36.47,23.9,23.77,23.1,21.3
"2023-04-02 23:00:00",224,"Site 2",30.5498,-96.4115,75,12.65,-26,-22.63,-18.5,-36.5,23.47,23.4,23.03,21.3
"2023-04-03 00:00:00",225,"Site 2",30.5498,-96.4115,75,12.62,-26.17,-22.63,-18.53,-36.43,22.97,23.07,22.93,21.3
"2023-04-03 01:00:00",226,"Site 2",30.5498,-96.4115,75,12.59,-26.37,-22.6,-18.57,-36.4,22.57,22.7,22.83,21.37
"2023-04-03 02:00:00",227,"Site 2",30.5498,-96.4115,75,12.56,-26.4,-22.6,-18.6,-36.43,22.2,22.4,22.67,21.4
"2023-04-03 03:00:00",228,"Site 2",30.5498,-96.4115,75,12.53,-26.4,-22.6,-18.7,-36.4,21.93,22.1,22.53,21.4
"2023-04-03 04:00:00",229,"Site 2",30.5498,-96.4115,75,12.51,-26.4,-22.53,-18.73,-36.33,21.9,21.93,22.37,21.4
"2023-04-03 05:00:00",230,"Site 2",30.5498,-96.4115,75,12.48,-26.4,-22.47,-18.8,-36.33,21.97,21.9,22.23,21.4
"2023-04-03 06:00:00",231,"Site 2",30.5498,-96.4115,75,12.45,-26.4,-22.4,-18.87,-36.3,22,21.9,22.13,21.4
"2023-04-03 07:00:00",232,"Site 2",30.5498,-96.4115,75,12.42,-26.3,-22.4,-18.9,-36.17,22,21.87,22.07,21.4
"2023-04-03 08:00:00",233,"Site 2",30.5498,-96.4115,75,12.44,-26.2,-22.4,-18.9,-36.2,22,21.8,22,21.4
"2023-04-03 09:00:00",234,"Site 2",30.5498,-96.4115,75,12.63,-26.2,-22.4,-18.9,-36.1,22.13,21.87,21.93,21.4
"2023-04-03 10:00:00",235,"Site 2",30.5498,-96.4115,75,12.9,-26.03,-22.37,-18.9,-36.1,22.6,22.1,21.9,21.4
"2023-04-03 11:00:00",236,"Site 2",30.5498,-96.4115,75,13.15,-25.7,-22.3,-18.9,-36.2,23.1,22.4,21.93,21.4
"2023-04-03 12:00:00",237,"Site 2",30.5498,-96.4115,75,13.45,-25.4,-22.3,-18.9,-36.1,24.2,22.93,22,21.4
"2023-04-03 13:00:00",238,"Site 2",30.5498,-96.4115,75,13.42,-24.87,-22.13,-18.9,-36.17,26.27,24.17,22.2,21.4
"2023-04-03 14:00:00",239,"Site 2",30.5498,-96.4115,75,13.41,-24.3,-22.13,-18.9,-36.27,28.4,25.7,22.53,21.4
"2023-04-03 15:00:00",240,"Site 2",30.5498,-96.4115,75,13.41,-23.6,-22.1,-18.83,-36.3,30.4,27.37,23.1,21.4
"2023-04-03 16:00:00",241,"Site 2",30.5498,-96.4115,75,13.41,-23.1,-22.23,-18.77,-36.33,31.67,28.67,23.73,21.4
"2023-04-03 17:00:00",242,"Site 2",30.5498,-96.4115,75,13.41,-22.7,-22.4,-18.63,-36.27,32.23,29.53,24.4,21.4
"2023-04-03 18:00:00",243,"Site 2",30.5498,-96.4115,75,13.39,-22.4,-22.6,-18.6,-36.33,32.1,29.97,25.03,21.4
"2023-04-03 19:00:00",244,"Site 2",30.5498,-96.4115,75,13.45,-22.43,-22.8,-18.6,-36.27,31.13,29.73,25.5,21.4
"2023-04-03 20:00:00",245,"Site 2",30.5498,-96.4115,75,12.76,-22.53,-22.97,-18.7,-36.3,29.63,29,25.8,21.47
"2023-04-03 21:00:00",246,"Site 2",30.5498,-96.4115,75,12.72,-22.83,-23.1,-18.7,-36.27,28.17,28.03,25.9,21.53
"2023-04-03 22:00:00",247,"Site 2",30.5498,-96.4115,75,12.68,-23.07,-23.17,-18.87,-36.13,27.03,27.1,25.77,21.6
"2023-04-03 23:00:00",248,"Site 2",30.5498,-96.4115,75,12.65,-23.23,-23.17,-18.97,-36.03,26.23,26.4,25.6,21.7
"2023-04-04 00:00:00",249,"Site 2",30.5498,-96.4115,75,12.62,-23.47,-23.07,-19.1,-35.97,25.63,25.8,25.4,21.77
"2023-04-04 01:00:00",250,"Site 2",30.5498,-96.4115,75,12.6,-23.67,-22.97,-19.13,-35.9,25.13,25.3,25.13,21.83
"2023-04-04 02:00:00",251,"Site 2",30.5498,-96.4115,75,12.58,-23.83,-22.87,-19.23,-35.83,24.8,24.9,24.9,21.9
"2023-04-04 03:00:00",252,"Site 2",30.5498,-96.4115,75,12.55,-24,-22.73,-19.3,-35.7,24.53,24.6,24.7,22
"2023-04-04 04:00:00",253,"Site 2",30.5498,-96.4115,75,12.53,-24.1,-22.63,-19.33,-35.67,24.37,24.37,24.5,22.07
"2023-04-04 05:00:00",254,"Site 2",30.5498,-96.4115,75,12.5,-24.27,-22.6,-19.43,-35.6,24.13,24.17,24.33,22.1
"2023-04-04 06:00:00",255,"Site 2",30.5498,-96.4115,75,12.47,-24.37,-22.5,-19.5,-35.5,23.83,23.9,24.17,22.13
"2023-04-04 07:00:00",256,"Site 2",30.5498,-96.4115,75,12.44,-24.6,-22.53,-19.47,-35.4,23.57,23.7,24,22.2
"2023-04-04 08:00:00",257,"Site 2",30.5498,-96.4115,75,12.48,-24.7,-22.5,-19.57,-35.33,23.37,23.47,23.83,22.2
"2023-04-04 09:00:00",258,"Site 2",30.5498,-96.4115,75,12.81,-24.87,-22.37,-19.6,-35.17,23.4,23.33,23.67,22.2
"2023-04-04 10:00:00",259,"Site 2",30.5498,-96.4115,75,13.13,-24.9,-22.33,-19.67,-35.17,23.83,23.5,23.57,22.2
"2023-04-04 11:00:00",260,"Site 2",30.5498,-96.4115,75,13.24,-24.8,-22.3,-19.7,-35.13,24.6,23.83,23.5,22.2
"2023-04-04 12:00:00",261,"Site 2",30.5498,-96.4115,75,13.53,-24.7,-22.3,-19.7,-35.13,25.47,24.4,23.5,22.2
"2023-04-04 13:00:00",262,"Site 2",30.5498,-96.4115,75,13.47,-24.5,-22.23,-19.7,-35.17,26.7,25.13,23.63,22.2
