"TOA5","2","CR300","7174","CR300.Std.07.00","CPU:Site 2 (Field).CR300","59471","ThetaProbe"
"TIMESTAMP","RECORD","station","latitude","longitude","altitude","BattV","ThetaProbe_5_VWC_Avg","ThetaProbe_10_VWC_Avg","ThetaProbe_20_VWC_Avg","ThetaProbe_50_VWC_Avg","ThetaProbe_5_Volt_dif_Avg","ThetaProbe_10_Volt_dif_Avg","ThetaProbe_20_Volt_dif_Avg","ThetaProbe_50_Volt_dif_Avg"
"TS","RN","name","decdegrees","decdegrees","m","Volts","cm^3 / cm^3","cm^3 / cm^3","cm^3 / cm^3","cm^3 / cm^3","Volt","Volt","Volt","Volt"
"","","Smp","Smp","Smp","Smp","Smp","Avg","Avg","Avg","Avg","Avg","Avg","Avg","Avg"
"2023-03-24 15:00:00",0,"Site 2",30.5498,-96.4115,75,13.32,0.29,0.32,0.362,0.338,0.676,0.723,0.786,0.75
"2023-03-24 16:00:00",1,"Site 2",30.5498,-96.4115,75,13.47,0.291,0.321,0.364,0.339,0.678,0.725,0.79,0.753
"2023-03-24 17:00:00",2,"Site 2",30.5498,-96.4115,75,13.45,0.293,0.322,0.363,0.338,0.68,0.726,0.788,0.75
"2023-03-24 18:00:00",3,"Site 2",30.5498,-96.4115,75,13.45,0.293,0.323,0.363,0.337,0.68,0.727,0.788,0.749
"2023-03-24 19:00:00",4,"Site 2",30.5498,-96.4115,75,13.45,0.292,0.323,0.363,0.337,0.678,0.727,0.788,0.749
"2023-03-24 20:00:00",5,"Site 2",30.5498,-96.4115,75,12.76,0.29,0.322,0.36,0.333,0.675,0.726,0.783,0.744
"2023-03-24 21:00:00",6,"Site 2",30.5498,-96.4115,75,12.68,0.289,0.321,0.358,0.332,0.673,0.725,0.781,0.741
"2023-03-24 22:00:00",7,"Site 2",30.5498,-96.4115,75,12.61,0.287,0.32,0.358,0.332,0.671,0.723,0.78,0.742
"2023-03-24 23:00:00",8,"Site 2",30.5498,-96.4115,75,12.54,0.286,0.319,0.357,0.332,0.669,0.721,0.779,0.742
"2023-03-25 00:00:00",9,"Site 2",30.5498,-96.4115,75,12.47,0.285,0.318,0.357,0.332,0.667,0.72,0.779,0.742
"2023-03-25 01:00:00",10,"Site 2",30.5498,-96.4115,75,12.43,0.284,0.317,0.356,0.332,0.666,0.719,0.778,0.742
"2023-03-25 02:00:00",11,"Site 2",30.5498,-96.4115,75,12.41,0.283,0.316,0.356,0.332,0.665,0.718,0.777,0.742
"2023-03-25 03:00:00",12,"Site 2",30.5498,-96.4115,75,12.39,0.283,0.316,0.355,0.332,0.663,0.716,0.776,0.742
"2023-03-25 04:00:00",13,"Site 2",30.5498,-96.4115,75,12.36,0.282,0.315,0.355,0.332,0.662,0.715,0.776,0.742
"2023-03-25 05:00:00",14,"Site 2",30.5498,-96.4115,75,12.34,0.281,0.314,0.354,0.332,0.661,0.714,0.775,0.742
"2023-03-25 06:00:00",15,"Site 2",30.5498,-96.4115,75,12.32,0.28,0.314,0.354,0.332,0.66,0.713,0.774,0.742
"2023-03-25 07:00:00",16,"Site 2",30.5498,-96.4115,75,12.29,0.28,0.313,0.353,0.332,0.658,0.712,0.774,0.742
"2023-03-25 08:00:00",17,"Site 2",30.5498,-96.4115,75,12.31,0.279,0.312,0.353,0.333,0.657,0.711,0.774,0.743
"2023-03-25 09:00:00",18,"Site 2",30.5498,-96.4115,75,12.42,0.279,0.312,0.354,0.334,0.656,0.71,0.775,0.745
"2023-03-25 10:00:00",19,"Site 2",30.5498,-96.4115,75,12.55,0.279,0.311,0.355,0.335,0.657,0.71,0.776,0.746
"2023-03-25 11:00:00",20,"Site 2",30.5498,-96.4115,75,12.66,0.28,0.312,0.355,0.335,0.658,0.71,0.776,0.746
"2023-03-25 12:00:00",21,"Site 2",30.5498,-96.4115,75,12.88,0.281,0.312,0.356,0.336,0.661,0.711,0.777,0.748
"2023-03-25 13:00:00",22,"Site 2",30.5498,-96.4115,75,13.39,0.284,0.314,0.362,0.342,0.665,0.713,0.787,0.757
"2023-03-25 14:00:00",23,"Site 2",30.5498,-96.4115,75,13.48,0.286,0.315,0.364,0.343,0.669,0.716,0.79,0.759
"2023-03-25 15:00:00",24,"Site 2",30.5498,-96.4115,75,13.49,0.288,0.317,0.36,0.339,0.672,0.718,0.784,0.752
"2023-03-25 16:00:00",25,"Site 2",30.5498,-96.4115,75,13.5,0.289,0.318,0.36,0.337,0.674,0.72,0.784,0.75
"2023-03-25 17:00:00",26,"Site 2",30.5498,-96.4115,75,13.48,0.29,0.319,0.36,0.337,0.675,0.722,0.784,0.749
"2023-03-25 18:00:00",27,"Site 2",30.5498,-96.4115,75,13.46,0.289,0.32,0.361,0.336,0.674,0.722,0.784,0.748
"2023-03-25 19:00:00",28,"Site 2",30.5498,-96.4115,75,13.46,0.288,0.319,0.361,0.336,0.672,0.722,0.785,0.747
"2023-03-25 20:00:00",29,"Site 2",30.5498,-96.4115,75,12.77,0.286,0.319,0.358,0.333,0.669,0.721,0.781,0.743
"2023-03-25 21:00:00",30,"Site 2",30.5498,-96.4115,75,12.69,0.284,0.317,0.356,0.331,0.666,0.719,0.778,0.74
"2023-03-25 22:00:00",31,"Site 2",30.5498,-96.4115,75,12.63,0.283,0.316,0.356,0.331,0.663,0.717,0.778,0.74
"2023-03-25 23:00:00",32,"Site 2",30.5498,-96.4115,75,12.59,0.281,0.315,0.356,0.331,0.661,0.715,0.777,0.74
"2023-03-26 00:00:00",33,"Site 2",30.5498,-96.4115,75,12.56,0.28,0.314,0.355,0.331,0.659,0.714,0.776,0.741
"2023-03-26 01:00:00",34,"Site 2",30.5498,-96.4115,75,12.52,0.279,0.313,0.354,0.332,0.658,0.712,0.775,0.741
"2023-03-26 02:00:00",35,"Site 2",30.5498,-96.4115,75,12.48,0.278,0.312,0.354,0.332,0.656,0.711,0.774,0.741
"2023-03-26 03:00:00",36,"Site 2",30.5498,-96.4115,75,12.45,0.278,0.311,0.353,0.332,0.655,0.71,0.774,0.741
"2023-03-26 04:00:00",37,"Site 2",30.5498,-96.4115,75,12.41,0.277,0.311,0.353,0.332,0.653,0.709,0.773,0.741
"2023-03-26 05:00:00",38,"Site 2",30.5498,-96.4115,75,12.37,0.276,0.31,0.352,0.332,0.652,0.707,0.772,0.741
"2023-03-26 06:00:00",39,"Site 2",30.5498,-96.4115,75,12.34,0.275,0.309,0.352,0.332,0.651,0.706,0.772,0.741
"2023-03-26 07:00:00",40,"Site 2",30.5498,-96.4115,75,12.32,0.275,0.309,0.351,0.332,0.65,0.706,0.771,0.742
"2023-03-26 08:00:00",41,"Site 2",30.5498,-96.4115,75,12.36,0.274,0.308,0.352,0.333,0.649,0.705,0.771,0.743
"2023-03-26 09:00:00",42,"Site 2",30.5498,-96.4115,75,12.67,0.274,0.308,0.353,0.335,0.649,0.704,0.774,0.746
"2023-03-26 10:00:00",43,"Site 2",30.5498,-96.4115,75,12.42,0.274,0.308,0.352,0.333,0.649,0.704,0.771,0.744
"2023-03-26 11:00:00",44,"Site 2",30.5498,-96.4115,75,12.62,0.274,0.308,0.353,0.335,0.65,0.704,0.773,0.746
"2023-03-26 12:00:00",45,"Site 2",30.5498,-96.4115,75,12.84,0.274,0.308,0.353,0.335,0.65,0.704,0.774,0.746
"2023-03-26 13:00:00",46,"Site 2",30.5498,-96.4115,75,12.89,0.275,0.308,0.355,0.336,0.65,0.705,0.775,0.748
"2023-03-26 14:00:00",47,"Site 2",30.5498,-96.4115,75,12.87,0.275,0.308,0.353,0.335,0.651,0.705,0.774,0.746
"2023-03-26 15:00:00",48,"Site 2",30.5498,-96.4115,75,13.44,0.276,0.309,0.359,0.34,0.652,0.705,0.782,0.754
"2023-03-26 16:00:00",49,"Site 2",30.5498,-96.4115,75,13.15,0.277,0.309,0.355,0.336,0.653,0.706,0.776,0.749
"2023-03-26 17:00:00",50,"Site 2",30.5498,-96.4115,75,13.48,0.277,0.31,0.355,0.337,0.654,0.707,0.777,0.749
"2023-03-26 18:00:00",51,"Site 2",30.5498,-96.4115,75,13.56,0.278,0.31,0.356,0.337,0.655,0.708,0.778,0.749
"2023-03-26 19:00:00",52,"Site 2",30.5498,-96.4115,75,13.55,0.278,0.311,0.356,0.337,0.655,0.708,0.778,0.749
"2023-03-26 20:00:00",53,"Site 2",30.5498,-96.4115,75,12.76,0.277,0.311,0.351,0.331,0.654,0.708,0.77,0.74
"2023-03-26 21:00:00",54,"Site 2",30.5498,-96.4115,75,12.7,0.276,0.31,0.351,0.331,0.653,0.708,0.77,0.74
"2023-03-26 22:00:00",55,"Site 2",30.5498,-96.4115,75,12.65,0.276,0.31,0.351,0.331,0.652,0.707,0.77,0.74
"2023-03-26 23:00:00",56,"Site 2",30.5498,-96.4115,75,12.62,0.276,0.309,0.351,0.331,0.652,0.706,0.77,0.74
"2023-03-27 00:00:00",57,"Site 2",30.5498,-96.4115,75,12.58,0.275,0.309,0.35,0.331,0.651,0.706,0.77,0.74
"2023-03-27 01:00:00",58,"Site 2",30.5498,-96.4115,75,12.55,0.275,0.309,0.35,0.331,0.651,0.706,0.769,0.74
"2023-03-27 02:00:00",59,"Site 2",30.5498,-96.4115,75,12.5,0.275,0.309,0.35,0.331,0.65,0.705,0.769,0.74
"2023-03-27 03:00:00",60,"Site 2",30.5498,-96.4115,75,12.46,0.274,0.308,0.35,0.331,0.649,0.705,0.769,0.74
"2023-03-27 04:00:00",61,"Site 2",30.5498,-96.4115,75,12.42,0.273,0.308,0.35,0.331,0.648,0.704,0.769,0.74
"2023-03-27 05:00:00",62,"Site 2",30.5498,-96.4115,75,12.38,0.273,0.307,0.35,0.331,0.647,0.703,0.768,0.74
"2023-03-27 06:00:00",63,"Site 2",30.5498,-96.4115,75,12.35,0.272,0.307,0.349,0.331,0.646,0.702,0.768,0.74
"2023-03-27 07:00:00",64,"Site 2",30.5498,-96.4115,75,12.33,0.272,0.306,0.349,0.331,0.645,0.702,0.767,0.74
"2023-03-27 08:00:00",65,"Site 2",30.5498,-96.4115,75,12.34,0.271,0.306,0.349,0.331,0.645,0.701,0.768,0.74
"2023-03-27 09:00:00",66,"Site 2",30.5498,-96.4115,75,12.48,0.271,0.306,0.351,0.333,0.645,0.7,0.77,0.743
"2023-03-27 10:00:00",67,"Site 2",30.5498,-96.4115,75,12.99,0.272,0.306,0.353,0.336,0.645,0.7,0.774,0.747
"2023-03-27 11:00:00",68,"Site 2",30.5498,-96.4115,75,13.03,0.272,0.306,0.354,0.336,0.646,0.701,0.775,0.748
"2023-03-27 12:00:00",69,"Site 2",30.5498,-96.4115,75,13.49,0.274,0.307,0.358,0.34,0.648,0.702,0.78,0.753
"2023-03-27 13:00:00",70,"Site 2",30.5498,-96.4115,75,13.56,0.275,0.307,0.358,0.34,0.65,0.703,0.781,0.754
"2023-03-27 14:00:00",71,"Site 2",30.5498,-96.4115,75,13.52,0.277,0.309,0.356,0.337,0.654,0.705,0.778,0.75
"2023-03-27 15:00:00",72,"Site 2",30.5498,-96.4115,75,13.48,0.279,0.31,0.355,0.336,0.657,0.707,0.777,0.748
"2023-03-27 16:00:00",73,"Site 2",30.5498,-96.4115,75,13.48,0.28,0.311,0.356,0.335,0.659,0.71,0.777,0.747
"2023-03-27 17:00:00",74,"Site 2",30.5498,-96.4115,75,13.46,0.281,0.312,0.356,0.335,0.66,0.711,0.778,0.746
"2023-03-27 18:00:00",75,"Site 2",30.5498,-96.4115,75,13.45,0.28,0.313,0.356,0.335,0.66,0.711,0.778,0.745
"2023-03-27 19:00:00",76,"Site 2",30.5498,-96.4115,75,13.51,0.279,0.313,0.357,0.334,0.658,0.711,0.779,0.745
"2023-03-27 20:00:00",77,"Site 2",30.5498,-96.4115,75,12.76,0.278,0.312,0.353,0.33,0.656,0.711,0.773,0.739
"2023-03-27 21:00:00",78,"Site 2",30.5498,-96.4115,75,12.7,0.277,0.311,0.353,0.33,0.653,0.709,0.773,0.739
"2023-03-27 22:00:00",79,"Site 2",30.5498,-96.4115,75,12.66,0.276,0.311,0.352,0.33,0.652,0.708,0.772,0.739
"2023-03-27 23:00:00",80,"Site 2",30.5498,-96.4115,75,12.64,0.275,0.31,0.352,0.33,0.651,0.707,0.772,0.739
"2023-03-28 00:00:00",81,"Site 2",30.5498,-96.4115,75,12.61,0.275,0.309,0.352,0.33,0.65,0.706,0.772,0.739
"2023-03-28 01:00:00",82,"Site 2",30.5498,-96.4115,75,12.59,0.274,0.309,0.352,0.33,0.649,0.705,0.771,0.739
"2023-03-28 02:00:00",83,"Site 2",30.5498,-96.4115,75,12.56,0.273,0.308,0.351,0.33,0.648,0.705,0.771,0.739
"2023-03-28 03:00:00",84,"Site 2",30.5498,-96.4115,75,12.53,0.273,0.308,0.351,0.33,0.647,0.704,0.77,0.739
"2023-03-28 04:00:00",85,"Site 2",30.5498,-96.4115,75,12.49,0.272,0.307,0.351,0.331,0.646,0.703,0.77,0.739
"2023-03-28 05:00:00",86,"Site 2",30.5498,-96.4115,75,12.46,0.272,0.307,0.351,0.331,0.645,0.703,0.77,0.74
"2023-03-28 06:00:00",87,"Site 2",30.5498,-96.4115,75,12.42,0.271,0.306,0.35,0.331,0.644,0.702,0.769,0.74
"2023-03-28 07:00:00",88,"Site 2",30.5498,-96.4115,75,12.39,0.271,0.306,0.35,0.331,0.643,0.701,0.769,0.74
"2023-03-28 08:00:00",89,"Site 2",30.5498,-96.4115,75,12.39,0.27,0.306,0.35,0.331,0.642,0.7,0.769,0.74
"2023-03-28 09:00:00",90,"Site 2",30.5498,-96.4115,75,12.58,0.27,0.305,0.351,0.333,0.642,0.7,0.771,0.743
"2023-03-28 10:00:00",91,"Site 2",30.5498,-96.4115,75,12.92,0.269,0.305,0.353,0.335,0.641,0.699,0.774,0.747
"2023-03-28 11:00:00",92,"Site 2",30.5498,-96.4115,75,13.15,0.269,0.305,0.354,0.337,0.641,0.699,0.775,0.749
"2023-03-28 12:00:00",93,"Site 2",30.5498,-96.4115,75,13.59,0.27,0.305,0.358,0.34,0.642,0.699,0.781,0.754
"2023-03-28 13:00:00",94,"Site 2",30.5498,-96.4115,75,13.61,0.271,0.306,0.358,0.34,0.645,0.7,0.78,0.753
"2023-03-28 14:00:00",95,"Site 2",30.5498,-96.4115,75,13.59,0.273,0.307,0.355,0.337,0.647,0.702,0.777,0.75
"2023-03-28 15:00:00",96,"Site 2",30.5498,-96.4115,75,13.6,0.275,0.308,0.355,0.336,0.65,0.704,0.776,0.748
"2023-03-28 16:00:00",97,"Site 2",30.5498,-96.4115,75,13.57,0.276,0.309,0.355,0.336,0.652,0.705,0.776,0.747
"2023-03-28 17:00:00",98,"Site 2",30.5498,-96.4115,75,13.58,0.276,0.309,0.355,0.335,0.652,0.706,0.777,0.747
"2023-03-28 18:00:00",99,"Site 2",30.5498,-96.4115,75,13.57,0.275,0.31,0.356,0.335,0.651,0.707,0.777,0.746
"2023-03-28 19:00:00",100,"Site 2",30.5498,-96.4115,75,13,0.273,0.309,0.355,0.334,0.648,0.706,0.776,0.744
"2023-03-28 20:00:00",101,"Site 2",30.5498,-96.4115,75,12.73,0.272,0.308,0.351,0.33,0.645,0.704,0.771,0.739
"2023-03-28 21:00:00",102,"Site 2",30.5498,-96.4115,75,12.68,0.27,0.307,0.351,0.33,0.643,0.703,0.771,0.739
"2023-03-28 22:00:00",103,"Site 2",30.5498,-96.4115,75,12.64,0.269,0.306,0.351,0.33,0.641,0.701,0.77,0.739
"2023-03-28 23:00:00",104,"Site 2",30.5498,-96.4115,75,12.61,0.268,0.305,0.35,0.331,0.639,0.7,0.769,0.739
"2023-03-29 00:00:00",105,"Site 2",30.5498,-96.4115,75,12.59,0.267,0.305,0.35,0.331,0.638,0.699,0.769,0.74
"2023-03-29 01:00:00",106,"Site 2",30.5498,-96.4115,75,12.56,0.267,0.304,0.349,0.331,0.637,0.698,0.768,0.74
"2023-03-29 02:00:00",107,"Site 2",30.5498,-96.4115,75,12.53,0.266,0.303,0.349,0.331,0.635,0.697,0.767,0.74
"2023-03-29 03:00:00",108,"Site 2",30.5498,-96.4115,75,12.5,0.265,0.303,0.348,0.331,0.634,0.696,0.767,0.74
"2023-03-29 04:00:00",109,"Site 2",30.5498,-96.4115,75,12.46,0.265,0.302,0.348,0.331,0.633,0.695,0.766,0.74
"2023-03-29 05:00:00",110,"Site 2",30.5498,-96.4115,75,12.43,0.264,0.302,0.348,0.331,0.632,0.694,0.766,0.74
"2023-03-29 06:00:00",111,"Site 2",30.5498,-96.4115,75,12.4,0.264,0.301,0.348,0.331,0.632,0.694,0.765,0.74
"2023-03-29 07:00:00",112,"Site 2",30.5498,-96.4115,75,12.37,0.263,0.301,0.347,0.331,0.631,0.693,0.765,0.74
"2023-03-29 08:00:00",113,"Site 2",30.5498,-96.4115,75,12.35,0.263,0.301,0.347,0.331,0.63,0.692,0.764,0.74
"2023-03-29 09:00:00",114,"Site 2",30.5498,-96.4115,75,12.37,0.263,0.3,0.347,0.332,0.63,0.692,0.765,0.741
"2023-03-29 10:00:00",115,"Site 2",30.5498,-96.4115,75,12.85,0.262,0.3,0.35,0.334,0.629,0.691,0.768,0.745
"2023-03-29 11:00:00",116,"Site 2",30.5498,-96.4115,75,12.91,0.263,0.3,0.35,0.335,0.63,0.691,0.769,0.746
"2023-03-29 12:00:00",117,"Site 2",30.5498,-96.4115,75,13.25,0.264,0.3,0.355,0.339,0.632,0.692,0.776,0.753
"2023-03-29 13:00:00",118,"Site 2",30.5498,-96.4115,75,13.57,0.266,0.302,0.356,0.341,0.635,0.694,0.778,0.755
"2023-03-29 14:00:00",119,"Site 2",30.5498,-96.4115,75,13.56,0.267,0.303,0.354,0.338,0.638,0.696,0.775,0.751
"2023-03-29 15:00:00",120,"Site 2",30.5498,-96.4115,75,13.57,0.268,0.304,0.353,0.337,0.638,0.697,0.774,0.749
"2023-03-29 16:00:00",121,"Site 2",30.5498,-96.4115,75,13.56,0.267,0.304,0.353,0.336,0.638,0.698,0.773,0.747
"2023-03-29 17:00:00",122,"Site 2",30.5498,-96.4115,75,13.62,0.267,0.304,0.353,0.335,0.637,0.698,0.773,0.746
"2023-03-29 18:00:00",123,"Site 2",30.5498,-96.4115,75,13.1,0.266,0.304,0.351,0.333,0.636,0.698,0.77,0.743
"2023-03-29 19:00:00",124,"Site 2",30.5498,-96.4115,75,12.78,0.265,0.303,0.35,0.332,0.634,0.697,0.768,0.741
"2023-03-29 20:00:00",125,"Site 2",30.5498,-96.4115,75,12.72,0.265,0.303,0.348,0.33,0.633,0.696,0.766,0.739
"2023-03-29 21:00:00",126,"Site 2",30.5498,-96.4115,75,12.68,0.264,0.302,0.348,0.33,0.632,0.695,0.766,0.739
"2023-03-29 22:00:00",127,"Site 2",30.5498,-96.4115,75,12.65,0.263,0.302,0.348,0.33,0.631,0.694,0.765,0.739
"2023-03-29 23:00:00",128,"Site 2",30.5498,-96.4115,75,12.61,0.263,0.301,0.347,0.33,0.63,0.694,0.765,0.739
"2023-03-30 00:00:00",129,"Site 2",30.5498,-96.4115,75,12.59,0.262,0.301,0.347,0.33,0.629,0.693,0.765,0.739
"2023-03-30 01:00:00",130,"Site 2",30.5498,-96.4115,75,12.56,0.262,0.301,0.347,0.33,0.628,0.692,0.764,0.739
"2023-03-30 02:00:00",131,"Site 2",30.5498,-96.4115,75,12.53,0.261,0.3,0.347,0.33,0.628,0.692,0.764,0.739
"2023-03-30 03:00:00",132,"Site 2",30.5498,-96.4115,75,12.49,0.261,0.3,0.347,0.33,0.627,0.691,0.764,0.739
"2023-03-30 04:00:00",133,"Site 2",30.5498,-96.4115,75,12.46,0.261,0.299,0.346,0.33,0.626,0.69,0.763,0.739
"2023-03-30 05:00:00",134,"Site 2",30.5498,-96.4115,75,12.43,0.26,0.299,0.346,0.33,0.626,0.69,0.763,0.739
"2023-03-30 06:00:00",135,"Site 2",30.5498,-96.4115,75,12.4,0.26,0.299,0.346,0.33,0.625,0.69,0.763,0.739
"2023-03-30 07:00:00",136,"Site 2",30.5498,-96.4115,75,12.37,0.26,0.299,0.346,0.33,0.625,0.689,0.762,0.739
"2023-03-30 08:00:00",137,"Site 2",30.5498,-96.4115,75,12.37,0.259,0.299,0.346,0.33,0.624,0.689,0.762,0.739
"2023-03-30 09:00:00",138,"Site 2",30.5498,-96.4115,75,12.59,0.259,0.298,0.348,0.332,0.624,0.689,0.765,0.742
"2023-03-30 10:00:00",139,"Site 2",30.5498,-96.4115,75,13.01,0.26,0.298,0.352,0.336,0.625,0.689,0.771,0.748
"2023-03-30 11:00:00",140,"Site 2",30.5498,-96.4115,75,12.93,0.26,0.299,0.35,0.335,0.626,0.69,0.769,0.746
"2023-03-30 12:00:00",141,"Site 2",30.5498,-96.4115,75,13.03,0.261,0.299,0.35,0.335,0.626,0.69,0.769,0.746
"2023-03-30 13:00:00",142,"Site 2",30.5498,-96.4115,75,13.05,0.261,0.3,0.35,0.335,0.627,0.691,0.77,0.746
"2023-03-30 14:00:00",143,"Site 2",30.5498,-96.4115,75,13.31,0.261,0.3,0.351,0.335,0.627,0.691,0.77,0.746
"2023-03-30 15:00:00",144,"Site 2",30.5498,-96.4115,75,13.38,0.262,0.3,0.355,0.339,0.628,0.692,0.776,0.752
"2023-03-30 16:00:00",145,"Site 2",30.5498,-96.4115,75,13.36,0.262,0.301,0.351,0.334,0.629,0.692,0.77,0.745
"2023-03-30 17:00:00",146,"Site 2",30.5498,-96.4115,75,12.99,0.262,0.301,0.35,0.333,0.629,0.693,0.769,0.744
"2023-03-30 18:00:00",147,"Site 2",30.5498,-96.4115,75,13.12,0.262,0.301,0.349,0.332,0.629,0.693,0.767,0.742
"2023-03-30 19:00:00",148,"Site 2",30.5498,-96.4115,75,12.8,0.262,0.301,0.348,0.331,0.628,0.693,0.765,0.74
"2023-03-30 20:00:00",149,"Site 2",30.5498,-96.4115,75,12.73,0.261,0.301,0.347,0.33,0.627,0.692,0.764,0.738
"2023-03-30 21:00:00",150,"Site 2",30.5498,-96.4115,75,12.68,0.261,0.3,0.347,0.33,0.627,0.692,0.764,0.738
"2023-03-30 22:00:00",151,"Site 2",30.5498,-96.4115,75,12.64,0.26,0.3,0.347,0.33,0.626,0.692,0.764,0.738
"2023-03-30 23:00:00",152,"Site 2",30.5498,-96.4115,75,12.6,0.26,0.3,0.346,0.33,0.625,0.691,0.764,0.738
"2023-03-31 00:00:00",153,"Site 2",30.5498,-96.4115,75,12.57,0.26,0.299,0.346,0.33,0.625,0.691,0.763,0.738
"2023-03-31 01:00:00",154,"Site 2",30.5498,-96.4115,75,12.54,0.26,0.299,0.346,0.33,0.625,0.69,0.763,0.738
"2023-03-31 02:00:00",155,"Site 2",30.5498,-96.4115,75,12.51,0.259,0.299,0.346,0.33,0.624,0.69,0.763,0.738
"2023-03-31 03:00:00",156,"Site 2",30.5498,-96.4115,75,12.48,0.259,0.299,0.346,0.33,0.624,0.69,0.763,0.738
"2023-03-31 04:00:00",157,"Site 2",30.5498,-96.4115,75,12.45,0.259,0.299,0.346,0.33,0.624,0.69,0.763,0.738
"2023-03-31 05:00:00",158,"Site 2",30.5498,-96.4115,75,12.42,0.259,0.299,0.346,0.33,0.624,0.69,0.763,0.738
"2023-03-31 06:00:00",159,"Site 2",30.5498,-96.4115,75,12.4,0.259,0.299,0.346,0.33,0.624,0.69,0.763,0.738
"2023-03-31 07:00:00",160,"Site 2",30.5498,-96.4115,75,12.38,0.259,0.299,0.346,0.33,0.623,0.689,0.763,0.738
"2023-03-31 08:00:00",161,"Site 2",30.5498,-96.4115,75,12.39,0.259,0.299,0.346,0.33,0.623,0.689,0.763,0.739
"2023-03-31 09:00:00",162,"Site 2",30.5498,-96.4115,75,12.49,0.259,0.299,0.348,0.332,0.623,0.689,0.765,0.741
"2023-03-31 10:00:00",163,"Site 2",30.5498,-96.4115,75,12.87,0.259,0.299,0.35,0.334,0.624,0.689,0.769,0.745
"2023-03-31 11:00:00",164,"Site 2",30.5498,-96.4115,75,13.06,0.26,0.299,0.352,0.336,0.625,0.69,0.772,0.748
"2023-03-31 12:00:00",165,"Site 2",30.5498,-96.4115,75,13.27,0.26,0.299,0.355,0.339,0.626,0.69,0.777,0.753
"2023-03-31 13:00:00",166,"Site 2",30.5498,-96.4115,75,13.47,0.261,0.3,0.355,0.339,0.627,0.691,0.777,0.752
"2023-03-31 14:00:00",167,"Site 2",30.5498,-96.4115,75,13.09,0.262,0.3,0.353,0.336,0.628,0.692,0.773,0.748
"2023-03-31 15:00:00",168,"Site 2",30.5498,-96.4115,75,13.45,0.262,0.301,0.354,0.337,0.628,0.693,0.774,0.749
"2023-03-31 16:00:00",169,"Site 2",30.5498,-96.4115,75,13.43,0.264,0.302,0.353,0.335,0.631,0.694,0.773,0.747
"2023-03-31 17:00:00",170,"Site 2",30.5498,-96.4115,75,13.43,0.264,0.303,0.353,0.335,0.633,0.696,0.774,0.746
"2023-03-31 18:00:00",171,"Site 2",30.5498,-96.4115,75,13.42,0.264,0.303,0.353,0.334,0.632,0.697,0.774,0.745
"2023-03-31 19:00:00",172,"Site 2",30.5498,-96.4115,75,13.41,0.263,0.303,0.354,0.334,0.631,0.697,0.774,0.745
"2023-03-31 20:00:00",173,"Site 2",30.5498,-96.4115,75,12.78,0.262,0.303,0.35,0.33,0.629,0.696,0.769,0.739
"2023-03-31 21:00:00",174,"Site 2",30.5498,-96.4115,75,12.73,0.261,0.302,0.349,0.329,0.627,0.695,0.768,0.738
"2023-03-31 22:00:00",175,"Site 2",30.5498,-96.4115,75,12.68,0.26,0.302,0.349,0.33,0.625,0.694,0.768,0.738
"2023-03-31 23:00:00",176,"Site 2",30.5498,-96.4115,75,12.65,0.259,0.301,0.349,0.33,0.623,0.693,0.767,0.738
"2023-04-01 00:00:00",177,"Site 2",30.5498,-96.4115,75,12.61,0.258,0.3,0.349,0.33,0.622,0.692,0.767,0.738
"2023-04-01 01:00:00",178,"Site 2",30.5498,-96.4115,75,12.58,0.257,0.299,0.348,0.33,0.621,0.69,0.766,0.738
"2023-04-01 02:00:00",179,"Site 2",30.5498,-96.4115,75,12.55,0.257,0.299,0.348,0.33,0.62,0.689,0.766,0.739
"2023-04-01 03:00:00",180,"Site 2",30.5498,-96.4115,75,12.52,0.256,0.298,0.347,0.33,0.618,0.689,0.765,0.739
"2023-04-01 04:00:00",181,"Site 2",30.5498,-96.4115,75,12.48,0.255,0.298,0.347,0.33,0.617,0.688,0.765,0.739
"2023-04-01 05:00:00",182,"Site 2",30.5498,-96.4115,75,12.45,0.255,0.297,0.347,0.33,0.616,0.687,0.764,0.739
"2023-04-01 06:00:00",183,"Site 2",30.5498,-96.4115,75,12.41,0.254,0.296,0.346,0.33,0.615,0.686,0.763,0.739
"2023-04-01 07:00:00",184,"Site 2",30.5498,-96.4115,75,12.37,0.253,0.296,0.346,0.33,0.614,0.685,0.763,0.739
"2023-04-01 08:00:00",185,"Site 2",30.5498,-96.4115,75,12.39,0.252,0.295,0.346,0.331,0.612,0.684,0.763,0.74
"2023-04-01 09:00:00",186,"Site 2",30.5498,-96.4115,75,12.57,0.252,0.295,0.347,0.333,0.611,0.683,0.765,0.743
"2023-04-01 10:00:00",187,"Site 2",30.5498,-96.4115,75,12.72,0.252,0.295,0.348,0.333,0.612,0.683,0.766,0.744
"2023-04-01 11:00:00",188,"Site 2",30.5498,-96.4115,75,12.77,0.253,0.295,0.348,0.334,0.614,0.683,0.765,0.744
"2023-04-01 12:00:00",189,"Site 2",30.5498,-96.4115,75,13.06,0.255,0.296,0.35,0.335,0.616,0.685,0.768,0.747
"2023-04-01 13:00:00",190,"Site 2",30.5498,-96.4115,75,13.6,0.257,0.297,0.357,0.342,0.62,0.687,0.779,0.757
"2023-04-01 14:00:00",191,"Site 2",30.5498,-96.4115,75,13.44,0.259,0.299,0.354,0.338,0.624,0.69,0.775,0.752
"2023-04-01 15:00:00",192,"Site 2",30.5498,-96.4115,75,13.45,0.26,0.3,0.353,0.336,0.626,0.692,0.773,0.748
"2023-04-01 16:00:00",193,"Site 2",30.5498,-96.4115,75,13.45,0.26,0.301,0.353,0.335,0.625,0.693,0.773,0.747
"2023-04-01 17:00:00",194,"Site 2",30.5498,-96.4115,75,13.48,0.259,0.301,0.353,0.335,0.623,0.693,0.773,0.746
"2023-04-01 18:00:00",195,"Site 2",30.5498,-96.4115,75,12.96,0.258,0.301,0.351,0.332,0.622,0.693,0.771,0.742
"2023-04-01 19:00:00",196,"Site 2",30.5498,-96.4115,75,12.94,0.257,0.3,0.351,0.332,0.619,0.692,0.771,0.742
"2023-04-01 20:00:00",197,"Site 2",30.5498,-96.4115,75,12.73,0.255,0.3,0.349,0.33,0.617,0.691,0.767,0.738
"2023-04-01 21:00:00",198,"Site 2",30.5498,-96.4115,75,12.68,0.254,0.299,0.348,0.329,0.615,0.689,0.766,0.738
"2023-04-01 22:00:00",199,"Site 2",30.5498,-96.4115,75,12.64,0.253,0.298,0.348,0.33,0.613,0.688,0.766,0.738
"2023-04-01 23:00:00",200,"Site 2",30.5498,-96.4115,75,12.6,0.252,0.297,0.347,0.33,0.612,0.687,0.765,0.738
"2023-04-02 00:00:00",201,"Site 2",30.5498,-96.4115,75,12.58,0.251,0.296,0.347,0.33,0.61,0.686,0.764,0.738
"2023-04-02 01:00:00",202,"Site 2",30.5498,-96.4115,75,12.55,0.251,0.296,0.347,0.33,0.609,0.685,0.764,0.738
"2023-04-02 02:00:00",203,"Site 2",30.5498,-96.4115,75,12.52,0.25,0.295,0.346,0.33,0.608,0.684,0.763,0.739
"2023-04-02 03:00:00",204,"Site 2",30.5498,-96.4115,75,12.48,0.25,0.295,0.346,0.33,0.607,0.683,0.763,0.739
"2023-04-02 04:00:00",205,"Site 2",30.5498,-96.4115,75,12.44,0.249,0.294,0.345,0.33,0.606,0.682,0.762,0.739
"2023-04-02 05:00:00",206,"Site 2",30.5498,-96.4115,75,12.41,0.249,0.294,0.345,0.33,0.605,0.682,0.761,0.739
"2023-04-02 06:00:00",207,"Site 2",30.5498,-96.4115,75,12.39,0.248,0.294,0.345,0.33,0.605,0.681,0.761,0.739
"2023-04-02 07:00:00",208,"Site 2",30.5498,-96.4115,75,12.37,0.248,0.293,0.344,0.33,0.604,0.68,0.761,0.739
"2023-04-02 08:00:00",209,"Site 2",30.5498,-96.4115,75,12.39,0.247,0.293,0.345,0.331,0.603,0.68,0.761,0.74
"2023-04-02 09:00:00",210,"Site 2",30.5498,-96.4115,75,12.44,0.247,0.292,0.346,0.332,0.603,0.679,0.762,0.742
"2023-04-02 10:00:00",211,"Site 2",30.5498,-96.4115,75,13.02,0.247,0.293,0.349,0.336,0.603,0.679,0.768,0.748
"2023-04-02 11:00:00",212,"Site 2",30.5498,-96.4115,75,13.05,0.248,0.293,0.348,0.335,0.604,0.68,0.767,0.746
"2023-04-02 12:00:00",213,"Site 2",30.5498,-96.4115,75,13.01,0.249,0.293,0.349,0.336,0.606,0.68,0.768,0.747
"2023-04-02 13:00:00",214,"Site 2",30.5498,-96.4115,75,13.06,0.249,0.294,0.348,0.334,0.606,0.681,0.765,0.745
"2023-04-02 14:00:00",215,"Site 2",30.5498,-96.4115,75,13.42,0.249,0.294,0.351,0.337,0.607,0.682,0.771,0.75
"2023-04-02 15:00:00",216,"Site 2",30.5498,-96.4115,75,13.51,0.25,0.294,0.349,0.335,0.608,0.682,0.768,0.746
"2023-04-02 16:00:00",217,"Site 2",30.5498,-96.4115,75,13.47,0.251,0.295,0.351,0.336,0.609,0.683,0.77,0.748
"2023-04-02 17:00:00",218,"Site 2",30.5498,-96.4115,75,13.47,0.251,0.295,0.35,0.335,0.61,0.684,0.768,0.746
"2023-04-02 18:00:00",219,"Site 2",30.5498,-96.4115,75,13.41,0.251,0.296,0.349,0.333,0.609,0.685,0.767,0.744
"2023-04-02 19:00:00",220,"Site 2",30.5498,-96.4115,75,13.5,0.25,0.296,0.35,0.334,0.608,0.684,0.769,0.745
"2023-04-02 20:00:00",221,"Site 2",30.5498,-96.4115,75,12.78,0.249,0.295,0.347,0.331,0.607,0.684,0.764,0.739
"2023-04-02 21:00:00",222,"Site 2",30.5498,-96.4115,75,12.73,0.249,0.295,0.345,0.329,0.605,0.683,0.762,0.737
"2023-04-02 22:00:00",223,"Site 2",30.5498,-96.4115,75,12.69,0.248,0.294,0.345,0.329,0.604,0.682,0.762,0.737
"2023-04-02 23:00:00",224,"Site 2",30.5498,-96.4115,75,12.65,0.248,0.294,0.345,0.329,0.604,0.682,0.761,0.737
"2023-04-03 00:00:00",225,"Site 2",30.5498,-96.4115,75,12.62,0.247,0.294,0.345,0.329,0.603,0.681,0.761,0.737
"2023-04-03 01:00:00",226,"Site 2",30.5498,-96.4115,75,12.59,0.247,0.293,0.345,0.329,0.603,0.68,0.761,0.737
"2023-04-03 02:00:00",227,"Site 2",30.5498,-96.4115,75,12.56,0.247,0.293,0.344,0.329,0.603,0.68,0.76,0.737
"2023-04-03 03:00:00",228,"Site 2",30.5498,-96.4115,75,12.53,0.248,0.293,0.344,0.329,0.604,0.679,0.76,0.738
"2023-04-03 04:00:00",229,"Site 2",30.5498,-96.4115,75,12.51,0.248,0.292,0.344,0.329,0.604,0.679,0.76,0.738
"2023-04-03 05:00:00",230,"Site 2",30.5498,-96.4115,75,12.48,0.248,0.292,0.344,0.329,0.604,0.679,0.76,0.738
"2023-04-03 06:00:00",231,"Site 2",30.5498,-96.4115,75,12.45,0.248,0.292,0.344,0.329,0.605,0.679,0.759,0.738
"2023-04-03 07:00:00",232,"Site 2",30.5498,-96.4115,75,12.42,0.248,0.292,0.343,0.329,0.605,0.679,0.759,0.738
"2023-04-03 08:00:00",233,"Site 2",30.5498,-96.4115,75,12.44,0.249,0.292,0.344,0.33,0.606,0.679,0.76,0.739
"2023-04-03 09:00:00",234,"Site 2",30.5498,-96.4115,75,12.63,0.249,0.292,0.346,0.332,0.606,0.679,0.763,0.742
"2023-04-03 10:00:00",235,"Site 2",30.5498,-96.4115,75,12.9,0.25,0.293,0.348,0.334,0.607,0.679,0.765,0.744
"2023-04-03 11:00:00",236,"Site 2",30.5498,-96.4115,75,13.15,0.25,0.293,0.35,0.336,0.609,0.68,0.769,0.747
"2023-04-03 12:00:00",237,"Site 2",30.5498,-96.4115,75,13.45,0.252,0.294,0.353,0.339,0.611,0.681,0.773,0.752
"2023-04-03 13:00:00",238,"Site 2",30.5498,-96.4115,75,13.42,0.254,0.295,0.352,0.337,0.615,0.683,0.772,0.75
"2023-04-03 14:00:00",239,"Site 2",30.5498,-96.4115,75,13.41,0.256,0.296,0.351,0.335,0.618,0.685,0.77,0.747
"2023-04-03 15:00:00",240,"Site 2",30.5498,-96.4115,75,13.41,0.258,0.298,0.351,0.335,0.621,0.688,0.77,0.746
"2023-04-03 16:00:00",241,"Site 2",30.5498,-96.4115,75,13.41,0.259,0.299,0.351,0.334,0.623,0.69,0.771,0.745
"2023-04-03 17:00:00",242,"Site 2",30.5498,-96.4115,75,13.41,0.259,0.3,0.352,0.333,0.623,0.691,0.772,0.744
"2023-04-03 18:00:00",243,"Site 2",30.5498,-96.4115,75,13.39,0.258,0.3,0.352,0.333,0.622,0.692,0.772,0.743
"2023-04-03 19:00:00",244,"Site 2",30.5498,-96.4115,75,13.45,0.257,0.3,0.353,0.333,0.62,0.692,0.773,0.743
"2023-04-03 20:00:00",245,"Site 2",30.5498,-96.4115,75,12.76,0.255,0.299,0.349,0.329,0.617,0.69,0.767,0.737
"2023-04-03 21:00:00",246,"Site 2",30.5498,-96.4115,75,12.72,0.254,0.299,0.348,0.329,0.616,0.689,0.766,0.736
"2023-04-03 22:00:00",247,"Site 2",30.5498,-96.4115,75,12.68,0.254,0.298,0.348,0.329,0.614,0.688,0.766,0.737
"2023-04-03 23:00:00",248,"Site 2",30.5498,-96.4115,75,12.65,0.253,0.297,0.348,0.329,0.613,0.687,0.766,0.737
"2023-04-04 00:00:00",249,"Site 2",30.5498,-96.4115,75,12.62,0.252,0.296,0.348,0.329,0.612,0.686,0.765,0.737
"2023-04-04 01:00:00",250,"Site 2",30.5498,-96.4115,75,12.6,0.252,0.296,0.347,0.329,0.611,0.685,0.765,0.737
"2023-04-04 02:00:00",251,"Site 2",30.5498,-96.4115,75,12.58,0.252,0.296,0.347,0.329,0.611,0.684,0.764,0.738
"2023-04-04 03:00:00",252,"Site 2",30.5498,-96.4115,75,12.55,0.251,0.295,0.347,0.33,0.61,0.684,0.764,0.738
"2023-04-04 04:00:00",253,"Site 2",30.5498,-96.4115,75,12.53,0.251,0.295,0.346,0.33,0.61,0.683,0.763,0.738
"2023-04-04 05:00:00",254,"Site 2",30.5498,-96.4115,75,12.5,0.251,0.295,0.346,0.33,0.609,0.683,0.763,0.738
"2023-04-04 06:00:00",255,"Site 2",30.5498,-96.4115,75,12.47,0.251,0.295,0.346,0.33,0.609,0.683,0.763,0.738
"2023-04-04 07:00:00",256,"Site 2",30.5498,-96.4115,75,12.44,0.25,0.294,0.346,0.33,0.608,0.682,0.762,0.739
"2023-04-04 08:00:00",257,"Site 2",30.5498,-96.4115,75,12.48,0.25,0.294,0.346,0.331,0.608,0.682,0.763,0.74
"2023-04-04 09:00:00",258,"Site 2",30.5498,-96.4115,75,12.81,0.25,0.294,0.349,0.334,0.608,0.682,0.767,0.744
"2023-04-04 10:00:00",259,"Site 2",30.5498,-96.4115,75,13.13,0.25,0.294,0.351,0.336,0.608,0.682,0.77,0.748
"2023-04-04 11:00:00",260,"Site 2",30.5498,-96.4115,75,13.24,0.251,0.294,0.351,0.336,0.609,0.682,0.77,0.748
"2023-04-04 12:00:00",261,"Site 2",30.5498,-96.4115,75,13.53,0.251,0.295,0.354,0.339,0.61,0.683,0.775,0.752
"2023-04-04 13:00:00",262,"Site 2",30.5498,-96.4115,75,13.47,0.252,0.296,0.353,0.337,0.612,0.684,0.773,0.749
"2023-04-04 14:00:00",263,"Site 2",30.5498,-96.4115,75,13.45,0.253,0.296,0.352,0.336,0.614,0.685,0.771,0.747
"2023-04-04 15:00:00",264,"Site 2",30.5498,-96.4115,75,13.45,0.254,0.297,0.351,0.335,0.615,0.687,0.771,0.746
"2023-04-04 16:00:00",265,"Site 2",30.5498,-96.4115,75,13.5,0.253,0.297,0.351,0.334,0.614,0.687,0.771,0.745
"2023-04-04 17:00:00",266,"Site 2",30.5498,-96.4115,75,13.42,0.252,0.297,0.35,0.333,0.612,0.687,0.769,0.743
"2023-04-04 18:00:00",267,"Site 2",30.5498,-96.4115,75,12.81,0.252,0.297,0.348,0.331,0.611,0.686,0.766,0.739
"2023-04-04 19:00:00",268,"Site 2",30.5498,-96.4115,75,12.74,0.251,0.296,0.348,0.33,0.61,0.686,0.766,0.739
"2023-04-04 20:00:00",269,"Site 2",30.5498,-96.4115,75,12.71,0.251,0.296,0.347,0.33,0.609,0.685,0.765,0.738
"2023-04-04 21:00:00",270,"Site 2",30.5498,-96.4115,75,12.67,0.25,0.296,0.347,0.33,0.609,0.685,0.764,0.738
"2023-04-04 22:00:00",271,"Site 2",30.5498,-96.4115,75,12.64,0.25,0.295,0.347,0.33,0.608,0.684,0.764,0.738
"2023-04-04 23:00:00",272,"Site 2",30.5498,-96.4115,75,12.62,0.25,0.295,0.347,0.33,0.608,0.684,0.764,0.739
"2023-04-05 00:00:00",273,"Site 2",30.5498,-96.4115,75,12.59,0.25,0.295,0.346,0.33,0.607,0.683,0.763,0.739
"2023-04-05 01:00:00",274,"Site 2",30.5498,-96.4115,75,12.56,0.249,0.295,0.346,0.33,0.607,0.683,0.763,0.739
"2023-04-05 02:00:00",275,"Site 2",30.5498,-96.4115,75,12.53,0.249,0.294,0.346,0.33,0.606,0.682,0.763,0.739
"2023-04-05 03:00:00",276,"Site 2",30.5498,-96.4115,75,12.49,0.249,0.294,0.346,0.33,0.606,0.682,0.763,0.739
"2023-04-05 04:00:00",277,"Site 2",30.5498,-96.4115,75,12.46,0.249,0.294,0.346,0.33,0.606,0.682,0.762,0.739
"2023-04-05 05:00:00",278,"Site 2",30.5498,-96.4115,75,12.44,0.249,0.294,0.346,0.331,0.605,0.681,0.762,0.739
"2023-04-05 06:00:00",279,"Site 2",30.5498,-96.4115,75,12.42,0.248,0.294,0.345,0.33,0.605,0.681,0.762,0.739
"2023-04-05 07:00:00",280,"Site 2",30.5498,-96.4115,75,12.4,0.248,0.293,0.345,0.33,0.605,0.681,0.762,0.739
"2023-04-05 08:00:00",281,"Site 2",30.5498,-96.4115,75,12.41,0.248,0.293,0.346,0.331,0.605,0.681,0.762,0.74
"2023-04-05 09:00:00",282,"Site 2",30.5498,-96.4115,75,12.44,0.248,0.293,0.346,0.332,0.604,0.68,0.763,0.741
"2023-04-05 10:00:00",283,"Site 2",30.5498,-96.4115,75,12.48,0.248,0.293,0.346,0.332,0.604,0.68,0.763,0.741
"2023-04-05 11:00:00",284,"Site 2",30.5498,-96.4115,75,12.83,0.247,0.293,0.349,0.335,0.603,0.68,0.768,0.746
"2023-04-05 12:00:00",285,"Site 2",30.5498,-96.4115,75,13.05,0.247,0.292,0.35,0.336,0.602,0.679,0.769,0.747
"2023-04-05 13:00:00",286,"Site 2",30.5498,-96.4115,75,13.39,0.247,0.292,0.352,0.338,0.602,0.678,0.771,0.75
"2023-04-05 14:00:00",287,"Site 2",30.5498,-96.4115,75,13.29,0.246,0.292,0.35,0.336,0.602,0.679,0.768,0.748
"2023-04-05 15:00:00",288,"Site 2",30.5498,-96.4115,75,13.02,0.246,0.292,0.348,0.335,0.601,0.678,0.766,0.746
"2023-04-05 16:00:00",289,"Site 2",30.5498,-96.4115,75,12.88,0.246,0.292,0.347,0.334,0.6,0.678,0.765,0.745
"2023-04-05 17:00:00",290,"Site 2",30.5498,-96.4115,75,12.93,0.245,0.291,0.346,0.332,0.599,0.677,0.763,0.742
"2023-04-05 18:00:00",291,"Site 2",30.5498,-96.4115,75,13.66,0.245,0.291,0.35,0.337,0.599,0.677,0.769,0.749
"2023-04-05 19:00:00",292,"Site 2",30.5498,-96.4115,75,12.8,0.245,0.291,0.346,0.333,0.599,0.676,0.763,0.743
"2023-04-05 20:00:00",293,"Site 2",30.5498,-96.4115,75,12.68,0.244,0.29,0.343,0.33,0.598,0.676,0.759,0.739
"2023-04-05 21:00:00",294,"Site 2",30.5498,-96.4115,75,12.62,0.244,0.29,0.343,0.33,0.597,0.675,0.758,0.738
"2023-04-05 22:00:00",295,"Site 2",30.5498,-96.4115,75,12.57,0.243,0.289,0.342,0.33,0.596,0.674,0.758,0.738
"2023-04-05 23:00:00",296,"Site 2",30.5498,-96.4115,75,12.53,0.242,0.289,0.342,0.33,0.595,0.674,0.757,0.738
"2023-04-06 00:00:00",297,"Site 2",30.5498,-96.4115,75,12.49,0.242,0.289,0.342,0.33,0.594,0.673,0.757,0.738
"2023-04-06 01:00:00",298,"Site 2",30.5498,-96.4115,75,12.44,0.241,0.288,0.342,0.33,0.593,0.672,0.756,0.738
"2023-04-06 02:00:00",299,"Site 2",30.5498,-96.4115,75,12.4,0.241,0.288,0.341,0.33,0.593,0.671,0.756,0.738
"2023-04-06 03:00:00",300,"Site 2",30.5498,-96.4115,75,12.35,0.245,0.287,0.341,0.329,0.6,0.67,0.755,0.738
"2023-04-06 04:00:00",301,"Site 2",30.5498,-96.4115,75,12.31,0.252,0.287,0.341,0.329,0.611,0.67,0.755,0.738
"2023-04-06 05:00:00",302,"Site 2",30.5498,-96.4115,75,12.28,0.268,0.287,0.34,0.329,0.639,0.67,0.754,0.737
"2023-04-06 06:00:00",303,"Site 2",30.5498,-96.4115,75,12.26,0.291,0.297,0.34,0.329,0.676,0.686,0.754,0.737
"2023-04-06 07:00:00",304,"Site 2",30.5498,-96.4115,75,12.24,0.284,0.308,0.34,0.329,0.665,0.705,0.753,0.737
"2023-04-06 08:00:00",305,"Site 2",30.5498,-96.4115,75,12.22,0.3,0.323,0.34,0.329,0.691,0.728,0.754,0.737
"2023-04-06 09:00:00",306,"Site 2",30.5498,-96.4115,75,12.21,0.308,0.345,0.351,0.329,0.705,0.761,0.77,0.737
"2023-04-06 10:00:00",307,"Site 2",30.5498,-96.4115,75,12.19,0.313,0.349,0.379,0.329,0.712,0.768,0.811,0.737
"2023-04-06 11:00:00",308,"Site 2",30.5498,-96.4115,75,12.17,0.317,0.351,0.383,0.329,0.719,0.77,0.816,0.737
"2023-04-06 12:00:00",309,"Site 2",30.5498,-96.4115,75,12.19,0.322,0.352,0.384,0.335,0.727,0.772,0.818,0.746
"2023-04-06 13:00:00",310,"Site 2",30.5498,-96.4115,75,12.2,0.326,0.353,0.385,0.354,0.732,0.773,0.819,0.775
"2023-04-06 14:00:00",311,"Site 2",30.5498,-96.4115,75,12.19,0.328,0.353,0.385,0.393,0.736,0.774,0.818,0.827
"2023-04-06 15:00:00",312,"Site 2",30.5498,-96.4115,75,12.27,0.33,0.353,0.385,0.431,0.739,0.773,0.819,0.876
"2023-04-06 16:00:00",313,"Site 2",30.5498,-96.4115,75,12.16,0.332,0.351,0.382,0.431,0.741,0.77,0.815,0.875
"2023-04-06 17:00:00",314,"Site 2",30.5498,-96.4115,75,12.11,0.333,0.35,0.382,0.432,0.743,0.769,0.815,0.876
"2023-04-06 18:00:00",315,"Site 2",30.5498,-96.4115,75,12.09,0.334,0.35,0.383,0.433,0.745,0.769,0.815,0.877
"2023-04-06 19:00:00",316,"Site 2",30.5498,-96.4115,75,12.06,0.335,0.351,0.383,0.434,0.746,0.77,0.816,0.878
"2023-04-06 20:00:00",317,"Site 2",30.5498,-96.4115,75,12.04,0.335,0.351,0.383,0.434,0.747,0.77,0.816,0.879
"2023-04-06 21:00:00",318,"Site 2",30.5498,-96.4115,75,12.02,0.336,0.351,0.384,0.435,0.748,0.77,0.817,0.88
"2023-04-06 22:00:00",319,"Site 2",30.5498,-96.4115,75,12,0.337,0.352,0.384,0.436,0.749,0.771,0.817,0.881
"2023-04-06 23:00:00",320,"Site 2",30.5498,-96.4115,75,11.97,0.337,0.352,0.384,0.437,0.75,0.772,0.818,0.882
"2023-04-07 00:00:00",321,"Site 2",30.5498,-96.4115,75,11.95,0.338,0.353,0.385,0.437,0.751,0.773,0.818,0.882
"2023-04-07 01:00:00",322,"Site 2",30.5498,-96.4115,75,11.93,0.338,0.353,0.385,0.437,0.751,0.773,0.819,0.883
"2023-04-07 02:00:00",323,"Site 2",30.5498,-96.4115,75,11.9,0.339,0.353,0.385,0.438,0.752,0.774,0.819,0.883
"2023-04-07 03:00:00",324,"Site 2",30.5498,-96.4115,75,11.88,0.339,0.354,0.385,0.438,0.752,0.774,0.819,0.883
"2023-04-07 04:00:00",325,"Site 2",30.5498,-96.4115,75,11.86,0.339,0.354,0.385,0.438,0.753,0.775,0.819,0.883
"2023-04-07 05:00:00",326,"Site 2",30.5498,-96.4115,75,11.83,0.34,0.354,0.386,0.438,0.753,0.775,0.819,0.884
"2023-04-07 06:00:00",327,"Site 2",30.5498,-96.4115,75,11.81,0.34,0.354,0.386,0.439,0.754,0.775,0.82,0.884
"2023-04-07 07:00:00",328,"Site 2",30.5498,-96.4115,75,11.78,0.34,0.355,0.386,0.439,0.754,0.776,0.82,0.884
"2023-04-07 08:00:00",329,"Site 2",30.5498,-96.4115,75,11.75,0.341,0.355,0.386,0.439,0.755,0.777,0.82,0.885
"2023-04-07 09:00:00",330,"Site 2",30.5498,-96.4115,75,11.74,0.341,0.356,0.387,0.44,0.755,0.777,0.821,0.886
"2023-04-07 10:00:00",331,"Site 2",30.5498,-96.4115,75,11.78,0.341,0.356,0.388,0.442,0.755,0.778,0.822,0.887
"2023-04-07 11:00:00",332,"Site 2",30.5498,-96.4115,75,11.86,0.341,0.356,0.389,0.443,0.756,0.778,0.824,0.889
"2023-04-07 12:00:00",333,"Site 2",30.5498,-96.4115,75,11.9,0.342,0.356,0.39,0.445,0.756,0.778,0.825,0.89
"2023-04-07 13:00:00",334,"Site 2",30.5498,-96.4115,75,12.23,0.342,0.357,0.392,0.448,0.757,0.779,0.829,0.894
"2023-04-07 14:00:00",335,"Site 2",30.5498,-96.4115,75,12.08,0.342,0.357,0.391,0.446,0.757,0.779,0.826,0.892
"2023-04-07 15:00:00",336,"Site 2",30.5498,-96.4115,75,12.06,0.342,0.357,0.39,0.445,0.757,0.78,0.825,0.891
"2023-04-07 16:00:00",337,"Site 2",30.5498,-96.4115,75,12.08,0.343,0.358,0.39,0.445,0.758,0.78,0.826,0.891
"2023-04-07 17:00:00",338,"Site 2",30.5498,-96.4115,75,12.01,0.343,0.358,0.39,0.444,0.758,0.78,0.825,0.89
"2023-04-07 18:00:00",339,"Site 2",30.5498,-96.4115,75,11.96,0.343,0.358,0.39,0.445,0.758,0.781,0.825,0.89
"2023-04-07 19:00:00",340,"Site 2",30.5498,-96.4115,75,11.83,0.343,0.358,0.388,0.443,0.758,0.781,0.823,0.888
"2023-04-07 20:00:00",341,"Site 2",30.5498,-96.4115,75,11.76,0.343,0.358,0.388,0.442,0.758,0.781,0.823,0.888
"2023-04-07 21:00:00",342,"Site 2",30.5498,-96.4115,75,11.72,0.343,0.359,0.388,0.442,0.758,0.781,0.823,0.888
"2023-04-07 22:00:00",343,"Site 2",30.5498,-96.4115,75,11.69,0.343,0.359,0.388,0.442,0.758,0.782,0.823,0.888
"2023-04-07 23:00:00",344,"Site 2",30.5498,-96.4115,75,11.66,0.343,0.359,0.388,0.443,0.758,0.782,0.823,0.888
"2023-04-08 00:00:00",345,"Site 2",30.5498,-96.4115,75,11.63,0.343,0.359,0.388,0.443,0.758,0.782,0.823,0.888
"2023-04-08 01:00:00",346,"Site 2",30.5498,-96.4115,75,11.6,0.343,0.359,0.388,0.443,0.758,0.783,0.823,0.889
"2023-04-08 02:00:00",347,"Site 2",30.5498,-96.4115,75,11.57,0.343,0.359,0.389,0.443,0.758,0.783,0.823,0.889
"2023-04-08 03:00:00",348,"Site 2",30.5498,-96.4115,75,11.54,0.343,0.36,0.389,0.443,0.758,0.783,0.824,0.889
"2023-04-08 04:00:00",349,"Site 2",30.5498,-96.4115,75,11.51,0.343,0.36,0.389,0.443,0.758,0.783,0.824,0.889
"2023-04-08 05:00:00",350,"Site 2",30.5498,-96.4115,75,11.48,0.343,0.36,0.389,0.443,0.758,0.783,0.824,0.889
"2023-04-08 06:00:00",351,"Site 2",30.5498,-96.4115,75,11.44,0.343,0.36,0.389,0.443,0.758,0.784,0.824,0.889
"2023-04-08 07:00:00",352,"Site 2",30.5498,-96.4115,75,11.41,0.343,0.36,0.389,0.443,0.758,0.784,0.824,0.889
"2023-04-08 08:00:00",353,"Site 2",30.5498,-96.4115,75,11.42,0.343,0.36,0.389,0.444,0.759,0.784,0.825,0.89
"2023-04-08 09:00:00",354,"Site 2",30.5498,-96.4115,75,11.46,0.343,0.361,0.391,0.447,0.759,0.784,0.827,0.893
"2023-04-08 10:00:00",355,"Site 2",30.5498,-96.4115,75,11.65,0.343,0.361,0.393,0.449,0.759,0.785,0.829,0.895
"2023-04-08 11:00:00",356,"Site 2",30.5498,-96.4115,75,11.85,0.344,0.361,0.394,0.451,0.759,0.785,0.831,0.897
"2023-04-08 12:00:00",357,"Site 2",30.5498,-96.4115,75,11.93,0.344,0.361,0.395,0.452,0.76,0.785,0.832,0.898
"2023-04-08 13:00:00",358,"Site 2",30.5498,-96.4115,75,12.24,0.344,0.361,0.399,0.456,0.76,0.786,0.837,0.902
"2023-04-08 14:00:00",359,"Site 2",30.5498,-96.4115,75,12.52,0.338,0.362,0.404,0.463,0.75,0.786,0.843,0.908
"2023-04-08 15:00:00",360,"Site 2",30.5498,-96.4115,75,12.65,0.336,0.362,0.402,0.461,0.747,0.786,0.842,0.906
"2023-04-08 16:00:00",361,"Site 2",30.5498,-96.4115,75,12.62,0.334,0.362,0.4,0.457,0.744,0.787,0.838,0.903
"2023-04-08 17:00:00",362,"Site 2",30.5498,-96.4115,75,12.49,0.332,0.362,0.398,0.453,0.742,0.787,0.835,0.899
"2023-04-08 18:00:00",363,"Site 2",30.5498,-96.4115,75,12.21,0.331,0.362,0.394,0.448,0.74,0.787,0.831,0.894
"2023-04-08 19:00:00",364,"Site 2",30.5498,-96.4115,75,12.07,0.329,0.362,0.392,0.445,0.737,0.787,0.828,0.89
"2023-04-08 20:00:00",365,"Site 2",30.5498,-96.4115,75,12.02,0.328,0.362,0.391,0.444,0.735,0.787,0.826,0.889
"2023-04-08 21:00:00",366,"Site 2",30.5498,-96.4115,75,11.98,0.327,0.362,0.391,0.443,0.734,0.786,0.826,0.889
"2023-04-08 22:00:00",367,"Site 2",30.5498,-96.4115,75,11.94,0.326,0.362,0.391,0.443,0.732,0.786,0.827,0.889
"2023-04-08 23:00:00",368,"Site 2",30.5498,-96.4115,75,11.9,0.325,0.362,0.391,0.443,0.731,0.786,0.826,0.889
"2023-04-09 00:00:00",369,"Site 2",30.5498,-96.4115,75,11.87,0.324,0.361,0.391,0.443,0.729,0.786,0.826,0.889
"2023-04-09 01:00:00",370,"Site 2",30.5498,-96.4115,75,11.83,0.323,0.361,0.391,0.443,0.728,0.785,0.826,0.889
"2023-04-09 02:00:00",371,"Site 2",30.5498,-96.4115,75,11.79,0.323,0.361,0.391,0.443,0.727,0.785,0.826,0.888
"2023-04-09 03:00:00",372,"Site 2",30.5498,-96.4115,75,11.76,0.322,0.361,0.391,0.443,0.726,0.785,0.826,0.888
"2023-04-09 04:00:00",373,"Site 2",30.5498,-96.4115,75,11.73,0.322,0.359,0.391,0.443,0.726,0.782,0.826,0.888
"2023-04-09 05:00:00",374,"Site 2",30.5498,-96.4115,75,11.7,0.321,0.357,0.39,0.442,0.725,0.78,0.826,0.888
"2023-04-09 06:00:00",375,"Site 2",30.5498,-96.4115,75,11.66,0.321,0.357,0.391,0.442,0.725,0.779,0.826,0.888
"2023-04-09 07:00:00",376,"Site 2",30.5498,-96.4115,75,11.63,0.321,0.357,0.39,0.442,0.724,0.779,0.826,0.888
"2023-04-09 08:00:00",377,"Site 2",30.5498,-96.4115,75,11.66,0.32,0.356,0.391,0.443,0.724,0.778,0.827,0.889
"2023-04-09 09:00:00",378,"Site 2",30.5498,-96.4115,75,11.86,0.32,0.356,0.394,0.447,0.723,0.778,0.83,0.892
"2023-04-09 10:00:00",379,"Site 2",30.5498,-96.4115,75,12.11,0.32,0.356,0.396,0.45,0.724,0.778,0.834,0.895
"2023-04-09 11:00:00",380,"Site 2",30.5498,-96.4115,75,12.39,0.321,0.356,0.398,0.454,0.724,0.778,0.836,0.9
"2023-04-09 12:00:00",381,"Site 2",30.5498,-96.4115,75,12.36,0.321,0.356,0.397,0.455,0.725,0.778,0.835,0.901
"2023-04-09 13:00:00",382,"Site 2",30.5498,-96.4115,75,12.68,0.321,0.356,0.395,0.452,0.725,0.778,0.832,0.898
"2023-04-09 14:00:00",383,"Site 2",30.5498,-96.4115,75,12.52,0.321,0.356,0.396,0.453,0.725,0.778,0.833,0.898
"2023-04-09 15:00:00",384,"Site 2",30.5498,-96.4115,75,12.75,0.321,0.356,0.397,0.455,0.725,0.778,0.835,0.901
"2023-04-09 16:00:00",385,"Site 2",30.5498,-96.4115,75,12.84,0.321,0.356,0.399,0.458,0.724,0.778,0.838,0.903
"2023-04-09 17:00:00",386,"Site 2",30.5498,-96.4115,75,12.69,0.321,0.356,0.395,0.451,0.724,0.778,0.832,0.897
"2023-04-09 18:00:00",387,"Site 2",30.5498,-96.4115,75,12.95,0.32,0.356,0.394,0.45,0.723,0.778,0.83,0.896
"2023-04-09 19:00:00",388,"Site 2",30.5498,-96.4115,75,12.33,0.32,0.356,0.388,0.443,0.723,0.778,0.822,0.889
"2023-04-09 20:00:00",389,"Site 2",30.5498,-96.4115,75,12.25,0.319,0.356,0.386,0.441,0.722,0.777,0.82,0.887
"2023-04-09 21:00:00",390,"Site 2",30.5498,-96.4115,75,12.22,0.319,0.356,0.386,0.441,0.722,0.777,0.82,0.887
"2023-04-09 22:00:00",391,"Site 2",30.5498,-96.4115,75,12.18,0.319,0.355,0.386,0.441,0.721,0.777,0.82,0.887
"2023-04-09 23:00:00",392,"Site 2",30.5498,-96.4115,75,12.15,0.319,0.355,0.386,0.442,0.721,0.776,0.819,0.887
"2023-04-10 00:00:00",393,"Site 2",30.5498,-96.4115,75,12.12,0.318,0.355,0.385,0.441,0.719,0.776,0.819,0.887
"2023-04-10 01:00:00",394,"Site 2",30.5498,-96.4115,75,12.09,0.317,0.354,0.385,0.441,0.719,0.775,0.819,0.887
"2023-04-10 02:00:00",395,"Site 2",30.5498,-96.4115,75,12.05,0.317,0.354,0.385,0.441,0.718,0.775,0.818,0.887
"2023-04-10 03:00:00",396,"Site 2",30.5498,-96.4115,75,12.02,0.317,0.354,0.384,0.441,0.718,0.774,0.818,0.887
"2023-04-10 04:00:00",397,"Site 2",30.5498,-96.4115,75,11.98,0.316,0.353,0.384,0.441,0.717,0.774,0.817,0.887
"2023-04-10 05:00:00",398,"Site 2",30.5498,-96.4115,75,11.95,0.316,0.353,0.384,0.441,0.717,0.773,0.817,0.887
"2023-04-10 06:00:00",399,"Site 2",30.5498,-96.4115,75,11.92,0.316,0.353,0.384,0.441,0.717,0.773,0.817,0.887
"2023-04-10 07:00:00",400,"Site 2",30.5498,-96.4115,75,11.89,0.316,0.353,0.383,0.441,0.717,0.773,0.817,0.887
"2023-04-10 08:00:00",401,"Site 2",30.5498,-96.4115,75,11.9,0.316,0.353,0.384,0.442,0.716,0.773,0.817,0.888
"2023-04-10 09:00:00",402,"Site 2",30.5498,-96.4115,75,12.11,0.316,0.353,0.386,0.445,0.716,0.773,0.82,0.891
"2023-04-10 10:00:00",403,"Site 2",30.5498,-96.4115,75,12.49,0.316,0.353,0.39,0.451,0.717,0.773,0.826,0.897
"2023-04-10 11:00:00",404,"Site 2",30.5498,-96.4115,75,12.67,0.316,0.353,0.391,0.453,0.717,0.773,0.827,0.898
"2023-04-10 12:00:00",405,"Site 2",30.5498,-96.4115,75,12.84,0.316,0.353,0.392,0.454,0.718,0.773,0.828,0.9
"2023-04-10 13:00:00",406,"Site 2",30.5498,-96.4115,75,12.9,0.317,0.353,0.392,0.454,0.718,0.773,0.828,0.9
"2023-04-10 14:00:00",407,"Site 2",30.5498,-96.4115,75,13.01,0.317,0.353,0.392,0.454,0.718,0.773,0.828,0.899
"2023-04-10 15:00:00",408,"Site 2",30.5498,-96.4115,75,12.85,0.317,0.353,0.39,0.451,0.718,0.773,0.825,0.897
"2023-04-10 16:00:00",409,"Site 2",30.5498,-96.4115,75,12.65,0.317,0.353,0.388,0.448,0.718,0.773,0.822,0.894
"2023-04-10 17:00:00",410,"Site 2",30.5498,-96.4115,75,13.16,0.316,0.353,0.391,0.453,0.717,0.773,0.827,0.899
"2023-04-10 18:00:00",411,"Site 2",30.5498,-96.4115,75,13.62,0.316,0.352,0.393,0.454,0.717,0.772,0.829,0.9
"2023-04-10 19:00:00",412,"Site 2",30.5498,-96.4115,75,13.6,0.316,0.352,0.393,0.455,0.716,0.772,0.83,0.901
"2023-04-10 20:00:00",413,"Site 2",30.5498,-96.4115,75,12.6,0.315,0.352,0.387,0.446,0.715,0.771,0.821,0.892
"2023-04-10 21:00:00",414,"Site 2",30.5498,-96.4115,75,12.52,0.315,0.351,0.383,0.442,0.715,0.771,0.816,0.887
"2023-04-10 22:00:00",415,"Site 2",30.5498,-96.4115,75,12.46,0.314,0.351,0.383,0.442,0.714,0.77,0.815,0.887
"2023-04-10 23:00:00",416,"Site 2",30.5498,-96.4115,75,12.41,0.314,0.351,0.382,0.442,0.714,0.77,0.815,0.887
"2023-04-11 00:00:00",417,"Site 2",30.5498,-96.4115,75,12.36,0.314,0.35,0.382,0.442,0.713,0.769,0.814,0.887
"2023-04-11 01:00:00",418,"Site 2",30.5498,-96.4115,75,12.32,0.313,0.35,0.382,0.442,0.713,0.769,0.814,0.887
"2023-04-11 02:00:00",419,"Site 2",30.5498,-96.4115,75,12.29,0.313,0.35,0.381,0.437,0.712,0.768,0.814,0.883
"2023-04-11 03:00:00",420,"Site 2",30.5498,-96.4115,75,12.27,0.313,0.35,0.381,0.432,0.712,0.768,0.813,0.876
"2023-04-11 04:00:00",421,"Site 2",30.5498,-96.4115,75,12.23,0.313,0.349,0.381,0.42,0.712,0.768,0.813,0.863
"2023-04-11 05:00:00",422,"Site 2",30.5498,-96.4115,75,12.21,0.312,0.349,0.38,0.407,0.711,0.767,0.812,0.847
"2023-04-11 06:00:00",423,"Site 2",30.5498,-96.4115,75,12.18,0.312,0.349,0.38,0.399,0.711,0.767,0.812,0.837
"2023-04-11 07:00:00",424,"Site 2",30.5498,-96.4115,75,12.16,0.312,0.349,0.38,0.398,0.711,0.767,0.811,0.836
"2023-04-11 08:00:00",425,"Site 2",30.5498,-96.4115,75,12.19,0.312,0.348,0.38,0.399,0.711,0.767,0.812,0.837
"2023-04-11 09:00:00",426,"Site 2",30.5498,-96.4115,75,12.57,0.312,0.348,0.383,0.401,0.711,0.766,0.816,0.84
"2023-04-11 10:00:00",427,"Site 2",30.5498,-96.4115,75,12.9,0.313,0.348,0.385,0.402,0.711,0.766,0.819,0.841
"2023-04-11 11:00:00",428,"Site 2",30.5498,-96.4115,75,13.23,0.313,0.349,0.389,0.404,0.712,0.767,0.824,0.844
"2023-04-11 12:00:00",429,"Site 2",30.5498,-96.4115,75,13.25,0.314,0.349,0.39,0.404,0.714,0.767,0.825,0.844
"2023-04-11 13:00:00",430,"Site 2",30.5498,-96.4115,75,13.58,0.315,0.349,0.389,0.403,0.716,0.768,0.825,0.842
"2023-04-11 14:00:00",431,"Site 2",30.5498,-96.4115,75,13.4,0.316,0.35,0.388,0.401,0.716,0.769,0.823,0.839
"2023-04-11 15:00:00",432,"Site 2",30.5498,-96.4115,75,13.54,0.316,0.35,0.388,0.399,0.716,0.769,0.822,0.837
"2023-04-11 16:00:00",433,"Site 2",30.5498,-96.4115,75,13.54,0.315,0.35,0.387,0.398,0.716,0.769,0.821,0.836
"2023-04-11 17:00:00",434,"Site 2",30.5498,-96.4115,75,13.54,0.315,0.35,0.387,0.397,0.715,0.769,0.821,0.834
"2023-04-11 18:00:00",435,"Site 2",30.5498,-96.4115,75,13.5,0.314,0.35,0.386,0.396,0.714,0.769,0.821,0.833
"2023-04-11 19:00:00",436,"Site 2",30.5498,-96.4115,75,13.52,0.313,0.35,0.386,0.395,0.712,0.768,0.82,0.832
"2023-04-11 20:00:00",437,"Site 2",30.5498,-96.4115,75,12.73,0.312,0.349,0.382,0.391,0.711,0.767,0.815,0.827
"2023-04-11 21:00:00",438,"Site 2",30.5498,-96.4115,75,12.65,0.312,0.348,0.38,0.388,0.71,0.766,0.812,0.823
"2023-04-11 22:00:00",439,"Site 2",30.5498,-96.4115,75,12.6,0.311,0.348,0.379,0.388,0.709,0.766,0.811,0.823
"2023-04-11 23:00:00",440,"Site 2",30.5498,-96.4115,75,12.56,0.31,0.347,0.379,0.388,0.708,0.765,0.811,0.822
"2023-04-12 00:00:00",441,"Site 2",30.5498,-96.4115,75,12.53,0.31,0.347,0.379,0.387,0.707,0.764,0.81,0.822
"2023-04-12 01:00:00",442,"Site 2",30.5498,-96.4115,75,12.5,0.31,0.347,0.378,0.387,0.707,0.764,0.81,0.822
"2023-04-12 02:00:00",443,"Site 2",30.5498,-96.4115,75,12.47,0.309,0.346,0.378,0.387,0.706,0.763,0.809,0.821
"2023-04-12 03:00:00",444,"Site 2",30.5498,-96.4115,75,12.44,0.309,0.346,0.378,0.387,0.706,0.763,0.809,0.821
"2023-04-12 04:00:00",445,"Site 2",30.5498,-96.4115,75,12.41,0.309,0.346,0.377,0.386,0.706,0.763,0.808,0.82
"2023-04-12 05:00:00",446,"Site 2",30.5498,-96.4115,75,12.38,0.309,0.346,0.377,0.386,0.705,0.762,0.808,0.82
"2023-04-12 06:00:00",447,"Site 2",30.5498,-96.4115,75,12.35,0.308,0.345,0.377,0.386,0.705,0.762,0.807,0.82
"2023-04-12 07:00:00",448,"Site 2",30.5498,-96.4115,75,12.32,0.308,0.345,0.376,0.385,0.704,0.761,0.807,0.819
"2023-04-12 08:00:00",449,"Site 2",30.5498,-96.4115,75,12.36,0.308,0.345,0.377,0.386,0.704,0.761,0.807,0.82
"2023-04-12 09:00:00",450,"Site 2",30.5498,-96.4115,75,12.5,0.308,0.345,0.377,0.387,0.704,0.761,0.808,0.822
"2023-04-12 10:00:00",451,"Site 2",30.5498,-96.4115,75,12.61,0.309,0.345,0.377,0.387,0.705,0.761,0.808,0.822
"2023-04-12 11:00:00",452,"Site 2",30.5498,-96.4115,75,12.67,0.31,0.345,0.378,0.387,0.707,0.762,0.808,0.822
"2023-04-12 12:00:00",453,"Site 2",30.5498,-96.4115,75,13.1,0.311,0.346,0.381,0.39,0.709,0.762,0.813,0.826
"2023-04-12 13:00:00",454,"Site 2",30.5498,-96.4115,75,13.5,0.312,0.346,0.389,0.398,0.711,0.763,0.823,0.836
"2023-04-12 14:00:00",455,"Site 2",30.5498,-96.4115,75,13.48,0.313,0.347,0.384,0.393,0.712,0.764,0.817,0.829
"2023-04-12 15:00:00",456,"Site 2",30.5498,-96.4115,75,13.49,0.313,0.347,0.383,0.391,0.712,0.765,0.815,0.826
"2023-04-12 16:00:00",457,"Site 2",30.5498,-96.4115,75,13.5,0.314,0.347,0.382,0.389,0.713,0.765,0.815,0.824
"2023-04-12 17:00:00",458,"Site 2",30.5498,-96.4115,75,13.5,0.314,0.348,0.382,0.388,0.713,0.765,0.814,0.823
"2023-04-12 18:00:00",459,"Site 2",30.5498,-96.4115,75,13.62,0.312,0.347,0.382,0.388,0.711,0.765,0.815,0.823
"2023-04-12 19:00:00",460,"Site 2",30.5498,-96.4115,75,13.6,0.311,0.347,0.382,0.387,0.709,0.764,0.814,0.822
"2023-04-12 20:00:00",461,"Site 2",30.5498,-96.4115,75,12.72,0.31,0.346,0.379,0.384,0.708,0.763,0.81,0.818
"2023-04-12 21:00:00",462,"Site 2",30.5498,-96.4115,75,12.65,0.309,0.345,0.376,0.382,0.706,0.762,0.807,0.815
"2023-04-12 22:00:00",463,"Site 2",30.5498,-96.4115,75,12.6,0.309,0.345,0.376,0.382,0.705,0.761,0.806,0.815
"2023-04-12 23:00:00",464,"Site 2",30.5498,-96.4115,75,12.56,0.308,0.344,0.375,0.382,0.705,0.76,0.805,0.815
"2023-04-13 00:00:00",465,"Site 2",30.5498,-96.4115,75,12.53,0.308,0.344,0.375,0.382,0.704,0.76,0.805,0.815
"2023-04-13 01:00:00",466,"Site 2",30.5498,-96.4115,75,12.5,0.307,0.343,0.374,0.382,0.703,0.759,0.804,0.814
"2023-04-13 02:00:00",467,"Site 2",30.5498,-96.4115,75,12.47,0.307,0.343,0.374,0.382,0.702,0.758,0.804,0.814
"2023-04-13 03:00:00",468,"Site 2",30.5498,-96.4115,75,12.44,0.307,0.343,0.374,0.382,0.702,0.758,0.803,0.814
"2023-04-13 04:00:00",469,"Site 2",30.5498,-96.4115,75,12.41,0.306,0.342,0.373,0.382,0.702,0.757,0.803,0.814
"2023-04-13 05:00:00",470,"Site 2",30.5498,-96.4115,75,12.37,0.306,0.342,0.373,0.381,0.701,0.757,0.802,0.814
"2023-04-13 06:00:00",471,"Site 2",30.5498,-96.4115,75,12.34,0.306,0.342,0.373,0.381,0.7,0.756,0.802,0.814
"2023-04-13 07:00:00",472,"Site 2",30.5498,-96.4115,75,12.32,0.305,0.341,0.372,0.381,0.7,0.756,0.801,0.813
"2023-04-13 08:00:00",473,"Site 2",30.5498,-96.4115,75,12.37,0.305,0.341,0.373,0.382,0.699,0.755,0.802,0.814
"2023-04-13 09:00:00",474,"Site 2",30.5498,-96.4115,75,12.49,0.305,0.341,0.374,0.383,0.699,0.755,0.804,0.816
"2023-04-13 10:00:00",475,"Site 2",30.5498,-96.4115,75,12.6,0.306,0.341,0.374,0.383,0.701,0.755,0.804,0.817
"2023-04-13 11:00:00",476,"Site 2",30.5498,-96.4115,75,12.67,0.307,0.341,0.374,0.383,0.702,0.756,0.804,0.817
"2023-04-13 12:00:00",477,"Site 2",30.5498,-96.4115,75,13.06,0.308,0.342,0.377,0.386,0.704,0.757,0.808,0.82
"2023-04-13 13:00:00",478,"Site 2",30.5498,-96.4115,75,13.5,0.31,0.343,0.384,0.392,0.707,0.758,0.817,0.828
"2023-04-13 14:00:00",479,"Site 2",30.5498,-96.4115,75,13.49,0.312,0.344,0.381,0.389,0.71,0.76,0.813,0.824
"2023-04-13 15:00:00",480,"Site 2",30.5498,-96.4115,75,13.52,0.313,0.345,0.379,0.386,0.712,0.761,0.81,0.819
"2023-04-13 16:00:00",481,"Site 2",30.5498,-96.4115,75,13.5,0.313,0.345,0.38,0.385,0.713,0.762,0.812,0.819
"2023-04-13 17:00:00",482,"Site 2",30.5498,-96.4115,75,13.5,0.313,0.346,0.38,0.385,0.713,0.762,0.812,0.818
"2023-04-13 18:00:00",483,"Site 2",30.5498,-96.4115,75,13.48,0.312,0.346,0.38,0.384,0.711,0.762,0.812,0.817
"2023-04-13 19:00:00",484,"Site 2",30.5498,-96.4115,75,13.45,0.311,0.345,0.38,0.384,0.71,0.762,0.812,0.817
"2023-04-13 20:00:00",485,"Site 2",30.5498,-96.4115,75,12.74,0.31,0.345,0.377,0.38,0.708,0.761,0.807,0.812
"2023-04-13 21:00:00",486,"Site 2",30.5498,-96.4115,75,12.68,0.309,0.344,0.375,0.379,0.706,0.76,0.805,0.81
"2023-04-13 22:00:00",487,"Site 2",30.5498,-96.4115,75,12.63,0.308,0.343,0.375,0.379,0.705,0.759,0.804,0.81
"2023-04-13 23:00:00",488,"Site 2",30.5498,-96.4115,75,12.59,0.308,0.343,0.374,0.379,0.704,0.758,0.804,0.81
"2023-04-14 00:00:00",489,"Site 2",30.5498,-96.4115,75,12.56,0.307,0.342,0.374,0.379,0.703,0.757,0.803,0.81
"2023-04-14 01:00:00",490,"Site 2",30.5498,-96.4115,75,12.53,0.307,0.342,0.373,0.379,0.702,0.757,0.803,0.81
"2023-04-14 02:00:00",491,"Site 2",30.5498,-96.4115,75,12.49,0.306,0.341,0.373,0.379,0.701,0.756,0.802,0.81
"2023-04-14 03:00:00",492,"Site 2",30.5498,-96.4115,75,12.46,0.306,0.341,0.373,0.378,0.7,0.755,0.802,0.81
"2023-04-14 04:00:00",493,"Site 2",30.5498,-96.4115,75,12.42,0.305,0.341,0.372,0.378,0.7,0.755,0.801,0.81
"2023-04-14 05:00:00",494,"Site 2",30.5498,-96.4115,75,12.39,0.305,0.34,0.372,0.378,0.699,0.754,0.801,0.809
"2023-04-14 06:00:00",495,"Site 2",30.5498,-96.4115,75,12.37,0.305,0.34,0.372,0.378,0.699,0.754,0.8,0.809
"2023-04-14 07:00:00",496,"Site 2",30.5498,-96.4115,75,12.35,0.304,0.34,0.371,0.378,0.698,0.753,0.8,0.809
"2023-04-14 08:00:00",497,"Site 2",30.5498,-96.4115,75,12.51,0.304,0.339,0.373,0.38,0.698,0.753,0.802,0.811
"2023-04-14 09:00:00",498,"Site 2",30.5498,-96.4115,75,12.68,0.304,0.339,0.373,0.381,0.698,0.753,0.803,0.813
"2023-04-14 10:00:00",499,"Site 2",30.5498,-96.4115,75,13.08,0.305,0.339,0.376,0.383,0.699,0.753,0.806,0.816
"2023-04-14 11:00:00",500,"Site 2",30.5498,-96.4115,75,13.29,0.305,0.339,0.377,0.385,0.7,0.753,0.808,0.818
"2023-04-14 12:00:00",501,"Site 2",30.5498,-96.4115,75,13.48,0.306,0.34,0.379,0.386,0.7,0.753,0.811,0.821
"2023-04-14 13:00:00",502,"Site 2",30.5498,-96.4115,75,13.39,0.306,0.34,0.377,0.384,0.701,0.754,0.807,0.817
"2023-04-14 14:00:00",503,"Site 2",30.5498,-96.4115,75,13.21,0.306,0.34,0.376,0.382,0.701,0.754,0.806,0.815
"2023-04-14 15:00:00",504,"Site 2",30.5498,-96.4115,75,13.59,0.306,0.34,0.375,0.382,0.701,0.754,0.806,0.814
"2023-04-14 16:00:00",505,"Site 2",30.5498,-96.4115,75,13.24,0.306,0.34,0.375,0.381,0.701,0.754,0.805,0.814
"2023-04-14 17:00:00",506,"Site 2",30.5498,-96.4115,75,12.93,0.306,0.34,0.373,0.379,0.701,0.754,0.803,0.811
"2023-04-14 18:00:00",507,"Site 2",30.5498,-96.4115,75,12.99,0.306,0.34,0.373,0.378,0.701,0.754,0.801,0.809
"2023-04-14 19:00:00",508,"Site 2",30.5498,-96.4115,75,12.76,0.306,0.34,0.372,0.377,0.701,0.754,0.801,0.808
"2023-04-14 20:00:00",509,"Site 2",30.5498,-96.4115,75,12.68,0.306,0.34,0.371,0.376,0.7,0.754,0.799,0.807
"2023-04-14 21:00:00",510,"Site 2",30.5498,-96.4115,75,12.65,0.305,0.34,0.371,0.376,0.7,0.754,0.799,0.806
"2023-04-14 22:00:00",511,"Site 2",30.5498,-96.4115,75,12.61,0.305,0.34,0.371,0.376,0.699,0.754,0.799,0.806
"2023-04-14 23:00:00",512,"Site 2",30.5498,-96.4115,75,12.58,0.305,0.34,0.37,0.376,0.699,0.753,0.799,0.806
"2023-04-15 00:00:00",513,"Site 2",30.5498,-96.4115,75,12.55,0.305,0.339,0.37,0.376,0.699,0.753,0.798,0.806
"2023-04-15 01:00:00",514,"Site 2",30.5498,-96.4115,75,12.51,0.305,0.339,0.37,0.376,0.699,0.753,0.798,0.806
"2023-04-15 02:00:00",515,"Site 2",30.5498,-96.4115,75,12.47,0.305,0.339,0.37,0.376,0.699,0.753,0.798,0.806
"2023-04-15 03:00:00",516,"Site 2",30.5498,-96.4115,75,12.44,0.304,0.339,0.37,0.376,0.699,0.752,0.798,0.806
"2023-04-15 04:00:00",517,"Site 2",30.5498,-96.4115,75,12.41,0.304,0.339,0.37,0.376,0.699,0.752,0.798,0.806
"2023-04-15 05:00:00",518,"Site 2",30.5498,-96.4115,75,12.39,0.304,0.339,0.37,0.375,0.698,0.752,0.797,0.806
"2023-04-15 06:00:00",519,"Site 2",30.5498,-96.4115,75,12.37,0.304,0.339,0.37,0.375,0.698,0.752,0.797,0.805
"2023-04-15 07:00:00",520,"Site 2",30.5498,-96.4115,75,12.34,0.304,0.339,0.369,0.375,0.698,0.752,0.797,0.805
"2023-04-15 08:00:00",521,"Site 2",30.5498,-96.4115,75,12.37,0.304,0.338,0.37,0.376,0.697,0.751,0.798,0.807
"2023-04-15 09:00:00",522,"Site 2",30.5498,-96.4115,75,12.46,0.303,0.338,0.371,0.377,0.697,0.751,0.8,0.808
"2023-04-15 10:00:00",523,"Site 2",30.5498,-96.4115,75,12.56,0.304,0.338,0.372,0.378,0.697,0.751,0.8,0.808
"2023-04-15 11:00:00",524,"Site 2",30.5498,-96.4115,75,12.68,0.304,0.338,0.372,0.378,0.699,0.752,0.801,0.809
"2023-04-15 12:00:00",525,"Site 2",30.5498,-96.4115,75,13.16,0.306,0.339,0.377,0.383,0.701,0.753,0.808,0.816
"2023-04-15 13:00:00",526,"Site 2",30.5498,-96.4115,75,13.47,0.307,0.34,0.383,0.388,0.703,0.754,0.816,0.823
"2023-04-15 14:00:00",527,"Site 2",30.5498,-96.4115,75,13.42,0.309,0.341,0.38,0.384,0.705,0.755,0.811,0.817
"2023-04-15 15:00:00",528,"Site 2",30.5498,-96.4115,75,13.44,0.309,0.342,0.378,0.381,0.706,0.756,0.81,0.814
"2023-04-15 16:00:00",529,"Site 2",30.5498,-96.4115,75,13.43,0.31,0.342,0.378,0.38,0.707,0.757,0.809,0.812
"2023-04-15 17:00:00",530,"Site 2",30.5498,-96.4115,75,13.41,0.309,0.343,0.378,0.379,0.706,0.758,0.809,0.811
"2023-04-15 18:00:00",531,"Site 2",30.5498,-96.4115,75,13.45,0.309,0.343,0.376,0.377,0.705,0.758,0.807,0.808
"2023-04-15 19:00:00",532,"Site 2",30.5498,-96.4115,75,13.45,0.307,0.343,0.378,0.378,0.703,0.758,0.809,0.809
"2023-04-15 20:00:00",533,"Site 2",30.5498,-96.4115,75,12.76,0.306,0.342,0.376,0.376,0.7,0.757,0.806,0.806
"2023-04-15 21:00:00",534,"Site 2",30.5498,-96.4115,75,12.68,0.305,0.341,0.373,0.373,0.699,0.755,0.801,0.802
"2023-04-15 22:00:00",535,"Site 2",30.5498,-96.4115,75,12.64,0.303,0.34,0.372,0.373,0.697,0.754,0.801,0.802
"2023-04-15 23:00:00",536,"Site 2",30.5498,-96.4115,75,12.61,0.303,0.34,0.372,0.373,0.695,0.753,0.8,0.802
"2023-04-16 00:00:00",537,"Site 2",30.5498,-96.4115,75,12.58,0.302,0.339,0.371,0.373,0.694,0.752,0.8,0.802
"2023-04-16 01:00:00",538,"Site 2",30.5498,-96.4115,75,12.55,0.301,0.338,0.371,0.373,0.693,0.751,0.799,0.803
"2023-04-16 02:00:00",539,"Site 2",30.5498,-96.4115,75,12.52,0.3,0.338,0.37,0.373,0.692,0.75,0.798,0.803
"2023-04-16 03:00:00",540,"Site 2",30.5498,-96.4115,75,12.48,0.3,0.337,0.37,0.373,0.691,0.75,0.798,0.803
"2023-04-16 04:00:00",541,"Site 2",30.5498,-96.4115,75,12.45,0.299,0.337,0.37,0.373,0.69,0.749,0.797,0.803
"2023-04-16 05:00:00",542,"Site 2",30.5498,-96.4115,75,12.42,0.298,0.336,0.369,0.373,0.689,0.748,0.797,0.803
"2023-04-16 06:00:00",543,"Site 2",30.5498,-96.4115,75,12.38,0.298,0.336,0.369,0.373,0.688,0.747,0.796,0.803
"2023-04-16 07:00:00",544,"Site 2",30.5498,-96.4115,75,12.34,0.297,0.335,0.368,0.373,0.687,0.747,0.796,0.803
"2023-04-16 08:00:00",545,"Site 2",30.5498,-96.4115,75,12.39,0.296,0.335,0.369,0.374,0.686,0.746,0.797,0.804
"2023-04-16 09:00:00",546,"Site 2",30.5498,-96.4115,75,12.54,0.296,0.334,0.37,0.376,0.685,0.745,0.798,0.806
"2023-04-16 10:00:00",547,"Site 2",30.5498,-96.4115,75,12.7,0.296,0.335,0.37,0.376,0.685,0.746,0.798,0.806
"2023-04-16 11:00:00",548,"Site 2",30.5498,-96.4115,75,12.78,0.296,0.335,0.37,0.376,0.685,0.746,0.798,0.807
"2023-04-16 12:00:00",549,"Site 2",30.5498,-96.4115,75,13.22,0.297,0.335,0.373,0.379,0.687,0.746,0.802,0.81
"2023-04-16 13:00:00",550,"Site 2",30.5498,-96.4115,75,13.58,0.299,0.336,0.377,0.383,0.689,0.748,0.808,0.815
"2023-04-16 14:00:00",551,"Site 2",30.5498,-96.4115,75,13.59,0.3,0.337,0.375,0.379,0.692,0.749,0.805,0.81
"2023-04-16 15:00:00",552,"Site 2",30.5498,-96.4115,75,13.59,0.301,0.338,0.374,0.377,0.693,0.751,0.804,0.808
"2023-04-16 16:00:00",553,"Site 2",30.5498,-96.4115,75,13.57,0.301,0.339,0.374,0.376,0.693,0.752,0.804,0.806
"2023-04-16 17:00:00",554,"Site 2",30.5498,-96.4115,75,13.57,0.301,0.339,0.374,0.375,0.692,0.753,0.804,0.806
"2023-04-16 18:00:00",555,"Site 2",30.5498,-96.4115,75,13.53,0.299,0.339,0.375,0.375,0.69,0.753,0.804,0.805
"2023-04-16 19:00:00",556,"Site 2",30.5498,-96.4115,75,13.55,0.297,0.339,0.375,0.375,0.687,0.752,0.804,0.805
"2023-04-16 20:00:00",557,"Site 2",30.5498,-96.4115,75,12.75,0.296,0.338,0.373,0.373,0.684,0.751,0.802,0.802
"2023-04-16 21:00:00",558,"Site 2",30.5498,-96.4115,75,12.66,0.294,0.337,0.37,0.37,0.682,0.749,0.798,0.798
"2023-04-16 22:00:00",559,"Site 2",30.5498,-96.4115,75,12.61,0.293,0.336,0.369,0.37,0.68,0.748,0.797,0.798
"2023-04-16 23:00:00",560,"Site 2",30.5498,-96.4115,75,12.57,0.292,0.335,0.369,0.37,0.678,0.747,0.796,0.798
"2023-04-17 00:00:00",561,"Site 2",30.5498,-96.4115,75,12.53,0.291,0.334,0.368,0.37,0.677,0.745,0.796,0.798
"2023-04-17 01:00:00",562,"Site 2",30.5498,-96.4115,75,12.5,0.29,0.334,0.368,0.37,0.675,0.744,0.795,0.798
"2023-04-17 02:00:00",563,"Site 2",30.5498,-96.4115,75,12.46,0.289,0.333,0.367,0.37,0.674,0.743,0.794,0.798
"2023-04-17 03:00:00",564,"Site 2",30.5498,-96.4115,75,12.43,0.289,0.332,0.367,0.37,0.673,0.742,0.794,0.798
"2023-04-17 04:00:00",565,"Site 2",30.5498,-96.4115,75,12.39,0.288,0.332,0.367,0.37,0.672,0.741,0.793,0.798
"2023-04-17 05:00:00",566,"Site 2",30.5498,-96.4115,75,12.34,0.287,0.331,0.366,0.37,0.671,0.741,0.792,0.798
"2023-04-17 06:00:00",567,"Site 2",30.5498,-96.4115,75,12.3,0.287,0.331,0.366,0.37,0.67,0.74,0.792,0.798
"2023-04-17 07:00:00",568,"Site 2",30.5498,-96.4115,75,12.28,0.286,0.33,0.365,0.37,0.669,0.739,0.791,0.798
"2023-04-17 08:00:00",569,"Site 2",30.5498,-96.4115,75,12.41,0.286,0.33,0.366,0.372,0.668,0.738,0.793,0.8
"2023-04-17 09:00:00",570,"Site 2",30.5498,-96.4115,75,12.63,0.286,0.33,0.367,0.373,0.668,0.738,0.794,0.802
"2023-04-17 10:00:00",571,"Site 2",30.5498,-96.4115,75,12.76,0.286,0.33,0.368,0.373,0.668,0.738,0.795,0.802
"2023-04-17 11:00:00",572,"Site 2",30.5498,-96.4115,75,12.87,0.286,0.33,0.368,0.373,0.669,0.738,0.795,0.803
"2023-04-17 12:00:00",573,"Site 2",30.5498,-96.4115,75,13.37,0.287,0.33,0.372,0.378,0.67,0.739,0.801,0.809
"2023-04-17 13:00:00",574,"Site 2",30.5498,-96.4115,75,13.53,0.288,0.331,0.376,0.382,0.672,0.74,0.807,0.814
"2023-04-17 14:00:00",575,"Site 2",30.5498,-96.4115,75,13.51,0.289,0.332,0.372,0.377,0.674,0.742,0.801,0.808
"2023-04-17 15:00:00",576,"Site 2",30.5498,-96.4115,75,13.52,0.29,0.333,0.371,0.375,0.675,0.743,0.8,0.805
"2023-04-17 16:00:00",577,"Site 2",30.5498,-96.4115,75,13.52,0.29,0.334,0.371,0.374,0.675,0.744,0.8,0.804
"2023-04-17 17:00:00",578,"Site 2",30.5498,-96.4115,75,13.5,0.289,0.334,0.372,0.373,0.673,0.745,0.8,0.803
"2023-04-17 18:00:00",579,"Site 2",30.5498,-96.4115,75,13.48,0.287,0.334,0.372,0.373,0.67,0.745,0.8,0.802
"2023-04-17 19:00:00",580,"Site 2",30.5498,-96.4115,75,13.5,0.284,0.334,0.372,0.372,0.666,0.744,0.801,0.801
"2023-04-17 20:00:00",581,"Site 2",30.5498,-96.4115,75,12.73,0.283,0.333,0.368,0.369,0.663,0.743,0.796,0.796
"2023-04-17 21:00:00",582,"Site 2",30.5498,-96.4115,75,12.67,0.282,0.332,0.367,0.368,0.662,0.741,0.794,0.795
"2023-04-17 22:00:00",583,"Site 2",30.5498,-96.4115,75,12.63,0.281,0.331,0.367,0.368,0.66,0.74,0.794,0.795
"2023-04-17 23:00:00",584,"Site 2",30.5498,-96.4115,75,12.61,0.28,0.33,0.367,0.368,0.658,0.739,0.793,0.795
"2023-04-18 00:00:00",585,"Site 2",30.5498,-96.4115,75,12.58,0.279,0.33,0.366,0.368,0.657,0.738,0.793,0.795
"2023-04-18 01:00:00",586,"Site 2",30.5498,-96.4115,75,12.55,0.278,0.329,0.366,0.368,0.656,0.737,0.792,0.795
"2023-04-18 02:00:00",587,"Site 2",30.5498,-96.4115,75,12.52,0.278,0.328,0.365,0.368,0.656,0.736,0.791,0.795
"2023-04-18 03:00:00",588,"Site 2",30.5498,-96.4115,75,12.49,0.278,0.328,0.365,0.368,0.655,0.736,0.791,0.795
"2023-04-18 04:00:00",589,"Site 2",30.5498,-96.4115,75,12.45,0.277,0.328,0.365,0.368,0.654,0.735,0.79,0.795
"2023-04-18 05:00:00",590,"Site 2",30.5498,-96.4115,75,12.41,0.277,0.327,0.364,0.368,0.653,0.734,0.79,0.795
"2023-04-18 06:00:00",591,"Site 2",30.5498,-96.4115,75,12.38,0.276,0.327,0.364,0.368,0.653,0.733,0.79,0.795
"2023-04-18 07:00:00",592,"Site 2",30.5498,-96.4115,75,12.35,0.276,0.326,0.364,0.368,0.652,0.733,0.789,0.795
"2023-04-18 08:00:00",593,"Site 2",30.5498,-96.4115,75,12.39,0.276,0.326,0.364,0.369,0.652,0.732,0.79,0.796
"2023-04-18 09:00:00",594,"Site 2",30.5498,-96.4115,75,12.38,0.276,0.326,0.365,0.37,0.652,0.732,0.791,0.798
"2023-04-18 10:00:00",595,"Site 2",30.5498,-96.4115,75,12.94,0.276,0.326,0.367,0.372,0.652,0.732,0.793,0.8
"2023-04-18 11:00:00",596,"Site 2",30.5498,-96.4115,75,12.7,0.276,0.325,0.366,0.371,0.651,0.732,0.792,0.799
"2023-04-18 12:00:00",597,"Site 2",30.5498,-96.4115,75,13.28,0.276,0.325,0.37,0.375,0.652,0.731,0.797,0.804
"2023-04-18 13:00:00",598,"Site 2",30.5498,-96.4115,75,13.53,0.276,0.325,0.374,0.379,0.652,0.731,0.803,0.81
"2023-04-18 14:00:00",599,"Site 2",30.5498,-96.4115,75,13.51,0.276,0.326,0.371,0.375,0.652,0.732,0.799,0.806
"2023-04-18 15:00:00",600,"Site 2",30.5498,-96.4115,75,13.52,0.276,0.326,0.369,0.374,0.652,0.732,0.797,0.804
"2023-04-18 16:00:00",601,"Site 2",30.5498,-96.4115,75,13.52,0.275,0.326,0.369,0.373,0.651,0.733,0.796,0.802
"2023-04-18 17:00:00",602,"Site 2",30.5498,-96.4115,75,13.5,0.275,0.326,0.369,0.372,0.65,0.733,0.796,0.801
"2023-04-18 18:00:00",603,"Site 2",30.5498,-96.4115,75,13.45,0.273,0.326,0.369,0.372,0.648,0.733,0.796,0.801
"2023-04-18 19:00:00",604,"Site 2",30.5498,-96.4115,75,12.96,0.272,0.326,0.367,0.37,0.646,0.733,0.794,0.798
"2023-04-18 20:00:00",605,"Site 2",30.5498,-96.4115,75,12.74,0.271,0.326,0.366,0.369,0.644,0.732,0.792,0.796
"2023-04-18 21:00:00",606,"Site 2",30.5498,-96.4115,75,12.7,0.271,0.325,0.364,0.367,0.643,0.731,0.79,0.793
"2023-04-18 22:00:00",607,"Site 2",30.5498,-96.4115,75,12.66,0.27,0.325,0.364,0.367,0.642,0.73,0.789,0.793
"2023-04-18 23:00:00",608,"Site 2",30.5498,-96.4115,75,12.63,0.269,0.324,0.364,0.367,0.641,0.729,0.789,0.793
"2023-04-19 00:00:00",609,"Site 2",30.5498,-96.4115,75,12.6,0.269,0.324,0.364,0.367,0.64,0.729,0.789,0.793
"2023-04-19 01:00:00",610,"Site 2",30.5498,-96.4115,75,12.56,0.268,0.323,0.363,0.367,0.64,0.728,0.788,0.793
"2023-04-19 02:00:00",611,"Site 2",30.5498,-96.4115,75,12.53,0.268,0.323,0.363,0.367,0.639,0.727,0.788,0.793
"2023-04-19 03:00:00",612,"Site 2",30.5498,-96.4115,75,12.5,0.268,0.322,0.363,0.367,0.639,0.727,0.788,0.793
"2023-04-19 04:00:00",613,"Site 2",30.5498,-96.4115,75,12.47,0.268,0.322,0.363,0.367,0.638,0.726,0.787,0.793
"2023-04-19 05:00:00",614,"Site 2",30.5498,-96.4115,75,12.43,0.267,0.322,0.362,0.367,0.638,0.726,0.787,0.793
"2023-04-19 06:00:00",615,"Site 2",30.5498,-96.4115,75,12.4,0.268,0.321,0.362,0.367,0.638,0.725,0.787,0.793
"2023-04-19 07:00:00",616,"Site 2",30.5498,-96.4115,75,12.38,0.267,0.321,0.362,0.367,0.638,0.725,0.786,0.793
"2023-04-19 08:00:00",617,"Site 2",30.5498,-96.4115,75,12.39,0.268,0.321,0.362,0.367,0.638,0.725,0.787,0.794
"2023-04-19 09:00:00",618,"Site 2",30.5498,-96.4115,75,12.49,0.268,0.321,0.363,0.368,0.638,0.724,0.788,0.796
"2023-04-19 10:00:00",619,"Site 2",30.5498,-96.4115,75,13.05,0.268,0.321,0.367,0.372,0.638,0.724,0.793,0.801
"2023-04-19 11:00:00",620,"Site 2",30.5498,-96.4115,75,13.3,0.268,0.321,0.371,0.377,0.639,0.725,0.8,0.807
"2023-04-19 12:00:00",621,"Site 2",30.5498,-96.4115,75,13.58,0.268,0.321,0.37,0.375,0.638,0.725,0.798,0.805
"2023-04-19 13:00:00",622,"Site 2",30.5498,-96.4115,75,13.49,0.267,0.321,0.369,0.374,0.638,0.725,0.796,0.803
"2023-04-19 14:00:00",623,"Site 2",30.5498,-96.4115,75,13.47,0.267,0.322,0.368,0.372,0.637,0.726,0.795,0.801
"2023-04-19 15:00:00",624,"Site 2",30.5498,-96.4115,75,13.48,0.267,0.322,0.368,0.372,0.637,0.727,0.795,0.8
"2023-04-19 16:00:00",625,"Site 2",30.5498,-96.4115,75,13.48,0.266,0.323,0.368,0.371,0.636,0.727,0.795,0.799
"2023-04-19 17:00:00",626,"Site 2",30.5498,-96.4115,75,13.48,0.265,0.323,0.368,0.371,0.634,0.727,0.795,0.799
"2023-04-19 18:00:00",627,"Site 2",30.5498,-96.4115,75,13.48,0.263,0.323,0.368,0.37,0.631,0.727,0.795,0.798
"2023-04-19 19:00:00",628,"Site 2",30.5498,-96.4115,75,13.45,0.262,0.322,0.368,0.37,0.628,0.727,0.795,0.798
"2023-04-19 20:00:00",629,"Site 2",30.5498,-96.4115,75,12.76,0.261,0.322,0.366,0.367,0.626,0.726,0.792,0.794
"2023-04-19 21:00:00",630,"Site 2",30.5498,-96.4115,75,12.71,0.26,0.321,0.364,0.365,0.625,0.725,0.789,0.791
"2023-04-19 22:00:00",631,"Site 2",30.5498,-96.4115,75,12.68,0.259,0.32,0.364,0.365,0.624,0.724,0.789,0.791
"2023-04-19 23:00:00",632,"Site 2",30.5498,-96.4115,75,12.64,0.258,0.32,0.363,0.365,0.623,0.723,0.788,0.791
"2023-04-20 00:00:00",633,"Site 2",30.5498,-96.4115,75,12.61,0.258,0.319,0.363,0.365,0.622,0.722,0.788,0.791
"2023-04-20 01:00:00",634,"Site 2",30.5498,-96.4115,75,12.59,0.258,0.319,0.363,0.366,0.621,0.721,0.788,0.791
"2023-04-20 02:00:00",635,"Site 2",30.5498,-96.4115,75,12.57,0.257,0.318,0.363,0.366,0.621,0.721,0.787,0.792
"2023-04-20 03:00:00",636,"Site 2",30.5498,-96.4115,75,12.54,0.257,0.318,0.362,0.366,0.621,0.72,0.787,0.792
"2023-04-20 04:00:00",637,"Site 2",30.5498,-96.4115,75,12.52,0.257,0.318,0.362,0.366,0.621,0.72,0.786,0.792
"2023-04-20 05:00:00",638,"Site 2",30.5498,-96.4115,75,12.48,0.257,0.318,0.362,0.366,0.62,0.719,0.786,0.792
"2023-04-20 06:00:00",639,"Site 2",30.5498,-96.4115,75,12.45,0.257,0.317,0.362,0.366,0.62,0.719,0.786,0.792
"2023-04-20 07:00:00",640,"Site 2",30.5498,-96.4115,75,12.42,0.257,0.317,0.362,0.366,0.62,0.719,0.786,0.792
"2023-04-20 08:00:00",641,"Site 2",30.5498,-96.4115,75,12.46,0.257,0.317,0.362,0.366,0.62,0.718,0.787,0.793
"2023-04-20 09:00:00",642,"Site 2",30.5498,-96.4115,75,12.58,0.257,0.317,0.363,0.368,0.62,0.718,0.788,0.795
"2023-04-20 10:00:00",643,"Site 2",30.5498,-96.4115,75,12.84,0.257,0.317,0.365,0.37,0.62,0.718,0.791,0.797
"2023-04-20 11:00:00",644,"Site 2",30.5498,-96.4115,75,13,0.257,0.317,0.366,0.371,0.62,0.718,0.792,0.799
"2023-04-20 12:00:00",645,"Site 2",30.5498,-96.4115,75,13.69,0.257,0.317,0.372,0.376,0.62,0.718,0.8,0.807
"2023-04-20 13:00:00",646,"Site 2",30.5498,-96.4115,75,13.33,0.257,0.317,0.369,0.374,0.62,0.719,0.797,0.803
"2023-04-20 14:00:00",647,"Site 2",30.5498,-96.4115,75,13.49,0.257,0.318,0.368,0.373,0.62,0.719,0.795,0.801
"2023-04-20 15:00:00",648,"Site 2",30.5498,-96.4115,75,13.47,0.256,0.318,0.367,0.371,0.619,0.72,0.794,0.8
"2023-04-20 16:00:00",649,"Site 2",30.5498,-96.4115,75,13.04,0.256,0.318,0.365,0.369,0.619,0.72,0.791,0.797
"2023-04-20 17:00:00",650,"Site 2",30.5498,-96.4115,75,12.86,0.256,0.318,0.364,0.367,0.618,0.719,0.789,0.794
"2023-04-20 18:00:00",651,"Site 2",30.5498,-96.4115,75,12.71,0.255,0.317,0.364,0.367,0.617,0.719,0.789,0.794
"2023-04-20 19:00:00",652,"Site 2",30.5498,-96.4115,75,12.67,0.255,0.317,0.362,0.365,0.616,0.718,0.786,0.791
"2023-04-20 20:00:00",653,"Site 2",30.5498,-96.4115,75,12.64,0.254,0.316,0.362,0.365,0.615,0.717,0.786,0.791
"2023-04-20 21:00:00",654,"Site 2",30.5498,-96.4115,75,12.6,0.313,0.358,0.384,0.365,0.712,0.781,0.818,0.791
"2023-04-20 22:00:00",655,"Site 2",30.5498,-96.4115,75,12.56,0.319,0.361,0.391,0.365,0.722,0.785,0.827,0.791
"2023-04-20 23:00:00",656,"Site 2",30.5498,-96.4115,75,12.53,0.325,0.362,0.391,0.376,0.73,0.787,0.826,0.807
"2023-04-21 00:00:00",657,"Site 2",30.5498,-96.4115,75,12.5,0.328,0.363,0.391,0.433,0.736,0.788,0.826,0.877
"2023-04-21 01:00:00",658,"Site 2",30.5498,-96.4115,75,12.47,0.331,0.364,0.391,0.444,0.741,0.789,0.827,0.89
"2023-04-21 02:00:00",659,"Site 2",30.5498,-96.4115,75,12.43,0.334,0.365,0.391,0.445,0.744,0.791,0.827,0.891
"2023-04-21 03:00:00",660,"Site 2",30.5498,-96.4115,75,12.39,0.337,0.366,0.393,0.446,0.749,0.792,0.829,0.891
"2023-04-21 04:00:00",661,"Site 2",30.5498,-96.4115,75,12.37,0.339,0.366,0.402,0.446,0.753,0.793,0.841,0.892
"2023-04-21 05:00:00",662,"Site 2",30.5498,-96.4115,75,12.35,0.341,0.367,0.409,0.447,0.756,0.794,0.85,0.893
"2023-04-21 06:00:00",663,"Site 2",30.5498,-96.4115,75,12.33,0.344,0.368,0.409,0.447,0.759,0.795,0.849,0.893
"2023-04-21 07:00:00",664,"Site 2",30.5498,-96.4115,75,12.31,0.345,0.369,0.409,0.448,0.762,0.796,0.85,0.894
"2023-04-21 08:00:00",665,"Site 2",30.5498,-96.4115,75,12.38,0.347,0.369,0.411,0.45,0.764,0.797,0.852,0.896
"2023-04-21 09:00:00",666,"Site 2",30.5498,-96.4115,75,12.66,0.348,0.37,0.414,0.454,0.766,0.798,0.856,0.9
"2023-04-21 10:00:00",667,"Site 2",30.5498,-96.4115,75,13.08,0.349,0.371,0.417,0.458,0.767,0.799,0.86,0.903
"2023-04-21 11:00:00",668,"Site 2",30.5498,-96.4115,75,13.01,0.35,0.372,0.419,0.459,0.769,0.8,0.861,0.905
"2023-04-21 12:00:00",669,"Site 2",30.5498,-96.4115,75,13.18,0.351,0.372,0.418,0.459,0.77,0.801,0.861,0.904
"2023-04-21 14:00:00",670,"Site 2",30.5498,-96.4115,75,13.58,0.344,0.373,0.421,0.461,0.76,0.803,0.864,0.907
"2023-04-21 15:00:00",671,"Site 2",30.5498,-96.4115,75,13.57,0.343,0.372,0.42,0.459,0.759,0.801,0.862,0.905
"2023-04-21 16:00:00",672,"Site 2",30.5498,-96.4115,75,13.55,0.343,0.367,0.419,0.458,0.758,0.794,0.862,0.904
"2023-04-21 17:00:00",673,"Site 2",30.5498,-96.4115,75,13.5,0.342,0.366,0.419,0.458,0.756,0.791,0.862,0.904
"2023-04-21 18:00:00",674,"Site 2",30.5498,-96.4115,75,13.5,0.34,0.364,0.419,0.457,0.754,0.79,0.862,0.903
"2023-04-21 19:00:00",675,"Site 2",30.5498,-96.4115,75,13.63,0.338,0.363,0.419,0.457,0.752,0.788,0.862,0.903
"2023-04-21 20:00:00",676,"Site 2",30.5498,-96.4115,75,12.76,0.337,0.362,0.417,0.454,0.749,0.787,0.859,0.9
"2023-04-21 21:00:00",677,"Site 2",30.5498,-96.4115,75,12.68,0.335,0.361,0.414,0.45,0.747,0.786,0.856,0.896
"2023-04-21 22:00:00",678,"Site 2",30.5498,-96.4115,75,12.64,0.334,0.361,0.414,0.45,0.745,0.785,0.856,0.896
"2023-04-21 23:00:00",679,"Site 2",30.5498,-96.4115,75,12.61,0.333,0.36,0.414,0.45,0.743,0.784,0.856,0.896
"2023-04-22 00:00:00",680,"Site 2",30.5498,-96.4115,75,12.57,0.332,0.359,0.414,0.451,0.741,0.783,0.856,0.896
"2023-04-22 01:00:00",681,"Site 2",30.5498,-96.4115,75,12.54,0.331,0.359,0.408,0.451,0.74,0.782,0.848,0.896
"2023-04-22 02:00:00",682,"Site 2",30.5498,-96.4115,75,12.51,0.33,0.358,0.395,0.451,0.738,0.781,0.831,0.896
"2023-04-22 03:00:00",683,"Site 2",30.5498,-96.4115,75,12.49,0.329,0.357,0.394,0.451,0.736,0.78,0.83,0.896
"2023-04-22 04:00:00",684,"Site 2",30.5498,-96.4115,75,12.46,0.328,0.357,0.393,0.451,0.735,0.779,0.829,0.896
"2023-04-22 05:00:00",685,"Site 2",30.5498,-96.4115,75,12.43,0.327,0.356,0.392,0.451,0.734,0.778,0.828,0.896
"2023-04-22 06:00:00",686,"Site 2",30.5498,-96.4115,75,12.4,0.326,0.356,0.391,0.451,0.733,0.778,0.827,0.896
"2023-04-22 07:00:00",687,"Site 2",30.5498,-96.4115,75,12.36,0.326,0.356,0.391,0.451,0.732,0.777,0.826,0.897
"2023-04-22 08:00:00",688,"Site 2",30.5498,-96.4115,75,12.42,0.325,0.355,0.391,0.453,0.731,0.776,0.827,0.898
"2023-04-22 09:00:00",689,"Site 2",30.5498,-96.4115,75,12.56,0.324,0.355,0.392,0.454,0.73,0.776,0.828,0.9
"2023-04-22 10:00:00",690,"Site 2",30.5498,-96.4115,75,12.69,0.324,0.354,0.392,0.455,0.73,0.775,0.828,0.901
"2023-04-22 11:00:00",691,"Site 2",30.5498,-96.4115,75,12.77,0.324,0.354,0.391,0.456,0.729,0.775,0.827,0.901
"2023-04-22 12:00:00",692,"Site 2",30.5498,-96.4115,75,13.19,0.324,0.354,0.395,0.461,0.73,0.775,0.832,0.906
"2023-04-22 13:00:00",693,"Site 2",30.5498,-96.4115,75,13.53,0.324,0.355,0.4,0.468,0.73,0.776,0.838,0.913
"2023-04-22 14:00:00",694,"Site 2",30.5498,-96.4115,75,13.51,0.324,0.355,0.396,0.463,0.73,0.776,0.833,0.908
"2023-04-22 15:00:00",695,"Site 2",30.5498,-96.4115,75,13.52,0.324,0.355,0.394,0.46,0.73,0.776,0.831,0.906
"2023-04-22 16:00:00",696,"Site 2",30.5498,-96.4115,75,13.5,0.324,0.355,0.394,0.459,0.729,0.776,0.83,0.905
"2023-04-22 17:00:00",697,"Site 2",30.5498,-96.4115,75,13.5,0.323,0.355,0.393,0.458,0.727,0.776,0.83,0.904
"2023-04-22 18:00:00",698,"Site 2",30.5498,-96.4115,75,13.48,0.322,0.354,0.393,0.458,0.726,0.775,0.829,0.904
"2023-04-22 19:00:00",699,"Site 2",30.5498,-96.4115,75,12.92,0.321,0.354,0.39,0.455,0.725,0.774,0.826,0.901
"2023-04-22 20:00:00",700,"Site 2",30.5498,-96.4115,75,12.7,0.32,0.353,0.388,0.452,0.724,0.774,0.822,0.897
"2023-04-22 21:00:00",701,"Site 2",30.5498,-96.4115,75,12.66,0.319,0.353,0.387,0.451,0.722,0.773,0.821,0.897
"2023-04-22 22:00:00",702,"Site 2",30.5498,-96.4115,75,12.63,0.319,0.352,0.387,0.451,0.721,0.772,0.821,0.897
"2023-04-22 23:00:00",703,"Site 2",30.5498,-96.4115,75,12.6,0.318,0.352,0.386,0.451,0.72,0.771,0.82,0.897
"2023-04-23 00:00:00",704,"Site 2",30.5498,-96.4115,75,12.57,0.318,0.351,0.386,0.451,0.72,0.771,0.82,0.897
"2023-04-23 01:00:00",705,"Site 2",30.5498,-96.4115,75,12.54,0.318,0.351,0.385,0.451,0.719,0.77,0.819,0.897
"2023-04-23 02:00:00",706,"Site 2",30.5498,-96.4115,75,12.51,0.317,0.351,0.385,0.451,0.719,0.77,0.818,0.897
"2023-04-23 03:00:00",707,"Site 2",30.5498,-96.4115,75,12.47,0.317,0.351,0.384,0.451,0.719,0.77,0.818,0.897
"2023-04-23 04:00:00",708,"Site 2",30.5498,-96.4115,75,12.43,0.317,0.35,0.384,0.421,0.719,0.769,0.817,0.862
"2023-04-23 05:00:00",709,"Site 2",30.5498,-96.4115,75,12.39,0.317,0.35,0.384,0.403,0.718,0.769,0.817,0.843
"2023-04-23 06:00:00",710,"Site 2",30.5498,-96.4115,75,12.37,0.317,0.35,0.383,0.402,0.718,0.768,0.816,0.841
"2023-04-23 07:00:00",711,"Site 2",30.5498,-96.4115,75,12.34,0.316,0.349,0.383,0.402,0.717,0.768,0.816,0.84
"2023-04-23 08:00:00",712,"Site 2",30.5498,-96.4115,75,12.33,0.316,0.349,0.383,0.397,0.717,0.767,0.816,0.835
"2023-04-23 09:00:00",713,"Site 2",30.5498,-96.4115,75,12.47,0.318,0.349,0.384,0.397,0.72,0.768,0.817,0.835
"2023-04-23 10:00:00",714,"Site 2",30.5498,-96.4115,75,13.02,0.319,0.35,0.388,0.4,0.721,0.769,0.822,0.839
"2023-04-23 11:00:00",715,"Site 2",30.5498,-96.4115,75,13.24,0.319,0.35,0.39,0.402,0.721,0.769,0.825,0.841
"2023-04-23 12:00:00",716,"Site 2",30.5498,-96.4115,75,13.78,0.318,0.35,0.392,0.404,0.72,0.768,0.828,0.844
"2023-04-23 13:00:00",717,"Site 2",30.5498,-96.4115,75,13.71,0.318,0.35,0.39,0.402,0.72,0.768,0.825,0.841
"2023-04-23 14:00:00",718,"Site 2",30.5498,-96.4115,75,13.69,0.318,0.35,0.388,0.4,0.72,0.768,0.823,0.838
"2023-04-23 15:00:00",719,"Site 2",30.5498,-96.4115,75,13.7,0.318,0.35,0.387,0.398,0.72,0.768,0.822,0.836
"2023-04-23 16:00:00",720,"Site 2",30.5498,-96.4115,75,13.73,0.318,0.35,0.387,0.397,0.72,0.768,0.821,0.835
"2023-04-23 17:00:00",721,"Site 2",30.5498,-96.4115,75,13.7,0.318,0.35,0.386,0.396,0.72,0.768,0.82,0.834
"2023-04-23 18:00:00",722,"Site 2",30.5498,-96.4115,75,13.68,0.318,0.35,0.386,0.396,0.72,0.768,0.82,0.833
"2023-04-23 19:00:00",723,"Site 2",30.5498,-96.4115,75,13.04,0.317,0.349,0.384,0.394,0.719,0.768,0.818,0.83
"2023-04-23 20:00:00",724,"Site 2",30.5498,-96.4115,75,12.67,0.317,0.349,0.381,0.39,0.718,0.767,0.813,0.826
"2023-04-23 21:00:00",725,"Site 2",30.5498,-96.4115,75,12.64,0.316,0.349,0.381,0.39,0.717,0.767,0.813,0.825
"2023-04-23 22:00:00",726,"Site 2",30.5498,-96.4115,75,12.61,0.316,0.348,0.38,0.389,0.716,0.766,0.812,0.824
"2023-04-23 23:00:00",727,"Site 2",30.5498,-96.4115,75,12.58,0.315,0.348,0.38,0.389,0.716,0.766,0.812,0.824
"2023-04-24 00:00:00",728,"Site 2",30.5498,-96.4115,75,12.56,0.315,0.348,0.38,0.388,0.715,0.765,0.811,0.823
"2023-04-24 01:00:00",729,"Site 2",30.5498,-96.4115,75,12.52,0.315,0.347,0.379,0.388,0.715,0.765,0.811,0.823
"2023-04-24 02:00:00",730,"Site 2",30.5498,-96.4115,75,12.49,0.315,0.347,0.379,0.388,0.714,0.765,0.811,0.822
"2023-04-24 03:00:00",731,"Site 2",30.5498,-96.4115,75,12.46,0.314,0.347,0.379,0.387,0.714,0.764,0.81,0.822
"2023-04-24 04:00:00",732,"Site 2",30.5498,-96.4115,75,12.42,0.314,0.347,0.379,0.387,0.714,0.764,0.81,0.822
"2023-04-24 05:00:00",733,"Site 2",30.5498,-96.4115,75,12.37,0.314,0.346,0.377,0.387,0.714,0.764,0.808,0.821
"2023-04-24 06:00:00",734,"Site 2",30.5498,-96.4115,75,12.32,0.314,0.346,0.376,0.387,0.713,0.763,0.807,0.821
"2023-04-24 07:00:00",735,"Site 2",30.5498,-96.4115,75,12.3,0.314,0.346,0.376,0.386,0.713,0.763,0.807,0.82
"2023-04-24 08:00:00",736,"Site 2",30.5498,-96.4115,75,12.37,0.313,0.346,0.377,0.387,0.713,0.763,0.808,0.821
"2023-04-24 09:00:00",737,"Site 2",30.5498,-96.4115,75,12.88,0.313,0.346,0.379,0.39,0.713,0.762,0.811,0.825
"2023-04-24 10:00:00",738,"Site 2",30.5498,-96.4115,75,13.27,0.314,0.346,0.382,0.393,0.713,0.762,0.815,0.829
"2023-04-24 11:00:00",739,"Site 2",30.5498,-96.4115,75,13.23,0.314,0.346,0.382,0.393,0.713,0.762,0.815,0.829
"2023-04-24 12:00:00",740,"Site 2",30.5498,-96.4115,75,13.49,0.314,0.346,0.383,0.393,0.713,0.762,0.816,0.83
"2023-04-24 13:00:00",741,"Site 2",30.5498,-96.4115,75,13.6,0.314,0.346,0.381,0.391,0.713,0.762,0.813,0.827
"2023-04-24 14:00:00",742,"Site 2",30.5498,-96.4115,75,13.69,0.314,0.346,0.381,0.391,0.714,0.762,0.814,0.827
"2023-04-24 15:00:00",743,"Site 2",30.5498,-96.4115,75,13.62,0.314,0.346,0.38,0.39,0.714,0.763,0.812,0.825
"2023-04-24 16:00:00",744,"Site 2",30.5498,-96.4115,75,13.62,0.315,0.346,0.38,0.389,0.716,0.763,0.812,0.824
"2023-04-24 17:00:00",745,"Site 2",30.5498,-96.4115,75,13.57,0.316,0.347,0.38,0.389,0.716,0.764,0.812,0.824
"2023-04-24 18:00:00",746,"Site 2",30.5498,-96.4115,75,13.55,0.315,0.347,0.38,0.388,0.715,0.764,0.812,0.823
"2023-04-24 19:00:00",747,"Site 2",30.5498,-96.4115,75,13.14,0.314,0.346,0.379,0.387,0.714,0.763,0.811,0.822
"2023-04-24 20:00:00",748,"Site 2",30.5498,-96.4115,75,12.71,0.313,0.346,0.376,0.384,0.713,0.763,0.806,0.817
"2023-04-24 21:00:00",749,"Site 2",30.5498,-96.4115,75,12.67,0.313,0.346,0.375,0.383,0.712,0.762,0.805,0.816
"2023-04-24 22:00:00",750,"Site 2",30.5498,-96.4115,75,12.64,0.313,0.345,0.375,0.383,0.711,0.762,0.805,0.816
"2023-04-24 23:00:00",751,"Site 2",30.5498,-96.4115,75,12.61,0.312,0.345,0.375,0.383,0.711,0.761,0.805,0.816
"2023-04-25 00:00:00",752,"Site 2",30.5498,-96.4115,75,12.58,0.312,0.345,0.375,0.383,0.71,0.761,0.804,0.815
"2023-04-25 01:00:00",753,"Site 2",30.5498,-96.4115,75,12.55,0.312,0.344,0.374,0.382,0.71,0.76,0.804,0.815
"2023-04-25 02:00:00",754,"Site 2",30.5498,-96.4115,75,12.51,0.311,0.344,0.374,0.382,0.709,0.76,0.804,0.815
"2023-04-25 03:00:00",755,"Site 2",30.5498,-96.4115,75,12.48,0.311,0.344,0.374,0.382,0.709,0.759,0.803,0.815
"2023-04-25 04:00:00",756,"Site 2",30.5498,-96.4115,75,12.45,0.311,0.343,0.374,0.382,0.708,0.759,0.803,0.815
"2023-04-25 05:00:00",757,"Site 2",30.5498,-96.4115,75,12.42,0.31,0.343,0.373,0.382,0.708,0.759,0.802,0.815
"2023-04-25 06:00:00",758,"Site 2",30.5498,-96.4115,75,12.38,0.31,0.343,0.373,0.382,0.708,0.758,0.802,0.814
"2023-04-25 07:00:00",759,"Site 2",30.5498,-96.4115,75,12.34,0.31,0.343,0.373,0.382,0.708,0.758,0.802,0.814
"2023-04-25 08:00:00",760,"Site 2",30.5498,-96.4115,75,12.35,0.31,0.342,0.373,0.382,0.707,0.758,0.802,0.815
"2023-04-25 09:00:00",761,"Site 2",30.5498,-96.4115,75,12.37,0.31,0.342,0.374,0.383,0.707,0.757,0.803,0.816
"2023-04-25 10:00:00",762,"Site 2",30.5498,-96.4115,75,12.67,0.31,0.342,0.375,0.384,0.707,0.757,0.805,0.818
"2023-04-25 11:00:00",763,"Site 2",30.5498,-96.4115,75,13,0.31,0.342,0.379,0.388,0.707,0.757,0.81,0.823
"2023-04-25 12:00:00",764,"Site 2",30.5498,-96.4115,75,13.2,0.31,0.342,0.378,0.387,0.708,0.757,0.809,0.822
"2023-04-25 13:00:00",765,"Site 2",30.5498,-96.4115,75,13.57,0.311,0.342,0.385,0.394,0.708,0.757,0.818,0.831
"2023-04-25 14:00:00",766,"Site 2",30.5498,-96.4115,75,13.56,0.311,0.343,0.38,0.389,0.71,0.758,0.812,0.824
"2023-04-25 15:00:00",767,"Site 2",30.5498,-96.4115,75,13.55,0.312,0.343,0.379,0.387,0.71,0.759,0.81,0.822
"2023-04-25 16:00:00",768,"Site 2",30.5498,-96.4115,75,13.52,0.312,0.343,0.378,0.386,0.71,0.759,0.809,0.82
"2023-04-25 17:00:00",769,"Site 2",30.5498,-96.4115,75,13,0.311,0.344,0.376,0.383,0.709,0.759,0.806,0.816
"2023-04-25 18:00:00",770,"Site 2",30.5498,-96.4115,75,12.77,0.311,0.343,0.375,0.382,0.708,0.759,0.805,0.815
"2023-04-25 19:00:00",771,"Site 2",30.5498,-96.4115,75,12.8,0.31,0.343,0.374,0.381,0.708,0.758,0.803,0.813
"2023-04-25 20:00:00",772,"Site 2",30.5498,-96.4115,75,12.66,0.31,0.343,0.373,0.38,0.707,0.758,0.803,0.812
"2023-04-25 21:00:00",773,"Site 2",30.5498,-96.4115,75,12.63,0.31,0.343,0.373,0.38,0.707,0.758,0.802,0.811
"2023-04-25 22:00:00",774,"Site 2",30.5498,-96.4115,75,12.59,0.309,0.342,0.373,0.38,0.706,0.757,0.802,0.811
"2023-04-25 23:00:00",775,"Site 2",30.5498,-96.4115,75,12.56,0.309,0.342,0.372,0.379,0.706,0.757,0.801,0.811
"2023-04-26 00:00:00",776,"Site 2",30.5498,-96.4115,75,12.53,0.309,0.342,0.372,0.379,0.706,0.757,0.801,0.811
"2023-04-26 01:00:00",777,"Site 2",30.5498,-96.4115,75,12.51,0.309,0.342,0.372,0.379,0.705,0.756,0.801,0.811
"2023-04-26 02:00:00",778,"Site 2",30.5498,-96.4115,75,12.47,0.309,0.341,0.372,0.379,0.705,0.756,0.8,0.811
"2023-04-26 03:00:00",779,"Site 2",30.5498,-96.4115,75,12.44,0.308,0.341,0.372,0.379,0.705,0.756,0.8,0.81
"2023-04-26 04:00:00",780,"Site 2",30.5498,-96.4115,75,12.4,0.308,0.341,0.372,0.379,0.705,0.756,0.8,0.81
"2023-04-26 05:00:00",781,"Site 2",30.5498,-96.4115,75,12.37,0.308,0.341,0.371,0.379,0.705,0.755,0.8,0.81
"2023-04-26 06:00:00",782,"Site 2",30.5498,-96.4115,75,12.34,0.308,0.341,0.371,0.379,0.704,0.755,0.8,0.81
"2023-04-26 07:00:00",783,"Site 2",30.5498,-96.4115,75,12.32,0.308,0.341,0.371,0.379,0.704,0.755,0.799,0.81
"2023-04-26 08:00:00",784,"Site 2",30.5498,-96.4115,75,12.36,0.308,0.341,0.372,0.379,0.704,0.755,0.8,0.81
"2023-04-26 09:00:00",785,"Site 2",30.5498,-96.4115,75,12.33,0.308,0.341,0.372,0.379,0.704,0.755,0.801,0.811
"2023-04-26 10:00:00",786,"Site 2",30.5498,-96.4115,75,12.71,0.308,0.341,0.375,0.382,0.704,0.755,0.804,0.814
"2023-04-26 11:00:00",787,"Site 2",30.5498,-96.4115,75,12.92,0.308,0.341,0.377,0.385,0.705,0.755,0.808,0.818
"2023-04-26 12:00:00",788,"Site 2",30.5498,-96.4115,75,13.29,0.309,0.341,0.379,0.386,0.706,0.755,0.81,0.82
"2023-04-26 13:00:00",789,"Site 2",30.5498,-96.4115,75,13.33,0.309,0.341,0.38,0.387,0.706,0.756,0.811,0.821
"2023-04-26 14:00:00",790,"Site 2",30.5498,-96.4115,75,13.59,0.31,0.342,0.379,0.386,0.707,0.756,0.81,0.819
"2023-04-26 15:00:00",791,"Site 2",30.5498,-96.4115,75,13.5,0.311,0.342,0.378,0.384,0.708,0.757,0.809,0.818
"2023-04-26 16:00:00",792,"Site 2",30.5498,-96.4115,75,13.45,0.311,0.343,0.378,0.383,0.709,0.758,0.808,0.816
"2023-04-26 17:00:00",793,"Site 2",30.5498,-96.4115,75,13.45,0.31,0.343,0.378,0.383,0.708,0.758,0.808,0.815
"2023-04-26 18:00:00",794,"Site 2",30.5498,-96.4115,75,13.48,0.31,0.343,0.378,0.382,0.707,0.758,0.809,0.815
"2023-04-26 19:00:00",795,"Site 2",30.5498,-96.4115,75,13.32,0.309,0.343,0.377,0.382,0.706,0.758,0.808,0.814
"2023-04-26 20:00:00",796,"Site 2",30.5498,-96.4115,75,12.75,0.308,0.342,0.375,0.379,0.705,0.757,0.804,0.81
"2023-04-26 21:00:00",797,"Site 2",30.5498,-96.4115,75,12.7,0.308,0.342,0.373,0.377,0.704,0.757,0.802,0.807
"2023-04-26 22:00:00",798,"Site 2",30.5498,-96.4115,75,12.66,0.308,0.342,0.373,0.377,0.703,0.757,0.802,0.807
"2023-04-26 23:00:00",799,"Site 2",30.5498,-96.4115,75,12.61,0.307,0.342,0.373,0.377,0.703,0.756,0.801,0.807
"2023-04-27 00:00:00",800,"Site 2",30.5498,-96.4115,75,12.57,0.34,0.363,0.396,0.377,0.753,0.788,0.833,0.807
"2023-04-27 01:00:00",801,"Site 2",30.5498,-96.4115,75,12.54,0.343,0.368,0.402,0.377,0.758,0.795,0.84,0.807
"2023-04-27 02:00:00",802,"Site 2",30.5498,-96.4115,75,12.51,0.346,0.377,0.409,0.379,0.762,0.807,0.85,0.81
"2023-04-27 03:00:00",803,"Site 2",30.5498,-96.4115,75,12.49,0.348,0.378,0.41,0.386,0.765,0.809,0.851,0.82
"2023-04-27 04:00:00",804,"Site 2",30.5498,-96.4115,75,12.47,0.349,0.378,0.41,0.395,0.767,0.809,0.851,0.831
"2023-04-27 05:00:00",805,"Site 2",30.5498,-96.4115,75,12.44,0.35,0.379,0.41,0.412,0.768,0.81,0.851,0.854
"2023-04-27 06:00:00",806,"Site 2",30.5498,-96.4115,75,12.41,0.35,0.379,0.41,0.432,0.769,0.811,0.851,0.876
"2023-04-27 07:00:00",807,"Site 2",30.5498,-96.4115,75,12.38,0.351,0.38,0.411,0.435,0.77,0.811,0.852,0.88
"2023-04-27 08:00:00",808,"Site 2",30.5498,-96.4115,75,12.43,0.352,0.38,0.412,0.438,0.771,0.812,0.854,0.883
"2023-04-27 09:00:00",809,"Site 2",30.5498,-96.4115,75,12.5,0.352,0.381,0.414,0.44,0.772,0.813,0.855,0.886
"2023-04-27 10:00:00",810,"Site 2",30.5498,-96.4115,75,13.01,0.352,0.381,0.419,0.447,0.772,0.813,0.861,0.893
"2023-04-27 11:00:00",811,"Site 2",30.5498,-96.4115,75,12.94,0.353,0.382,0.418,0.447,0.773,0.814,0.861,0.893
"2023-04-27 12:00:00",812,"Site 2",30.5498,-96.4115,75,13.53,0.353,0.382,0.421,0.451,0.774,0.815,0.864,0.897
"2023-04-27 13:00:00",813,"Site 2",30.5498,-96.4115,75,13.61,0.354,0.383,0.422,0.452,0.774,0.815,0.865,0.898
"2023-04-27 14:00:00",814,"Site 2",30.5498,-96.4115,75,13.57,0.355,0.383,0.42,0.45,0.776,0.816,0.863,0.896
"2023-04-27 15:00:00",815,"Site 2",30.5498,-96.4115,75,13.57,0.356,0.384,0.42,0.449,0.777,0.817,0.863,0.895
"2023-04-27 16:00:00",816,"Site 2",30.5498,-96.4115,75,13.55,0.356,0.384,0.42,0.449,0.778,0.818,0.863,0.894
"2023-04-27 17:00:00",817,"Site 2",30.5498,-96.4115,75,13.55,0.356,0.385,0.42,0.448,0.778,0.818,0.863,0.894
"2023-04-27 18:00:00",818,"Site 2",30.5498,-96.4115,75,13.53,0.356,0.385,0.42,0.448,0.777,0.819,0.863,0.894
"2023-04-27 19:00:00",819,"Site 2",30.5498,-96.4115,75,13.53,0.355,0.385,0.42,0.448,0.777,0.819,0.863,0.894
"2023-04-27 20:00:00",820,"Site 2",30.5498,-96.4115,75,12.79,0.355,0.385,0.413,0.446,0.776,0.819,0.855,0.892
"2023-04-27 21:00:00",821,"Site 2",30.5498,-96.4115,75,12.68,0.355,0.385,0.409,0.442,0.776,0.819,0.85,0.888
"2023-04-27 22:00:00",822,"Site 2",30.5498,-96.4115,75,12.64,0.354,0.385,0.409,0.442,0.775,0.819,0.85,0.888
"2023-04-27 23:00:00",823,"Site 2",30.5498,-96.4115,75,12.6,0.354,0.385,0.409,0.442,0.774,0.819,0.85,0.888
"2023-04-28 00:00:00",824,"Site 2",30.5498,-96.4115,75,12.57,0.352,0.385,0.408,0.442,0.772,0.818,0.849,0.888
"2023-04-28 01:00:00",825,"Site 2",30.5498,-96.4115,75,12.54,0.348,0.379,0.408,0.442,0.765,0.81,0.849,0.888
"2023-04-28 02:00:00",826,"Site 2",30.5498,-96.4115,75,12.51,0.346,0.374,0.408,0.442,0.763,0.803,0.849,0.888
"2023-04-28 03:00:00",827,"Site 2",30.5498,-96.4115,75,12.49,0.345,0.372,0.408,0.442,0.761,0.801,0.848,0.888
"2023-04-28 04:00:00",828,"Site 2",30.5498,-96.4115,75,12.46,0.344,0.371,0.408,0.442,0.76,0.799,0.848,0.888
"2023-04-28 05:00:00",829,"Site 2",30.5498,-96.4115,75,12.42,0.343,0.37,0.408,0.442,0.758,0.798,0.848,0.888
"2023-04-28 06:00:00",830,"Site 2",30.5498,-96.4115,75,12.38,0.341,0.369,0.408,0.442,0.756,0.796,0.848,0.888
"2023-04-28 07:00:00",831,"Site 2",30.5498,-96.4115,75,12.36,0.34,0.368,0.408,0.443,0.754,0.795,0.848,0.888
"2023-04-28 08:00:00",832,"Site 2",30.5498,-96.4115,75,12.47,0.339,0.367,0.409,0.445,0.753,0.793,0.85,0.89
"2023-04-28 09:00:00",833,"Site 2",30.5498,-96.4115,75,12.77,0.339,0.366,0.411,0.447,0.752,0.793,0.853,0.893
"2023-04-28 10:00:00",834,"Site 2",30.5498,-96.4115,75,13.17,0.338,0.366,0.414,0.452,0.751,0.792,0.856,0.898
"2023-04-28 11:00:00",835,"Site 2",30.5498,-96.4115,75,13.6,0.338,0.366,0.414,0.455,0.751,0.792,0.855,0.901
"2023-04-28 12:00:00",836,"Site 2",30.5498,-96.4115,75,13.52,0.338,0.366,0.411,0.454,0.75,0.792,0.852,0.9
