"TOA5","3","CR300","7201","CR300.Std.07.00","CPU:Site 3 (Field).CR300","40338","CS655"
"TIMESTAMP","RECORD","station","latitude","longitude","altitude","BattV","CS655_5_VWC_Avg","CS655_10_VWC_Avg","CS655_20_VWC_Avg","CS655_50_VWC_Avg","CS655_5_T_Avg","CS655_10_T_Avg","CS655_20_T_Avg","CS655_50_T_Avg","CS655_5_EC_Avg","CS655_10_EC_Avg","CS655_20_EC_Avg","CS655_50_EC_Avg","CS655_5_Perm_Avg","CS655_10_Perm_Avg","CS655_20_Perm_Avg","CS655_50_Perm_Avg","CS655_5_PA_Avg","CS655_10_PA_Avg","CS655_20_PA_Avg","CS655_50_PA_Avg","CS655_5_VR_Avg","CS655_10_VR_Avg","CS655_20_VR_Avg","CS655_50_VR_Avg"
"TS","RN","name","decdegrees","decdegrees","m","Volts","m^3/m^3","m^3/m^3","m^3/m^3","m^3/m^3","Deg C","Deg C","Deg C","Deg C","dS/m","dS/m","dS/m","dS/m","unitless","unitless","unitless","unitless","nSec","nSec","nSec","nSec","unitless","unitless","unitless","unitless"
"","","Smp","Smp","Smp","Smp","Smp","Avg","Avg","Avg","Avg","Avg","Avg","Avg","Avg","Avg","Avg","Avg","Avg","Avg","Avg","Avg","Avg","Avg","Avg","Avg","Avg","Avg","Avg","Avg","Avg"
"2023-04-18 13:00:00",0,"Site 3",30.55886,-96.41177,75,13.54,0.206,0.159,0.253,0.433,22.87,20.67,19.83,20.31,0.037,0.029,0.084,0.369,10.91,8.52,13.6,28.56,1.5,1.412,1.571,1.927,1.047,1.035,1.103,1.463
"2023-04-18 14:00:00",1,"Site 3",30.55886,-96.41177,75,13.55,0.204,0.158,0.253,0.433,23.52,21.28,20.04,20.25,0.038,0.029,0.084,0.368,10.84,8.5,13.6,28.56,1.498,1.411,1.571,1.927,1.047,1.036,1.103,1.462
"2023-04-18 15:00:00",2,"Site 3",30.55886,-96.41177,75,13.51,0.203,0.157,0.253,0.433,24.56,22.04,20.39,20.24,0.038,0.03,0.085,0.368,10.76,8.46,13.57,28.56,1.495,1.41,1.57,1.927,1.048,1.037,1.104,1.462
"2023-04-18 16:00:00",3,"Site 3",30.55886,-96.41177,75,13.51,0.201,0.157,0.252,0.432,25.4,22.83,20.76,20.22,0.039,0.03,0.085,0.365,10.64,8.42,13.55,28.53,1.492,1.409,1.57,1.926,1.049,1.038,1.105,1.458
"2023-04-18 17:00:00",4,"Site 3",30.55886,-96.41177,75,13.48,0.199,0.155,0.252,0.432,25.45,23.29,21.16,20.21,0.039,0.03,0.086,0.367,10.53,8.37,13.51,28.5,1.489,1.407,1.569,1.926,1.049,1.038,1.105,1.461
"2023-04-18 18:00:00",5,"Site 3",30.55886,-96.41177,75,13.49,0.197,0.155,0.252,0.432,25.11,23.39,21.5,20.23,0.039,0.03,0.087,0.367,10.42,8.34,13.52,28.5,1.485,1.406,1.569,1.926,1.048,1.038,1.106,1.461
"2023-04-18 19:00:00",6,"Site 3",30.55886,-96.41177,75,12.93,0.195,0.154,0.252,0.432,24.16,23.32,21.73,20.23,0.038,0.03,0.087,0.367,10.33,8.29,13.53,28.5,1.482,1.404,1.57,1.926,1.047,1.038,1.106,1.461
"2023-04-18 20:00:00",7,"Site 3",30.55886,-96.41177,75,12.75,0.194,0.153,0.252,0.432,22.91,22.86,21.83,20.28,0.037,0.03,0.087,0.367,10.29,8.25,13.5,28.5,1.481,1.403,1.569,1.926,1.046,1.037,1.106,1.461
"2023-04-18 21:00:00",8,"Site 3",30.55886,-96.41177,75,12.69,0.193,0.152,0.252,0.432,21.85,22.3,21.82,20.31,0.036,0.029,0.087,0.368,10.25,8.22,13.5,28.5,1.48,1.402,1.569,1.926,1.045,1.037,1.106,1.462
"2023-04-18 22:00:00",9,"Site 3",30.55886,-96.41177,75,12.64,0.193,0.152,0.251,0.432,21.17,21.82,21.7,20.35,0.036,0.029,0.087,0.368,10.26,8.19,13.49,28.52,1.48,1.4,1.568,1.926,1.044,1.036,1.106,1.462
"2023-04-18 23:00:00",10,"Site 3",30.55886,-96.41177,75,12.59,0.193,0.151,0.251,0.433,20.67,21.43,21.55,20.41,0.035,0.029,0.086,0.368,10.26,8.18,13.46,28.56,1.48,1.4,1.568,1.927,1.044,1.036,1.105,1.462
"2023-04-19 00:00:00",11,"Site 3",30.55886,-96.41177,75,12.54,0.193,0.151,0.251,0.433,20.18,21.05,21.36,20.45,0.035,0.028,0.086,0.368,10.24,8.16,13.47,28.56,1.479,1.399,1.568,1.927,1.043,1.035,1.105,1.463
"2023-04-19 01:00:00",12,"Site 3",30.55886,-96.41177,75,12.49,0.193,0.151,0.251,0.433,19.79,20.72,21.17,20.47,0.034,0.028,0.085,0.369,10.23,8.15,13.44,28.56,1.478,1.399,1.567,1.927,1.043,1.035,1.104,1.463
"2023-04-19 02:00:00",13,"Site 3",30.55886,-96.41177,75,12.46,0.193,0.15,0.25,0.433,19.55,20.43,21,20.49,0.034,0.028,0.085,0.369,10.23,8.13,13.43,28.56,1.478,1.398,1.567,1.927,1.042,1.034,1.104,1.464
"2023-04-19 03:00:00",14,"Site 3",30.55886,-96.41177,75,12.44,0.193,0.15,0.25,0.433,19.41,20.24,20.83,20.51,0.034,0.028,0.084,0.369,10.23,8.13,13.43,28.56,1.478,1.398,1.567,1.927,1.042,1.034,1.103,1.463
"2023-04-19 04:00:00",15,"Site 3",30.55886,-96.41177,75,12.42,0.193,0.15,0.25,0.433,19.26,20.07,20.67,20.51,0.034,0.027,0.084,0.369,10.23,8.13,13.43,28.56,1.478,1.398,1.567,1.927,1.042,1.034,1.103,1.464
"2023-04-19 05:00:00",16,"Site 3",30.55886,-96.41177,75,12.4,0.193,0.15,0.249,0.433,19.14,19.92,20.53,20.53,0.034,0.027,0.084,0.369,10.23,8.1,13.38,28.56,1.478,1.397,1.565,1.927,1.042,1.034,1.102,1.464
"2023-04-19 06:00:00",17,"Site 3",30.55886,-96.41177,75,12.39,0.193,0.15,0.249,0.433,19.31,19.86,20.41,20.53,0.033,0.027,0.083,0.369,10.23,8.1,13.35,28.56,1.478,1.397,1.564,1.927,1.042,1.034,1.102,1.463
"2023-04-19 07:00:00",18,"Site 3",30.55886,-96.41177,75,12.37,0.193,0.15,0.249,0.433,19.51,19.88,20.33,20.52,0.034,0.027,0.083,0.369,10.23,8.1,13.37,28.56,1.478,1.397,1.565,1.927,1.042,1.033,1.101,1.464
"2023-04-19 08:00:00",19,"Site 3",30.55886,-96.41177,75,12.39,0.193,0.15,0.25,0.433,19.68,19.92,20.28,20.5,0.034,0.027,0.082,0.369,10.24,8.1,13.4,28.56,1.479,1.397,1.565,1.927,1.042,1.034,1.101,1.463
"2023-04-19 09:00:00",20,"Site 3",30.55886,-96.41177,75,12.48,0.193,0.15,0.25,0.433,20.01,20.02,20.26,20.47,0.034,0.027,0.082,0.369,10.26,8.1,13.4,28.56,1.48,1.397,1.565,1.927,1.042,1.034,1.101,1.463
"2023-04-19 10:00:00",21,"Site 3",30.55886,-96.41177,75,13.01,0.193,0.15,0.25,0.433,20.67,20.26,20.24,20.46,0.035,0.027,0.082,0.368,10.26,8.1,13.38,28.56,1.48,1.397,1.565,1.927,1.043,1.034,1.101,1.463
"2023-04-19 11:00:00",22,"Site 3",30.55886,-96.41177,75,13.25,0.193,0.15,0.249,0.432,22.4,20.84,20.32,20.44,0.035,0.028,0.082,0.368,10.26,8.1,13.35,28.54,1.48,1.397,1.564,1.927,1.044,1.034,1.101,1.463
"2023-04-19 12:00:00",23,"Site 3",30.55886,-96.41177,75,13.45,0.192,0.149,0.249,0.432,23.45,21.65,20.52,20.43,0.036,0.028,0.083,0.368,10.21,8.09,13.35,28.5,1.478,1.397,1.564,1.926,1.045,1.035,1.101,1.463
"2023-04-19 13:00:00",24,"Site 3",30.55886,-96.41177,75,13.5,0.191,0.149,0.249,0.432,24.63,22.28,20.81,20.41,0.037,0.029,0.083,0.368,10.14,8.06,13.35,28.5,1.476,1.396,1.564,1.926,1.046,1.035,1.101,1.462
"2023-04-19 14:00:00",25,"Site 3",30.55886,-96.41177,75,13.49,0.189,0.148,0.249,0.432,26.47,23.21,21.13,20.39,0.038,0.029,0.083,0.368,10.02,8.03,13.35,28.5,1.472,1.395,1.564,1.926,1.047,1.036,1.102,1.462
"2023-04-19 15:00:00",26,"Site 3",30.55886,-96.41177,75,13.44,0.186,0.148,0.249,0.432,28.12,24.36,21.6,20.41,0.039,0.03,0.084,0.368,9.87,8,13.33,28.5,1.468,1.394,1.564,1.926,1.048,1.037,1.103,1.462
"2023-04-19 16:00:00",27,"Site 3",30.55886,-96.41177,75,13.44,0.183,0.146,0.248,0.432,28.39,25.18,22.1,20.38,0.039,0.03,0.084,0.368,9.72,7.946,13.31,28.5,1.463,1.392,1.563,1.926,1.048,1.037,1.103,1.462
"2023-04-19 17:00:00",28,"Site 3",30.55886,-96.41177,75,13.44,0.18,0.146,0.248,0.432,28.02,25.49,22.58,20.44,0.038,0.03,0.086,0.368,9.57,7.902,13.3,28.5,1.458,1.391,1.563,1.926,1.048,1.037,1.105,1.462
"2023-04-19 18:00:00",29,"Site 3",30.55886,-96.41177,75,13.47,0.178,0.145,0.248,0.432,27.17,25.4,22.93,20.46,0.038,0.03,0.086,0.368,9.47,7.872,13.29,28.5,1.455,1.389,1.563,1.926,1.047,1.037,1.105,1.462
"2023-04-19 19:00:00",30,"Site 3",30.55886,-96.41177,75,13.46,0.176,0.144,0.248,0.432,26.36,25.13,23.11,20.51,0.037,0.03,0.086,0.368,9.36,7.83,13.26,28.5,1.451,1.388,1.562,1.926,1.046,1.037,1.106,1.463
"2023-04-19 20:00:00",31,"Site 3",30.55886,-96.41177,75,12.77,0.174,0.143,0.247,0.432,24.88,24.7,23.2,20.57,0.036,0.029,0.086,0.369,9.29,7.801,13.26,28.5,1.449,1.387,1.562,1.926,1.045,1.036,1.106,1.463
"2023-04-19 21:00:00",32,"Site 3",30.55886,-96.41177,75,12.71,0.174,0.143,0.247,0.432,23.69,24.01,23.16,20.65,0.035,0.029,0.086,0.369,9.27,7.761,13.2,28.54,1.448,1.385,1.561,1.927,1.044,1.036,1.106,1.464
"2023-04-19 22:00:00",33,"Site 3",30.55886,-96.41177,75,12.66,0.173,0.142,0.246,0.433,22.82,23.4,23.01,20.71,0.034,0.028,0.086,0.37,9.24,7.743,13.18,28.56,1.447,1.385,1.56,1.927,1.043,1.035,1.105,1.465
"2023-04-19 23:00:00",34,"Site 3",30.55886,-96.41177,75,12.63,0.173,0.141,0.247,0.433,22.2,22.89,22.8,20.79,0.034,0.028,0.086,0.371,9.24,7.712,13.22,28.56,1.447,1.384,1.561,1.927,1.042,1.035,1.105,1.465
"2023-04-20 00:00:00",35,"Site 3",30.55886,-96.41177,75,12.6,0.173,0.141,0.247,0.433,21.75,22.48,22.59,20.85,0.033,0.027,0.085,0.371,9.24,7.695,13.21,28.56,1.447,1.383,1.561,1.927,1.041,1.034,1.104,1.466
"2023-04-20 01:00:00",36,"Site 3",30.55886,-96.41177,75,12.58,0.173,0.141,0.246,0.433,21.67,22.21,22.39,20.9,0.033,0.027,0.085,0.371,9.24,7.685,13.18,28.62,1.447,1.382,1.56,1.928,1.042,1.034,1.104,1.466
"2023-04-20 02:00:00",37,"Site 3",30.55886,-96.41177,75,12.55,0.174,0.141,0.246,0.433,21.73,22.08,22.21,20.95,0.033,0.027,0.084,0.372,9.28,7.686,13.18,28.62,1.448,1.382,1.56,1.928,1.041,1.033,1.103,1.467
"2023-04-20 03:00:00",38,"Site 3",30.55886,-96.41177,75,12.52,0.174,0.14,0.246,0.433,21.71,22,22.07,20.98,0.033,0.027,0.084,0.372,9.28,7.666,13.16,28.62,1.448,1.382,1.559,1.928,1.041,1.033,1.102,1.467
"2023-04-20 04:00:00",39,"Site 3",30.55886,-96.41177,75,12.49,0.174,0.14,0.246,0.433,21.67,21.91,21.98,21,0.033,0.027,0.083,0.372,9.28,7.656,13.15,28.62,1.448,1.381,1.559,1.928,1.041,1.033,1.101,1.468
"2023-04-20 05:00:00",40,"Site 3",30.55886,-96.41177,75,12.46,0.174,0.14,0.245,0.433,21.62,21.84,21.87,21.01,0.033,0.026,0.083,0.368,9.28,7.657,13.13,28.62,1.448,1.381,1.558,1.928,1.041,1.033,1.102,1.462
"2023-04-20 06:00:00",41,"Site 3",30.55886,-96.41177,75,12.44,0.175,0.14,0.245,0.433,21.57,21.78,21.82,21.03,0.033,0.026,0.082,0.373,9.31,7.658,13.11,28.61,1.449,1.381,1.558,1.928,1.041,1.033,1.101,1.468
"2023-04-20 07:00:00",42,"Site 3",30.55886,-96.41177,75,12.41,0.175,0.14,0.245,0.433,21.54,21.72,21.74,21.04,0.033,0.026,0.082,0.373,9.31,7.637,13.11,28.61,1.449,1.38,1.558,1.928,1.041,1.033,1.1,1.468
"2023-04-20 08:00:00",43,"Site 3",30.55886,-96.41177,75,12.46,0.175,0.14,0.245,0.433,21.62,21.69,21.68,21.03,0.033,0.026,0.082,0.373,9.31,7.626,13.11,28.61,1.449,1.38,1.558,1.928,1.041,1.033,1.1,1.468
"2023-04-20 09:00:00",44,"Site 3",30.55886,-96.41177,75,12.57,0.175,0.14,0.244,0.433,21.97,21.75,21.64,21.03,0.033,0.027,0.082,0.373,9.32,7.625,13.08,28.61,1.449,1.38,1.557,1.928,1.042,1.033,1.1,1.468
"2023-04-20 10:00:00",45,"Site 3",30.55886,-96.41177,75,12.81,0.175,0.14,0.244,0.433,22.61,21.97,21.65,21.03,0.034,0.027,0.082,0.372,9.35,7.625,13.07,28.62,1.45,1.38,1.556,1.928,1.042,1.033,1.1,1.468
"2023-04-20 11:00:00",46,"Site 3",30.55886,-96.41177,75,12.98,0.175,0.14,0.244,0.433,23.15,22.29,21.71,21.02,0.034,0.027,0.082,0.373,9.34,7.623,13.07,28.62,1.45,1.38,1.556,1.928,1.042,1.033,1.1,1.468
"2023-04-20 12:00:00",47,"Site 3",30.55886,-96.41177,75,13.6,0.175,0.14,0.244,0.433,24.05,22.64,21.81,21.02,0.034,0.027,0.082,0.372,9.32,7.623,13.07,28.62,1.449,1.38,1.556,1.928,1.043,1.033,1.1,1.468
"2023-04-20 13:00:00",48,"Site 3",30.55886,-96.41177,75,13.31,0.174,0.139,0.244,0.433,25.92,23.46,21.97,21.01,0.035,0.027,0.082,0.373,9.28,7.599,13.07,28.62,1.448,1.379,1.556,1.928,1.044,1.034,1.1,1.468
"2023-04-20 14:00:00",49,"Site 3",30.55886,-96.41177,75,13.5,0.173,0.139,0.244,0.433,25.91,24.09,22.27,21.02,0.036,0.028,0.082,0.373,9.21,7.587,13.03,28.61,1.446,1.379,1.555,1.928,1.044,1.034,1.101,1.468
"2023-04-20 15:00:00",50,"Site 3",30.55886,-96.41177,75,13.48,0.172,0.138,0.244,0.433,26.49,24.41,22.56,21.02,0.036,0.028,0.083,0.372,9.16,7.565,13.02,28.62,1.445,1.378,1.555,1.928,1.045,1.035,1.101,1.467
"2023-04-20 16:00:00",51,"Site 3",30.55886,-96.41177,75,13.09,0.173,0.138,0.244,0.433,25.93,24.64,22.81,21.03,0.036,0.028,0.083,0.37,9.24,7.552,13.02,28.62,1.447,1.378,1.555,1.928,1.045,1.035,1.101,1.465
"2023-04-20 17:00:00",52,"Site 3",30.55886,-96.41177,75,12.93,0.195,0.139,0.243,0.433,24.94,24.36,22.98,21.06,0.039,0.028,0.083,0.373,10.33,7.606,13,28.61,1.482,1.38,1.555,1.928,1.049,1.035,1.102,1.468
"2023-04-20 18:00:00",53,"Site 3",30.55886,-96.41177,75,12.74,0.206,0.145,0.243,0.433,24.36,24.04,23.02,21.08,0.04,0.029,0.083,0.373,10.94,7.89,12.98,28.61,1.501,1.39,1.554,1.928,1.05,1.036,1.101,1.468
"2023-04-20 19:00:00",54,"Site 3",30.55886,-96.41177,75,12.7,0.206,0.149,0.243,0.433,23.56,23.68,23,21.12,0.04,0.029,0.083,0.373,10.91,8.06,12.99,28.61,1.5,1.396,1.555,1.928,1.05,1.036,1.102,1.469
"2023-04-20 20:00:00",55,"Site 3",30.55886,-96.41177,75,12.66,0.205,0.15,0.244,0.433,22.96,23.27,22.9,21.15,0.039,0.029,0.083,0.374,10.86,8.14,13.02,28.61,1.499,1.399,1.555,1.928,1.049,1.036,1.102,1.469
"2023-04-20 21:00:00",56,"Site 3",30.55886,-96.41177,75,12.61,0.325,0.24,0.256,0.433,21.06,22.52,22.76,21.2,0.059,0.043,0.086,0.374,18.4,12.88,13.76,28.61,1.704,1.548,1.576,1.928,1.073,1.053,1.105,1.47
"2023-04-20 22:00:00",57,"Site 3",30.55886,-96.41177,75,12.58,0.329,0.274,0.271,0.433,20.72,21.73,22.45,21.24,0.056,0.048,0.09,0.374,18.7,14.91,14.71,28.63,1.711,1.605,1.601,1.929,1.07,1.06,1.11,1.469
"2023-04-20 23:00:00",58,"Site 3",30.55886,-96.41177,75,12.54,0.329,0.275,0.271,0.435,20.62,21.43,22.13,21.27,0.057,0.047,0.089,0.377,18.7,14.94,14.7,28.91,1.711,1.606,1.601,1.934,1.071,1.059,1.109,1.473
"2023-04-21 00:00:00",59,"Site 3",30.55886,-96.41177,75,12.51,0.328,0.273,0.27,0.441,20.47,21.25,21.9,21.3,0.058,0.047,0.088,0.381,18.6,14.85,14.66,29.61,1.709,1.604,1.6,1.947,1.072,1.059,1.108,1.478
"2023-04-21 01:00:00",60,"Site 3",30.55886,-96.41177,75,12.48,0.328,0.274,0.271,0.442,20.52,21.13,21.69,21.32,0.059,0.047,0.087,0.384,18.65,14.9,14.67,29.79,1.71,1.605,1.6,1.95,1.074,1.059,1.107,1.483
"2023-04-21 02:00:00",61,"Site 3",30.55886,-96.41177,75,12.45,0.333,0.278,0.272,0.443,20.32,20.99,21.54,21.32,0.06,0.048,0.087,0.386,18.99,15.11,14.76,29.91,1.718,1.611,1.602,1.952,1.075,1.059,1.107,1.485
"2023-04-21 03:00:00",62,"Site 3",30.55886,-96.41177,75,12.42,0.332,0.277,0.272,0.444,20.12,20.84,21.4,21.32,0.061,0.047,0.087,0.387,18.97,15.06,14.73,29.99,1.718,1.609,1.602,1.954,1.076,1.059,1.106,1.486
"2023-04-21 04:00:00",63,"Site 3",30.55886,-96.41177,75,12.39,0.332,0.276,0.271,0.444,19.99,20.67,21.27,21.29,0.062,0.047,0.086,0.387,18.94,15,14.69,30.02,1.717,1.608,1.601,1.954,1.077,1.059,1.105,1.486
"2023-04-21 05:00:00",64,"Site 3",30.55886,-96.41177,75,12.37,0.331,0.275,0.271,0.444,19.86,20.57,21.16,21.27,0.062,0.047,0.085,0.387,18.88,14.97,14.69,29.97,1.716,1.607,1.601,1.954,1.077,1.059,1.104,1.486
"2023-04-21 06:00:00",65,"Site 3",30.55886,-96.41177,75,12.34,0.331,0.275,0.27,0.444,19.68,20.4,21.04,21.26,0.062,0.047,0.085,0.386,18.85,14.96,14.65,29.95,1.715,1.607,1.599,1.953,1.078,1.059,1.104,1.485
"2023-04-21 07:00:00",66,"Site 3",30.55886,-96.41177,75,12.32,0.329,0.276,0.27,0.444,19.55,20.27,20.91,21.24,0.062,0.047,0.085,0.386,18.72,15.03,14.65,29.95,1.712,1.608,1.599,1.953,1.078,1.059,1.103,1.484
"2023-04-21 08:00:00",67,"Site 3",30.55886,-96.41177,75,12.38,0.328,0.274,0.271,0.444,19.73,20.2,20.8,21.19,0.063,0.047,0.084,0.386,18.61,14.86,14.7,29.95,1.709,1.604,1.601,1.953,1.078,1.059,1.103,1.484
"2023-04-21 09:00:00",68,"Site 3",30.55886,-96.41177,75,12.66,0.327,0.272,0.271,0.444,20.18,20.29,20.73,21.16,0.063,0.047,0.084,0.385,18.53,14.78,14.7,29.95,1.708,1.602,1.601,1.953,1.079,1.059,1.103,1.484
"2023-04-21 10:00:00",69,"Site 3",30.55886,-96.41177,75,13.05,0.325,0.272,0.271,0.444,20.86,20.56,20.7,21.12,0.064,0.048,0.084,0.383,18.38,14.77,14.72,29.96,1.704,1.602,1.601,1.953,1.079,1.059,1.103,1.481
"2023-04-21 11:00:00",70,"Site 3",30.55886,-96.41177,75,12.97,0.321,0.272,0.271,0.443,21.84,20.95,20.74,21.09,0.064,0.048,0.084,0.385,18.13,14.77,14.71,29.89,1.698,1.602,1.601,1.952,1.08,1.06,1.103,1.484
"2023-04-21 12:00:00",71,"Site 3",30.55886,-96.41177,75,13.17,0.32,0.272,0.271,0.443,21.96,21.35,20.88,21.06,0.065,0.049,0.085,0.385,18.03,14.74,14.7,29.89,1.695,1.601,1.601,1.952,1.081,1.061,1.104,1.483
"2023-04-21 14:00:00",72,"Site 3",30.55886,-96.41177,75,13.55,0.317,0.271,0.271,0.443,23.81,22.27,21.27,21,0.067,0.05,0.085,0.384,17.84,14.72,14.69,29.89,1.691,1.601,1.601,1.952,1.083,1.063,1.104,1.482
"2023-04-21 15:00:00",73,"Site 3",30.55886,-96.41177,75,13.53,0.316,0.271,0.271,0.443,25.04,22.77,21.42,20.97,0.068,0.051,0.086,0.38,17.72,14.69,14.72,29.86,1.688,1.6,1.601,1.951,1.084,1.064,1.105,1.478
"2023-04-21 16:00:00",74,"Site 3",30.55886,-96.41177,75,13.51,0.313,0.27,0.271,0.443,25.91,23.59,21.73,20.96,0.069,0.052,0.086,0.38,17.53,14.62,14.69,29.84,1.683,1.598,1.601,1.951,1.086,1.065,1.105,1.478
"2023-04-21 17:00:00",75,"Site 3",30.55886,-96.41177,75,13.46,0.311,0.269,0.271,0.443,27.6,24.4,22.1,20.96,0.071,0.053,0.087,0.383,17.38,14.56,14.67,29.83,1.68,1.596,1.6,1.951,1.088,1.066,1.106,1.481
"2023-04-21 18:00:00",76,"Site 3",30.55886,-96.41177,75,13.46,0.309,0.268,0.27,0.443,27.05,25,22.54,20.97,0.071,0.054,0.088,0.382,17.26,14.52,14.64,29.83,1.677,1.595,1.599,1.951,1.088,1.067,1.107,1.48
"2023-04-21 19:00:00",77,"Site 3",30.55886,-96.41177,75,13.63,0.308,0.267,0.27,0.443,25.89,24.91,22.9,20.98,0.07,0.054,0.088,0.383,17.2,14.43,14.63,29.83,1.675,1.593,1.599,1.951,1.087,1.067,1.108,1.481
"2023-04-21 20:00:00",78,"Site 3",30.55886,-96.41177,75,12.75,0.308,0.268,0.269,0.443,24.47,24.43,23.08,21.02,0.068,0.054,0.089,0.383,17.2,14.48,14.6,29.83,1.675,1.594,1.598,1.951,1.085,1.067,1.109,1.481
"2023-04-21 21:00:00",79,"Site 3",30.55886,-96.41177,75,12.69,0.309,0.269,0.269,0.443,23.32,23.82,23.09,21.06,0.067,0.053,0.089,0.383,17.2,14.55,14.6,29.83,1.675,1.596,1.598,1.951,1.083,1.066,1.109,1.482
"2023-04-21 22:00:00",80,"Site 3",30.55886,-96.41177,75,12.65,0.309,0.269,0.269,0.443,22.37,23.2,22.98,21.11,0.065,0.052,0.089,0.383,17.21,14.55,14.6,29.83,1.675,1.596,1.598,1.951,1.081,1.065,1.108,1.481
"2023-04-21 23:00:00",81,"Site 3",30.55886,-96.41177,75,12.6,0.309,0.269,0.27,0.443,21.61,22.64,22.79,21.17,0.064,0.052,0.089,0.383,17.21,14.55,14.61,29.83,1.675,1.596,1.599,1.951,1.08,1.065,1.108,1.482
"2023-04-22 00:00:00",82,"Site 3",30.55886,-96.41177,75,12.57,0.309,0.269,0.27,0.443,20.95,22.12,22.57,21.22,0.062,0.052,0.089,0.384,17.21,14.57,14.64,29.83,1.675,1.596,1.599,1.951,1.078,1.064,1.108,1.482
"2023-04-22 01:00:00",83,"Site 3",30.55886,-96.41177,75,12.54,0.309,0.269,0.27,0.443,20.33,21.64,22.32,21.27,0.061,0.051,0.088,0.384,17.22,14.6,14.64,29.83,1.675,1.597,1.599,1.951,1.076,1.064,1.108,1.482
"2023-04-22 02:00:00",84,"Site 3",30.55886,-96.41177,75,12.51,0.308,0.27,0.27,0.443,19.83,21.2,22.03,21.31,0.06,0.051,0.088,0.384,17.17,14.64,14.64,29.83,1.674,1.598,1.599,1.951,1.075,1.063,1.108,1.482
"2023-04-22 03:00:00",85,"Site 3",30.55886,-96.41177,75,12.48,0.308,0.269,0.27,0.443,19.45,20.78,21.77,21.32,0.059,0.05,0.088,0.382,17.17,14.56,14.66,29.84,1.674,1.596,1.6,1.951,1.074,1.062,1.107,1.479
"2023-04-22 04:00:00",86,"Site 3",30.55886,-96.41177,75,12.46,0.308,0.269,0.271,0.443,19.14,20.47,21.51,21.33,0.058,0.05,0.087,0.384,17.18,14.56,14.69,29.83,1.674,1.596,1.601,1.951,1.073,1.062,1.106,1.482
"2023-04-22 05:00:00",87,"Site 3",30.55886,-96.41177,75,12.43,0.307,0.269,0.271,0.442,18.85,20.16,21.26,21.33,0.058,0.05,0.087,0.384,17.13,14.56,14.69,29.79,1.673,1.596,1.601,1.95,1.072,1.062,1.106,1.482
"2023-04-22 06:00:00",88,"Site 3",30.55886,-96.41177,75,12.4,0.308,0.269,0.271,0.442,18.49,19.86,21.04,21.32,0.057,0.049,0.086,0.383,17.13,14.56,14.7,29.77,1.673,1.596,1.601,1.95,1.071,1.061,1.106,1.482
"2023-04-22 07:00:00",89,"Site 3",30.55886,-96.41177,75,12.36,0.308,0.269,0.271,0.442,18.09,19.56,20.8,21.31,0.056,0.049,0.086,0.383,17.14,14.56,14.69,29.77,1.673,1.596,1.601,1.95,1.069,1.061,1.105,1.481
"2023-04-22 08:00:00",90,"Site 3",30.55886,-96.41177,75,12.38,0.307,0.269,0.271,0.442,17.8,19.27,20.56,21.26,0.055,0.049,0.086,0.382,17.11,14.59,14.69,29.71,1.672,1.597,1.601,1.949,1.069,1.06,1.105,1.48
"2023-04-22 09:00:00",91,"Site 3",30.55886,-96.41177,75,12.43,0.307,0.27,0.271,0.442,17.77,19.06,20.33,21.21,0.055,0.048,0.085,0.383,17.09,14.61,14.71,29.71,1.672,1.597,1.601,1.949,1.068,1.06,1.104,1.481
"2023-04-22 10:00:00",92,"Site 3",30.55886,-96.41177,75,12.57,0.306,0.269,0.272,0.441,18.23,18.95,20.14,21.2,0.055,0.048,0.085,0.382,17.05,14.59,14.74,29.67,1.671,1.597,1.602,1.948,1.068,1.06,1.104,1.48
"2023-04-22 11:00:00",93,"Site 3",30.55886,-96.41177,75,12.84,0.305,0.269,0.272,0.441,20.53,19.51,20.03,21.15,0.056,0.048,0.085,0.381,16.96,14.55,14.74,29.63,1.668,1.596,1.602,1.947,1.07,1.06,1.104,1.479
"2023-04-22 12:00:00",94,"Site 3",30.55886,-96.41177,75,13.24,0.302,0.267,0.272,0.441,23.32,20.76,20.12,21.1,0.058,0.05,0.085,0.381,16.76,14.43,14.74,29.59,1.663,1.593,1.602,1.946,1.073,1.061,1.104,1.478
"2023-04-22 13:00:00",95,"Site 3",30.55886,-96.41177,75,13.51,0.299,0.264,0.272,0.441,25.68,22.24,20.52,21.02,0.061,0.051,0.086,0.381,16.57,14.28,14.73,29.57,1.659,1.588,1.602,1.946,1.076,1.063,1.105,1.478
"2023-04-22 14:00:00",96,"Site 3",30.55886,-96.41177,75,13.5,0.297,0.26,0.271,0.44,27.55,23.6,21.07,20.99,0.063,0.052,0.087,0.379,16.38,14,14.7,29.53,1.654,1.581,1.601,1.945,1.078,1.064,1.106,1.477
"2023-04-22 15:00:00",97,"Site 3",30.55886,-96.41177,75,13.48,0.294,0.257,0.271,0.44,28.74,24.79,21.68,20.93,0.064,0.053,0.088,0.377,16.2,13.8,14.68,29.53,1.649,1.576,1.601,1.945,1.08,1.065,1.108,1.473
"2023-04-22 16:00:00",98,"Site 3",30.55886,-96.41177,75,13.49,0.291,0.254,0.271,0.44,29.2,25.57,22.3,20.91,0.065,0.053,0.089,0.379,16.02,13.64,14.7,29.51,1.645,1.571,1.601,1.945,1.081,1.066,1.109,1.476
"2023-04-22 17:00:00",99,"Site 3",30.55886,-96.41177,75,13.49,0.29,0.252,0.27,0.44,28.22,25.88,22.83,20.92,0.065,0.053,0.09,0.379,15.93,13.51,14.64,29.47,1.643,1.568,1.599,1.944,1.08,1.066,1.11,1.475
"2023-04-22 18:00:00",100,"Site 3",30.55886,-96.41177,75,13.49,0.289,0.25,0.27,0.44,27.4,25.71,23.2,20.93,0.063,0.053,0.09,0.379,15.89,13.39,14.63,29.47,1.642,1.564,1.599,1.944,1.079,1.066,1.111,1.475
"2023-04-22 19:00:00",101,"Site 3",30.55886,-96.41177,75,12.95,0.289,0.249,0.27,0.44,25.88,25.32,23.42,20.98,0.062,0.052,0.091,0.378,15.88,13.34,14.63,29.47,1.641,1.563,1.599,1.944,1.077,1.065,1.112,1.475
"2023-04-22 20:00:00",102,"Site 3",30.55886,-96.41177,75,12.73,0.289,0.249,0.27,0.44,24.37,24.62,23.46,21.03,0.06,0.051,0.091,0.379,15.88,13.32,14.63,29.47,1.641,1.562,1.599,1.944,1.075,1.064,1.112,1.476
"2023-04-22 21:00:00",103,"Site 3",30.55886,-96.41177,75,12.68,0.29,0.248,0.27,0.44,23.05,23.86,23.37,21.1,0.058,0.051,0.092,0.379,15.93,13.31,14.63,29.53,1.642,1.562,1.599,1.945,1.073,1.063,1.112,1.477
"2023-04-22 22:00:00",104,"Site 3",30.55886,-96.41177,75,12.65,0.29,0.247,0.27,0.44,22.12,23.12,23.14,21.16,0.057,0.05,0.091,0.38,15.93,13.24,14.63,29.53,1.642,1.56,1.599,1.945,1.071,1.062,1.112,1.478
"2023-04-22 23:00:00",105,"Site 3",30.55886,-96.41177,75,12.62,0.29,0.248,0.27,0.44,21.5,22.55,22.86,21.23,0.056,0.049,0.091,0.381,15.94,13.29,14.66,29.53,1.642,1.561,1.6,1.945,1.069,1.061,1.111,1.478
"2023-04-23 00:00:00",106,"Site 3",30.55886,-96.41177,75,12.59,0.289,0.248,0.271,0.44,21.11,22.09,22.6,21.3,0.055,0.048,0.091,0.381,15.89,13.26,14.67,29.53,1.641,1.56,1.601,1.945,1.069,1.06,1.112,1.479
"2023-04-23 01:00:00",107,"Site 3",30.55886,-96.41177,75,12.56,0.289,0.247,0.271,0.44,20.67,21.74,22.32,21.34,0.054,0.047,0.091,0.381,15.9,13.25,14.69,29.53,1.641,1.56,1.601,1.945,1.067,1.059,1.111,1.479
"2023-04-23 02:00:00",108,"Site 3",30.55886,-96.41177,75,12.52,0.29,0.247,0.271,0.44,20.38,21.4,22.09,21.37,0.053,0.047,0.09,0.382,15.9,13.21,14.68,29.52,1.641,1.559,1.601,1.945,1.066,1.059,1.11,1.48
"2023-04-23 03:00:00",109,"Site 3",30.55886,-96.41177,75,12.49,0.289,0.247,0.271,0.44,20.24,21.16,21.87,21.38,0.053,0.047,0.09,0.382,15.88,13.21,14.68,29.52,1.641,1.559,1.601,1.945,1.066,1.058,1.11,1.48
"2023-04-23 04:00:00",110,"Site 3",30.55886,-96.41177,75,12.46,0.289,0.246,0.271,0.44,20.05,20.96,21.67,21.4,0.052,0.046,0.09,0.382,15.86,13.17,14.69,29.52,1.64,1.558,1.601,1.945,1.065,1.057,1.11,1.48
"2023-04-23 05:00:00",111,"Site 3",30.55886,-96.41177,75,12.42,0.289,0.246,0.271,0.44,19.68,20.73,21.5,21.4,0.052,0.046,0.09,0.382,15.86,13.16,14.72,29.52,1.64,1.557,1.602,1.945,1.065,1.057,1.11,1.48
"2023-04-23 06:00:00",112,"Site 3",30.55886,-96.41177,75,12.39,0.289,0.245,0.271,0.44,19.44,20.5,21.32,21.38,0.051,0.045,0.089,0.382,15.83,13.14,14.72,29.52,1.639,1.556,1.602,1.945,1.064,1.056,1.109,1.48
"2023-04-23 07:00:00",113,"Site 3",30.55886,-96.41177,75,12.37,0.288,0.245,0.271,0.44,19.22,20.28,21.16,21.36,0.051,0.045,0.089,0.382,15.82,13.12,14.72,29.52,1.639,1.556,1.602,1.945,1.063,1.056,1.109,1.48
"2023-04-23 08:00:00",114,"Site 3",30.55886,-96.41177,75,12.35,0.288,0.245,0.272,0.44,19,20.07,20.98,21.33,0.05,0.045,0.089,0.379,15.8,13.1,14.75,29.53,1.639,1.555,1.602,1.945,1.063,1.056,1.109,1.477
"2023-04-23 09:00:00",115,"Site 3",30.55886,-96.41177,75,12.46,0.294,0.25,0.274,0.44,18.73,19.84,20.81,21.3,0.05,0.045,0.089,0.379,16.2,13.43,14.88,29.47,1.649,1.565,1.606,1.944,1.063,1.056,1.109,1.476
"2023-04-23 10:00:00",116,"Site 3",30.55886,-96.41177,75,13.02,0.295,0.252,0.275,0.44,18.76,19.66,20.65,21.28,0.05,0.045,0.089,0.381,16.28,13.53,14.94,29.46,1.651,1.567,1.607,1.944,1.063,1.056,1.109,1.478
"2023-04-23 11:00:00",117,"Site 3",30.55886,-96.41177,75,13.21,0.295,0.251,0.275,0.44,19.09,19.67,20.51,21.25,0.051,0.045,0.089,0.381,16.24,13.49,14.94,29.46,1.65,1.566,1.607,1.944,1.063,1.056,1.109,1.478
"2023-04-23 12:00:00",118,"Site 3",30.55886,-96.41177,75,13.62,0.294,0.25,0.275,0.44,19.78,19.8,20.43,21.2,0.051,0.045,0.089,0.378,16.18,13.42,14.94,29.47,1.648,1.564,1.607,1.944,1.063,1.056,1.109,1.475
"2023-04-23 13:00:00",119,"Site 3",30.55886,-96.41177,75,13.73,0.292,0.25,0.275,0.44,20.86,20.18,20.4,21.16,0.052,0.045,0.089,0.38,16.09,13.39,14.94,29.47,1.646,1.564,1.607,1.944,1.065,1.056,1.109,1.477
"2023-04-23 14:00:00",120,"Site 3",30.55886,-96.41177,75,13.68,0.291,0.248,0.275,0.44,22.38,20.88,20.49,21.13,0.053,0.046,0.089,0.38,16,13.31,14.93,29.47,1.644,1.561,1.607,1.944,1.066,1.057,1.109,1.477
"2023-04-23 15:00:00",121,"Site 3",30.55886,-96.41177,75,13.68,0.29,0.247,0.274,0.44,22.77,21.5,20.69,21.08,0.054,0.046,0.09,0.379,15.93,13.23,14.9,29.43,1.642,1.559,1.606,1.943,1.067,1.057,1.109,1.476
"2023-04-23 16:00:00",122,"Site 3",30.55886,-96.41177,75,13.71,0.289,0.246,0.274,0.439,22.68,21.72,20.91,21.04,0.054,0.046,0.09,0.379,15.88,13.16,14.9,29.4,1.641,1.557,1.606,1.943,1.067,1.057,1.11,1.476
"2023-04-23 17:00:00",123,"Site 3",30.55886,-96.41177,75,13.66,0.288,0.245,0.274,0.439,23.12,21.98,21.09,21.01,0.054,0.046,0.09,0.379,15.82,13.11,14.89,29.41,1.639,1.556,1.606,1.943,1.068,1.057,1.11,1.476
"2023-04-23 18:00:00",124,"Site 3",30.55886,-96.41177,75,13.66,0.288,0.244,0.274,0.439,23.18,22.17,21.27,20.99,0.054,0.046,0.09,0.376,15.78,13.04,14.89,29.41,1.638,1.554,1.606,1.943,1.068,1.058,1.111,1.472
"2023-04-23 19:00:00",125,"Site 3",30.55886,-96.41177,75,13.12,0.287,0.243,0.274,0.439,22.54,22.23,21.4,20.96,0.054,0.046,0.091,0.376,15.72,12.99,14.86,29.41,1.637,1.552,1.605,1.943,1.067,1.057,1.111,1.472
"2023-04-23 20:00:00",126,"Site 3",30.55886,-96.41177,75,12.73,0.287,0.243,0.273,0.439,21.3,21.81,21.48,20.95,0.053,0.046,0.091,0.378,15.74,12.98,14.85,29.41,1.637,1.552,1.605,1.943,1.066,1.057,1.111,1.475
"2023-04-23 21:00:00",127,"Site 3",30.55886,-96.41177,75,12.68,0.288,0.243,0.273,0.439,20.37,21.3,21.44,20.97,0.052,0.045,0.091,0.376,15.77,12.98,14.85,29.41,1.638,1.552,1.605,1.943,1.064,1.056,1.111,1.472
"2023-04-23 22:00:00",128,"Site 3",30.55886,-96.41177,75,12.65,0.288,0.243,0.274,0.439,19.8,20.83,21.28,20.97,0.051,0.045,0.091,0.378,15.77,12.98,14.89,29.41,1.638,1.552,1.606,1.943,1.063,1.055,1.111,1.475
"2023-04-23 23:00:00",129,"Site 3",30.55886,-96.41177,75,12.62,0.287,0.243,0.274,0.439,19.48,20.47,21.1,20.97,0.051,0.044,0.091,0.376,15.74,12.97,14.89,29.41,1.637,1.552,1.606,1.943,1.063,1.055,1.111,1.472
"2023-04-24 00:00:00",130,"Site 3",30.55886,-96.41177,75,12.59,0.287,0.242,0.273,0.439,19.21,20.23,20.93,20.98,0.05,0.044,0.09,0.376,15.73,12.94,14.85,29.37,1.637,1.551,1.605,1.942,1.062,1.054,1.111,1.472
"2023-04-24 01:00:00",131,"Site 3",30.55886,-96.41177,75,12.56,0.287,0.242,0.273,0.439,18.89,19.95,20.75,20.99,0.049,0.044,0.09,0.378,15.73,12.94,14.85,29.34,1.637,1.551,1.605,1.942,1.062,1.054,1.11,1.475
"2023-04-24 02:00:00",132,"Site 3",30.55886,-96.41177,75,12.53,0.286,0.242,0.274,0.439,18.66,19.71,20.57,20.97,0.049,0.043,0.09,0.378,15.69,12.91,14.87,29.34,1.636,1.55,1.605,1.942,1.061,1.053,1.11,1.475
"2023-04-24 03:00:00",133,"Site 3",30.55886,-96.41177,75,12.49,0.286,0.242,0.274,0.439,18.48,19.5,20.4,20.96,0.049,0.043,0.09,0.378,15.69,12.91,14.9,29.34,1.636,1.55,1.606,1.942,1.061,1.053,1.11,1.475
"2023-04-24 04:00:00",134,"Site 3",30.55886,-96.41177,75,12.46,0.286,0.241,0.274,0.439,18.25,19.32,20.25,20.95,0.048,0.042,0.089,0.378,15.69,12.88,14.9,29.35,1.636,1.549,1.606,1.942,1.06,1.053,1.109,1.474
"2023-04-24 05:00:00",135,"Site 3",30.55886,-96.41177,75,12.42,0.286,0.241,0.274,0.439,18.01,19.11,20.1,20.92,0.048,0.042,0.089,0.378,15.67,12.87,14.9,29.34,1.635,1.549,1.606,1.942,1.059,1.052,1.109,1.475
"2023-04-24 06:00:00",136,"Site 3",30.55886,-96.41177,75,12.37,0.286,0.24,0.274,0.439,17.78,18.91,19.96,20.9,0.047,0.042,0.089,0.378,15.65,12.84,14.9,29.35,1.634,1.548,1.606,1.942,1.059,1.052,1.109,1.474
"2023-04-24 07:00:00",137,"Site 3",30.55886,-96.41177,75,12.34,0.286,0.24,0.274,0.439,17.59,18.74,19.81,20.87,0.047,0.041,0.089,0.377,15.64,12.83,14.9,29.3,1.634,1.547,1.606,1.941,1.059,1.051,1.108,1.474
"2023-04-24 08:00:00",138,"Site 3",30.55886,-96.41177,75,12.41,0.285,0.24,0.274,0.438,17.49,18.58,19.65,20.81,0.047,0.041,0.088,0.374,15.61,12.83,14.9,29.29,1.633,1.547,1.606,1.941,1.058,1.051,1.108,1.47
"2023-04-24 09:00:00",139,"Site 3",30.55886,-96.41177,75,12.89,0.285,0.24,0.274,0.438,17.73,18.51,19.53,20.77,0.047,0.041,0.088,0.376,15.6,12.79,14.91,29.29,1.633,1.546,1.607,1.941,1.058,1.051,1.108,1.473
"2023-04-24 10:00:00",140,"Site 3",30.55886,-96.41177,75,13.29,0.284,0.239,0.275,0.438,18.47,18.67,19.43,20.73,0.047,0.041,0.088,0.376,15.54,12.77,14.94,29.29,1.631,1.545,1.607,1.941,1.059,1.051,1.108,1.472
"2023-04-24 11:00:00",141,"Site 3",30.55886,-96.41177,75,13.25,0.283,0.238,0.275,0.438,19.37,19.07,19.43,20.69,0.048,0.042,0.088,0.376,15.46,12.7,14.94,29.22,1.63,1.544,1.607,1.94,1.06,1.052,1.108,1.472
"2023-04-24 12:00:00",142,"Site 3",30.55886,-96.41177,75,13.43,0.282,0.237,0.275,0.438,19.68,19.38,19.5,20.63,0.048,0.042,0.088,0.375,15.42,12.66,14.94,29.23,1.628,1.542,1.607,1.94,1.06,1.052,1.108,1.471
"2023-04-24 13:00:00",143,"Site 3",30.55886,-96.41177,75,13.48,0.282,0.236,0.275,0.438,19.84,19.61,19.6,20.59,0.048,0.042,0.089,0.375,15.38,12.61,14.94,29.23,1.627,1.541,1.607,1.94,1.06,1.051,1.108,1.471
"2023-04-24 14:00:00",144,"Site 3",30.55886,-96.41177,75,13.68,0.281,0.236,0.275,0.438,20.58,19.82,19.68,20.55,0.049,0.042,0.089,0.372,15.32,12.57,14.94,29.23,1.626,1.54,1.607,1.94,1.061,1.052,1.109,1.468
"2023-04-24 15:00:00",145,"Site 3",30.55886,-96.41177,75,13.6,0.279,0.234,0.275,0.438,22.58,20.49,19.82,20.51,0.05,0.042,0.089,0.374,15.21,12.47,14.93,29.19,1.623,1.537,1.607,1.939,1.062,1.052,1.109,1.47
"2023-04-24 16:00:00",146,"Site 3",30.55886,-96.41177,75,13.56,0.276,0.232,0.274,0.438,25.23,21.76,20.1,20.46,0.052,0.043,0.089,0.374,15.04,12.35,14.9,29.17,1.619,1.534,1.606,1.938,1.065,1.054,1.109,1.469
"2023-04-24 17:00:00",147,"Site 3",30.55886,-96.41177,75,13.56,0.274,0.23,0.274,0.438,25.95,22.86,20.56,20.46,0.054,0.044,0.09,0.374,14.91,12.23,14.89,29.17,1.615,1.53,1.606,1.938,1.067,1.055,1.11,1.469
"2023-04-24 18:00:00",148,"Site 3",30.55886,-96.41177,75,13.55,0.274,0.228,0.274,0.438,25.17,23.23,21.04,20.44,0.053,0.044,0.091,0.374,14.86,12.12,14.86,29.17,1.614,1.527,1.605,1.938,1.067,1.055,1.111,1.469
"2023-04-24 19:00:00",149,"Site 3",30.55886,-96.41177,75,13.25,0.274,0.227,0.273,0.438,23.63,22.95,21.37,20.42,0.052,0.044,0.092,0.373,14.87,12.07,14.85,29.17,1.614,1.526,1.605,1.938,1.065,1.054,1.112,1.468
"2023-04-24 20:00:00",150,"Site 3",30.55886,-96.41177,75,12.75,0.274,0.226,0.273,0.438,22.5,22.48,21.51,20.45,0.051,0.043,0.092,0.371,14.87,12.04,14.84,29.17,1.614,1.525,1.605,1.938,1.064,1.054,1.113,1.466
"2023-04-24 21:00:00",151,"Site 3",30.55886,-96.41177,75,12.7,0.274,0.226,0.273,0.438,21.67,22,21.5,20.47,0.05,0.043,0.092,0.373,14.87,12.02,14.84,29.17,1.614,1.524,1.605,1.938,1.063,1.053,1.113,1.469
"2023-04-24 22:00:00",152,"Site 3",30.55886,-96.41177,75,12.67,0.274,0.226,0.273,0.438,21.17,21.61,21.42,20.52,0.05,0.042,0.092,0.374,14.87,12.01,14.84,29.17,1.614,1.524,1.605,1.938,1.062,1.053,1.112,1.47
"2023-04-24 23:00:00",153,"Site 3",30.55886,-96.41177,75,12.64,0.274,0.226,0.273,0.438,20.7,21.27,21.32,20.56,0.049,0.042,0.092,0.374,14.88,12.01,14.84,29.17,1.614,1.524,1.605,1.938,1.061,1.052,1.113,1.469
"2023-04-25 00:00:00",154,"Site 3",30.55886,-96.41177,75,12.61,0.274,0.225,0.273,0.438,20.3,20.96,21.18,20.59,0.049,0.041,0.092,0.374,14.88,11.97,14.84,29.17,1.614,1.523,1.605,1.938,1.061,1.051,1.112,1.47
"2023-04-25 01:00:00",155,"Site 3",30.55886,-96.41177,75,12.58,0.274,0.225,0.273,0.438,19.92,20.66,21.04,20.62,0.048,0.041,0.092,0.374,14.88,11.96,14.85,29.17,1.614,1.522,1.605,1.938,1.06,1.051,1.112,1.47
"2023-04-25 02:00:00",156,"Site 3",30.55886,-96.41177,75,12.55,0.274,0.225,0.273,0.438,19.5,20.39,20.87,20.63,0.047,0.041,0.091,0.374,14.87,11.94,14.85,29.17,1.614,1.521,1.605,1.938,1.059,1.051,1.112,1.47
"2023-04-25 03:00:00",157,"Site 3",30.55886,-96.41177,75,12.51,0.273,0.224,0.273,0.438,19.12,20.07,20.71,20.66,0.047,0.04,0.091,0.375,14.84,11.93,14.85,29.16,1.613,1.521,1.605,1.938,1.058,1.05,1.111,1.47
"2023-04-25 04:00:00",158,"Site 3",30.55886,-96.41177,75,12.48,0.273,0.224,0.273,0.438,19,19.85,20.53,20.66,0.046,0.04,0.091,0.374,14.84,11.9,14.85,29.17,1.613,1.52,1.605,1.938,1.058,1.05,1.111,1.47
"2023-04-25 05:00:00",159,"Site 3",30.55886,-96.41177,75,12.45,0.273,0.223,0.273,0.438,18.83,19.68,20.39,20.67,0.046,0.04,0.091,0.374,14.83,11.88,14.85,29.17,1.613,1.519,1.605,1.938,1.057,1.049,1.111,1.47
"2023-04-25 06:00:00",160,"Site 3",30.55886,-96.41177,75,12.41,0.273,0.223,0.274,0.438,18.71,19.53,20.25,20.67,0.046,0.04,0.09,0.375,14.8,11.87,14.88,29.16,1.612,1.519,1.606,1.938,1.057,1.049,1.11,1.471
"2023-04-25 07:00:00",161,"Site 3",30.55886,-96.41177,75,12.38,0.273,0.223,0.274,0.438,18.58,19.37,20.11,20.65,0.045,0.039,0.09,0.374,14.8,11.84,14.89,29.17,1.612,1.518,1.606,1.938,1.056,1.048,1.11,1.47
"2023-04-25 08:00:00",162,"Site 3",30.55886,-96.41177,75,12.39,0.272,0.223,0.274,0.438,18.59,19.28,20.01,20.63,0.045,0.039,0.09,0.372,14.76,11.83,14.9,29.17,1.611,1.518,1.606,1.938,1.056,1.049,1.11,1.467
"2023-04-25 09:00:00",163,"Site 3",30.55886,-96.41177,75,12.4,0.272,0.222,0.274,0.437,18.75,19.25,19.89,20.62,0.045,0.039,0.09,0.372,14.75,11.8,14.9,29.13,1.61,1.517,1.606,1.938,1.056,1.048,1.11,1.467
"2023-04-25 10:00:00",164,"Site 3",30.55886,-96.41177,75,12.63,0.271,0.222,0.274,0.437,18.95,19.3,19.82,20.59,0.045,0.039,0.09,0.374,14.72,11.78,14.9,29.1,1.61,1.516,1.606,1.937,1.056,1.048,1.11,1.47
"2023-04-25 11:00:00",165,"Site 3",30.55886,-96.41177,75,13.01,0.271,0.221,0.274,0.437,19.66,19.46,19.78,20.57,0.046,0.039,0.09,0.374,14.69,11.74,14.9,29.1,1.609,1.515,1.606,1.937,1.057,1.048,1.11,1.47
"2023-04-25 12:00:00",166,"Site 3",30.55886,-96.41177,75,13.2,0.27,0.22,0.274,0.437,20.21,19.79,19.82,20.54,0.046,0.039,0.09,0.374,14.63,11.7,14.9,29.1,1.607,1.514,1.606,1.937,1.057,1.048,1.11,1.469
"2023-04-25 13:00:00",167,"Site 3",30.55886,-96.41177,75,13.56,0.269,0.219,0.274,0.437,21.96,20.25,19.91,20.51,0.047,0.039,0.09,0.373,14.54,11.65,14.89,29.11,1.605,1.513,1.606,1.937,1.059,1.049,1.11,1.469
"2023-04-25 14:00:00",168,"Site 3",30.55886,-96.41177,75,13.52,0.267,0.218,0.274,0.437,24.39,21.48,20.12,20.49,0.049,0.04,0.09,0.373,14.41,11.56,14.89,29.11,1.602,1.51,1.606,1.937,1.061,1.05,1.11,1.469
"2023-04-25 15:00:00",169,"Site 3",30.55886,-96.41177,75,13.53,0.265,0.216,0.274,0.437,25.34,22.51,20.52,20.45,0.05,0.041,0.091,0.37,14.3,11.44,14.88,29.07,1.599,1.507,1.606,1.937,1.063,1.051,1.111,1.465
"2023-04-25 16:00:00",170,"Site 3",30.55886,-96.41177,75,13.53,0.263,0.214,0.273,0.437,25.99,23.26,20.96,20.43,0.051,0.041,0.091,0.372,14.2,11.34,14.85,29.05,1.596,1.504,1.605,1.936,1.063,1.051,1.112,1.468
"2023-04-25 17:00:00",171,"Site 3",30.55886,-96.41177,75,13.02,0.263,0.213,0.273,0.437,24.77,23.45,21.39,20.44,0.05,0.041,0.092,0.372,14.2,11.28,14.84,29.05,1.596,1.502,1.605,1.936,1.063,1.051,1.113,1.468
"2023-04-25 18:00:00",172,"Site 3",30.55886,-96.41177,75,12.81,0.263,0.212,0.273,0.437,23.47,23.03,21.66,20.45,0.049,0.041,0.093,0.372,14.2,11.25,14.81,29.05,1.596,1.501,1.604,1.936,1.062,1.051,1.113,1.468
"2023-04-25 19:00:00",173,"Site 3",30.55886,-96.41177,75,12.83,0.263,0.211,0.273,0.437,22.73,22.62,21.73,20.47,0.049,0.041,0.093,0.373,14.21,11.22,14.8,29.04,1.596,1.5,1.604,1.936,1.061,1.051,1.113,1.468
"2023-04-25 20:00:00",174,"Site 3",30.55886,-96.41177,75,12.7,0.263,0.211,0.273,0.437,22.15,22.27,21.72,20.5,0.048,0.04,0.093,0.373,14.21,11.21,14.8,29.04,1.596,1.5,1.604,1.936,1.06,1.05,1.113,1.468
"2023-04-25 21:00:00",175,"Site 3",30.55886,-96.41177,75,12.66,0.263,0.211,0.273,0.437,21.59,21.92,21.64,20.53,0.047,0.04,0.093,0.371,14.21,11.18,14.8,29.05,1.596,1.499,1.604,1.936,1.059,1.049,1.113,1.466
"2023-04-25 22:00:00",176,"Site 3",30.55886,-96.41177,75,12.63,0.263,0.211,0.273,0.437,21.16,21.58,21.55,20.57,0.047,0.039,0.092,0.374,14.21,11.19,14.8,29.06,1.596,1.499,1.604,1.937,1.058,1.049,1.113,1.469
"2023-04-25 23:00:00",177,"Site 3",30.55886,-96.41177,75,12.6,0.263,0.21,0.273,0.437,20.93,21.33,21.42,20.61,0.046,0.039,0.092,0.374,14.21,11.15,14.8,29.1,1.596,1.498,1.604,1.937,1.058,1.048,1.113,1.47
"2023-04-26 00:00:00",178,"Site 3",30.55886,-96.41177,75,12.56,0.263,0.21,0.273,0.437,20.71,21.14,21.3,20.64,0.046,0.039,0.092,0.374,14.2,11.15,14.8,29.1,1.596,1.498,1.604,1.937,1.057,1.048,1.112,1.47
"2023-04-26 01:00:00",179,"Site 3",30.55886,-96.41177,75,12.53,0.262,0.21,0.273,0.437,20.6,21,21.19,20.69,0.046,0.039,0.092,0.374,14.13,11.13,14.8,29.1,1.594,1.497,1.604,1.937,1.057,1.048,1.112,1.47
"2023-04-26 02:00:00",180,"Site 3",30.55886,-96.41177,75,12.5,0.262,0.21,0.273,0.437,20.52,20.88,21.07,20.71,0.045,0.038,0.091,0.374,14.13,11.12,14.8,29.1,1.594,1.497,1.604,1.937,1.057,1.047,1.112,1.47
"2023-04-26 03:00:00",181,"Site 3",30.55886,-96.41177,75,12.47,0.262,0.209,0.273,0.437,20.4,20.75,20.99,20.72,0.045,0.038,0.091,0.374,14.11,11.08,14.8,29.1,1.593,1.495,1.604,1.937,1.056,1.047,1.112,1.47
"2023-04-26 04:00:00",182,"Site 3",30.55886,-96.41177,75,12.43,0.261,0.209,0.273,0.437,20.4,20.69,20.92,20.73,0.045,0.038,0.091,0.374,14.09,11.08,14.8,29.1,1.593,1.495,1.604,1.937,1.056,1.047,1.111,1.47
"2023-04-26 05:00:00",183,"Site 3",30.55886,-96.41177,75,12.4,0.261,0.208,0.273,0.437,20.3,20.64,20.84,20.73,0.045,0.038,0.091,0.374,14.09,11.04,14.81,29.1,1.593,1.494,1.604,1.937,1.056,1.047,1.111,1.47
"2023-04-26 06:00:00",184,"Site 3",30.55886,-96.41177,75,12.38,0.262,0.209,0.273,0.437,20.19,20.55,20.79,20.73,0.045,0.038,0.091,0.372,14.16,11.1,14.8,29.11,1.594,1.496,1.604,1.937,1.056,1.047,1.111,1.467
"2023-04-26 07:00:00",185,"Site 3",30.55886,-96.41177,75,12.36,0.263,0.21,0.273,0.437,20.12,20.46,20.72,20.73,0.045,0.038,0.091,0.374,14.22,11.15,14.83,29.1,1.596,1.498,1.605,1.937,1.056,1.047,1.111,1.47
"2023-04-26 08:00:00",186,"Site 3",30.55886,-96.41177,75,12.39,0.263,0.21,0.274,0.437,20.17,20.41,20.66,20.72,0.045,0.038,0.091,0.374,14.22,11.15,14.88,29.1,1.596,1.498,1.606,1.937,1.056,1.047,1.111,1.47
"2023-04-26 09:00:00",187,"Site 3",30.55886,-96.41177,75,12.36,0.263,0.21,0.274,0.437,20.36,20.45,20.6,20.73,0.045,0.038,0.091,0.374,14.22,11.16,14.89,29.1,1.596,1.498,1.606,1.937,1.056,1.047,1.111,1.47
"2023-04-26 10:00:00",188,"Site 3",30.55886,-96.41177,75,12.7,0.263,0.21,0.274,0.437,20.65,20.52,20.6,20.71,0.045,0.038,0.091,0.374,14.2,11.15,14.89,29.04,1.596,1.498,1.606,1.936,1.056,1.047,1.111,1.47
"2023-04-26 11:00:00",189,"Site 3",30.55886,-96.41177,75,12.99,0.262,0.21,0.274,0.437,21.49,20.79,20.59,20.69,0.046,0.038,0.09,0.374,14.13,11.12,14.86,29.04,1.594,1.497,1.605,1.936,1.057,1.047,1.111,1.47
"2023-04-26 12:00:00",190,"Site 3",30.55886,-96.41177,75,13.27,0.261,0.209,0.274,0.437,22.56,21.27,20.68,20.68,0.046,0.038,0.091,0.374,14.09,11.1,14.86,29.04,1.593,1.496,1.605,1.936,1.058,1.048,1.111,1.47
"2023-04-26 13:00:00",191,"Site 3",30.55886,-96.41177,75,13.32,0.26,0.209,0.274,0.437,23.58,21.89,20.86,20.67,0.047,0.039,0.091,0.374,14.03,11.06,14.89,29.04,1.591,1.495,1.606,1.936,1.059,1.048,1.111,1.469
"2023-04-26 14:00:00",192,"Site 3",30.55886,-96.41177,75,13.64,0.26,0.209,0.274,0.437,24.72,22.56,21.11,20.66,0.048,0.039,0.091,0.372,14.04,11.06,14.89,29.05,1.591,1.495,1.606,1.936,1.06,1.049,1.111,1.467
"2023-04-26 15:00:00",193,"Site 3",30.55886,-96.41177,75,13.44,0.259,0.208,0.274,0.437,27.36,23.54,21.42,20.66,0.051,0.04,0.092,0.374,13.97,11.03,14.87,29.04,1.59,1.494,1.606,1.936,1.063,1.05,1.112,1.469
"2023-04-26 16:00:00",194,"Site 3",30.55886,-96.41177,75,13.41,0.257,0.206,0.273,0.437,28.55,24.95,21.91,20.68,0.052,0.041,0.093,0.374,13.84,10.94,14.81,29.04,1.586,1.492,1.604,1.936,1.065,1.051,1.113,1.469
"2023-04-26 17:00:00",195,"Site 3",30.55886,-96.41177,75,13.41,0.256,0.205,0.273,0.437,28.24,25.46,22.46,20.67,0.052,0.042,0.094,0.374,13.78,10.87,14.8,29.04,1.585,1.489,1.604,1.936,1.065,1.052,1.114,1.469
"2023-04-26 18:00:00",196,"Site 3",30.55886,-96.41177,75,13.46,0.255,0.204,0.272,0.437,27.6,25.58,22.89,20.71,0.052,0.042,0.094,0.374,13.73,10.82,14.75,29.04,1.583,1.488,1.603,1.936,1.065,1.052,1.115,1.47
"2023-04-26 19:00:00",197,"Site 3",30.55886,-96.41177,75,13.06,0.255,0.203,0.272,0.437,26.8,25.43,23.17,20.75,0.052,0.042,0.095,0.373,13.7,10.77,14.74,29.04,1.582,1.486,1.602,1.936,1.064,1.052,1.116,1.469
"2023-04-26 20:00:00",198,"Site 3",30.55886,-96.41177,75,12.77,0.255,0.202,0.271,0.437,25.54,25.05,23.34,20.8,0.051,0.041,0.095,0.374,13.71,10.73,14.71,29.04,1.582,1.485,1.602,1.936,1.063,1.051,1.116,1.47
"2023-04-26 21:00:00",199,"Site 3",30.55886,-96.41177,75,12.72,0.255,0.202,0.271,0.437,24.66,24.52,23.35,20.86,0.05,0.041,0.094,0.373,13.71,10.74,14.71,29.04,1.582,1.485,1.602,1.936,1.062,1.051,1.115,1.468
"2023-04-26 22:00:00",200,"Site 3",30.55886,-96.41177,75,12.69,0.256,0.202,0.271,0.437,24.12,24.1,23.29,20.94,0.049,0.04,0.095,0.375,13.75,10.74,14.71,29.08,1.584,1.485,1.602,1.937,1.061,1.05,1.116,1.471
"2023-04-26 23:00:00",201,"Site 3",30.55886,-96.41177,75,12.64,0.275,0.214,0.273,0.437,23.17,23.7,23.2,21.01,0.051,0.042,0.095,0.376,14.98,11.37,14.83,29.1,1.617,1.504,1.605,1.937,1.064,1.052,1.117,1.472
"2023-04-27 00:00:00",202,"Site 3",30.55886,-96.41177,75,12.6,0.317,0.253,0.281,0.437,21.89,22.93,23.02,21.09,0.058,0.047,0.098,0.377,17.8,13.56,15.34,29.1,1.689,1.568,1.618,1.937,1.072,1.059,1.12,1.473
"2023-04-27 01:00:00",203,"Site 3",30.55886,-96.41177,75,12.56,0.317,0.256,0.282,0.437,21.59,22.43,22.77,21.14,0.059,0.047,0.098,0.377,17.78,13.75,15.41,29.1,1.689,1.574,1.62,1.937,1.073,1.059,1.12,1.474
"2023-04-27 02:00:00",204,"Site 3",30.55886,-96.41177,75,12.54,0.324,0.264,0.284,0.438,20.91,21.98,22.52,21.2,0.059,0.048,0.097,0.377,18.37,14.24,15.51,29.28,1.703,1.587,1.623,1.941,1.074,1.059,1.119,1.474
"2023-04-27 03:00:00",205,"Site 3",30.55886,-96.41177,75,12.51,0.327,0.266,0.284,0.444,20.45,21.48,22.22,21.25,0.058,0.048,0.096,0.386,18.54,14.36,15.53,30.02,1.708,1.59,1.623,1.954,1.072,1.059,1.118,1.484
"2023-04-27 04:00:00",206,"Site 3",30.55886,-96.41177,75,12.48,0.327,0.266,0.284,0.446,20.32,21.19,21.96,21.3,0.057,0.047,0.096,0.386,18.57,14.38,15.53,30.18,1.708,1.591,1.623,1.957,1.071,1.059,1.117,1.485
"2023-04-27 05:00:00",207,"Site 3",30.55886,-96.41177,75,12.45,0.327,0.265,0.284,0.446,20.19,20.96,21.72,21.31,0.057,0.047,0.095,0.386,18.54,14.32,15.52,30.25,1.708,1.589,1.623,1.958,1.071,1.058,1.116,1.485
"2023-04-27 06:00:00",208,"Site 3",30.55886,-96.41177,75,12.43,0.326,0.264,0.283,0.446,20.1,20.83,21.53,21.32,0.057,0.047,0.094,0.389,18.5,14.25,15.49,30.22,1.706,1.587,1.622,1.958,1.071,1.058,1.115,1.488
"2023-04-27 07:00:00",209,"Site 3",30.55886,-96.41177,75,12.39,0.325,0.264,0.283,0.446,19.88,20.67,21.37,21.31,0.057,0.047,0.094,0.389,18.43,14.23,15.49,30.2,1.705,1.587,1.622,1.958,1.071,1.058,1.115,1.489
"2023-04-27 08:00:00",210,"Site 3",30.55886,-96.41177,75,12.44,0.325,0.263,0.283,0.446,19.94,20.56,21.23,21.3,0.057,0.046,0.093,0.388,18.39,14.22,15.48,30.2,1.704,1.587,1.622,1.958,1.072,1.058,1.114,1.488
"2023-04-27 09:00:00",211,"Site 3",30.55886,-96.41177,75,12.48,0.323,0.262,0.283,0.446,20.24,20.56,21.09,21.29,0.058,0.046,0.094,0.388,18.29,14.11,15.45,30.2,1.701,1.584,1.621,1.958,1.072,1.058,1.114,1.488
"2023-04-27 10:00:00",212,"Site 3",30.55886,-96.41177,75,12.98,0.319,0.261,0.283,0.446,20.72,20.67,21.02,21.27,0.059,0.047,0.093,0.388,17.98,14.07,15.45,30.2,1.694,1.582,1.621,1.958,1.073,1.058,1.114,1.488
"2023-04-27 11:00:00",213,"Site 3",30.55886,-96.41177,75,12.93,0.317,0.261,0.283,0.446,21.41,20.98,21.02,21.24,0.059,0.047,0.093,0.388,17.81,14.07,15.45,30.2,1.69,1.582,1.621,1.958,1.074,1.059,1.114,1.488
"2023-04-27 12:00:00",214,"Site 3",30.55886,-96.41177,75,13.4,0.315,0.26,0.283,0.445,21.86,21.28,21.07,21.22,0.06,0.047,0.093,0.385,17.7,14.02,15.45,30.14,1.687,1.581,1.621,1.957,1.075,1.059,1.114,1.484
"2023-04-27 13:00:00",215,"Site 3",30.55886,-96.41177,75,13.59,0.314,0.259,0.283,0.445,22.95,21.69,21.17,21.19,0.061,0.048,0.094,0.387,17.58,13.95,15.45,30.14,1.684,1.579,1.621,1.957,1.076,1.06,1.115,1.487
"2023-04-27 14:00:00",216,"Site 3",30.55886,-96.41177,75,13.53,0.31,0.257,0.283,0.445,25.99,22.71,21.37,21.15,0.064,0.049,0.094,0.385,17.35,13.84,15.45,30.14,1.678,1.576,1.621,1.957,1.079,1.061,1.115,1.483
"2023-04-27 15:00:00",217,"Site 3",30.55886,-96.41177,75,13.51,0.306,0.255,0.282,0.445,28.36,24.38,21.78,21.14,0.066,0.051,0.095,0.387,17.05,13.7,15.43,30.14,1.671,1.573,1.62,1.957,1.082,1.063,1.116,1.486
"2023-04-27 16:00:00",218,"Site 3",30.55886,-96.41177,75,13.49,0.303,0.252,0.282,0.445,29.33,25.55,22.39,21.12,0.068,0.052,0.096,0.386,16.84,13.55,15.4,30.08,1.666,1.568,1.62,1.955,1.084,1.064,1.117,1.485
"2023-04-27 17:00:00",219,"Site 3",30.55886,-96.41177,75,13.49,0.301,0.251,0.281,0.444,29.2,26.17,22.98,21.12,0.068,0.052,0.097,0.385,16.68,13.46,15.37,30.02,1.662,1.566,1.619,1.954,1.085,1.065,1.118,1.484
"2023-04-27 18:00:00",220,"Site 3",30.55886,-96.41177,75,13.49,0.3,0.249,0.281,0.444,28.27,26.29,23.48,21.14,0.067,0.053,0.097,0.386,16.59,13.37,15.32,30.02,1.66,1.564,1.618,1.954,1.084,1.065,1.119,1.485
"2023-04-27 19:00:00",221,"Site 3",30.55886,-96.41177,75,13.19,0.3,0.249,0.281,0.444,26.53,25.86,23.77,21.17,0.066,0.052,0.098,0.383,16.58,13.36,15.3,30.02,1.659,1.563,1.617,1.954,1.082,1.065,1.12,1.481
"2023-04-27 20:00:00",222,"Site 3",30.55886,-96.41177,75,12.75,0.3,0.249,0.281,0.444,24.95,25.14,23.85,21.23,0.064,0.052,0.098,0.386,16.58,13.37,15.31,30.02,1.659,1.564,1.617,1.954,1.08,1.064,1.12,1.485
"2023-04-27 21:00:00",223,"Site 3",30.55886,-96.41177,75,12.69,0.3,0.25,0.281,0.444,23.71,24.41,23.79,21.28,0.063,0.051,0.099,0.386,16.58,13.41,15.3,30.02,1.659,1.565,1.617,1.954,1.078,1.064,1.121,1.485
"2023-04-27 22:00:00",224,"Site 3",30.55886,-96.41177,75,12.65,0.3,0.25,0.281,0.444,22.71,23.72,23.61,21.34,0.061,0.051,0.098,0.386,16.59,13.41,15.31,30.02,1.659,1.565,1.617,1.954,1.075,1.063,1.12,1.485
"2023-04-27 23:00:00",225,"Site 3",30.55886,-96.41177,75,12.61,0.3,0.251,0.281,0.444,21.96,23.1,23.34,21.41,0.059,0.05,0.098,0.386,16.59,13.47,15.31,30.02,1.659,1.566,1.617,1.954,1.074,1.062,1.12,1.485
"2023-04-28 00:00:00",226,"Site 3",30.55886,-96.41177,75,12.58,0.3,0.251,0.281,0.444,21.33,22.55,23.07,21.47,0.058,0.05,0.097,0.387,16.59,13.49,15.31,30.02,1.659,1.567,1.617,1.954,1.073,1.062,1.119,1.486
"2023-04-28 01:00:00",227,"Site 3",30.55886,-96.41177,75,12.55,0.3,0.251,0.281,0.444,20.79,22.08,22.78,21.52,0.057,0.049,0.097,0.385,16.59,13.49,15.31,30.02,1.659,1.567,1.617,1.954,1.071,1.061,1.119,1.483
"2023-04-28 02:00:00",228,"Site 3",30.55886,-96.41177,75,12.52,0.299,0.252,0.281,0.444,20.34,21.63,22.48,21.59,0.057,0.049,0.097,0.385,16.57,13.5,15.31,30.02,1.659,1.567,1.617,1.954,1.07,1.06,1.118,1.483
"2023-04-28 03:00:00",229,"Site 3",30.55886,-96.41177,75,12.5,0.299,0.252,0.281,0.444,20.01,21.3,22.21,21.59,0.056,0.048,0.096,0.387,16.55,13.53,15.31,30.01,1.658,1.568,1.617,1.954,1.07,1.06,1.118,1.487
"2023-04-28 04:00:00",230,"Site 3",30.55886,-96.41177,75,12.46,0.299,0.252,0.281,0.444,19.67,20.97,21.95,21.62,0.055,0.048,0.096,0.387,16.56,13.53,15.31,30.01,1.658,1.568,1.617,1.954,1.068,1.06,1.117,1.487
"2023-04-28 05:00:00",231,"Site 3",30.55886,-96.41177,75,12.43,0.299,0.252,0.281,0.444,19.34,20.63,21.71,21.64,0.054,0.048,0.096,0.387,16.51,13.53,15.34,29.95,1.657,1.568,1.618,1.953,1.067,1.059,1.117,1.486
"2023-04-28 06:00:00",232,"Site 3",30.55886,-96.41177,75,12.39,0.299,0.252,0.281,0.444,19.06,20.35,21.45,21.6,0.053,0.047,0.095,0.384,16.51,13.53,15.36,29.96,1.657,1.568,1.619,1.953,1.067,1.058,1.116,1.483
"2023-04-28 07:00:00",233,"Site 3",30.55886,-96.41177,75,12.37,0.299,0.252,0.281,0.443,18.75,20.05,21.24,21.59,0.053,0.047,0.095,0.387,16.52,13.54,15.36,29.91,1.657,1.568,1.619,1.952,1.066,1.058,1.116,1.486
"2023-04-28 08:00:00",234,"Site 3",30.55886,-96.41177,75,12.46,0.298,0.252,0.281,0.443,18.67,19.81,21.01,21.55,0.052,0.047,0.094,0.386,16.5,13.54,15.36,29.89,1.657,1.568,1.619,1.952,1.065,1.058,1.115,1.485
"2023-04-28 09:00:00",235,"Site 3",30.55886,-96.41177,75,12.71,0.298,0.252,0.282,0.443,19.15,19.79,20.81,21.53,0.053,0.046,0.094,0.381,16.47,13.5,15.38,29.88,1.656,1.567,1.619,1.952,1.065,1.058,1.115,1.478
"2023-04-28 10:00:00",236,"Site 3",30.55886,-96.41177,75,13.14,0.297,0.252,0.282,0.443,20.12,20.04,20.68,21.49,0.053,0.047,0.094,0.385,16.43,13.5,15.41,29.83,1.655,1.567,1.62,1.951,1.066,1.058,1.115,1.484
"2023-04-28 11:00:00",237,"Site 3",30.55886,-96.41177,75,13.55,0.296,0.25,0.282,0.443,21.6,20.57,20.67,21.44,0.054,0.047,0.094,0.384,16.36,13.43,15.41,29.81,1.653,1.565,1.62,1.951,1.068,1.059,1.115,1.483
"2023-04-28 12:00:00",238,"Site 3",30.55886,-96.41177,75,13.55,0.295,0.25,0.282,0.442,23.61,21.5,20.81,21.38,0.056,0.048,0.094,0.382,16.27,13.38,15.41,29.77,1.651,1.564,1.62,1.95,1.069,1.06,1.115,1.48
