"TOA5","3","CR300","7201","CR300.Std.07.00","CPU:Site 3 (Field).CR300","40338","DrillDrop"
"TIMESTAMP","RECORD","station","latitude","longitude","altitude","BattV","DD_5_VWC_Avg","DD_15_VWC_Avg","DD_25_VWC_Avg","DD_35_VWC_Avg","DD_45_VWC_Avg","DD_55_VWC_Avg","DD_5_Temp_Avg","DD_15_Temp_Avg","DD_25_Temp_Avg","DD_35_Temp_Avg","DD_45_Temp_Avg","DD_55_Temp_Avg","DD_5_Sal_Avg","DD_15_Sal_Avg","DD_25_Sal_Avg","DD_35_Sal_Avg","DD_45_Sal_Avg","DD_55_Sal_Avg"
"TS","RN","name","decdegrees","decdegrees","m","Volts","%","%","%","%","%","%","Deg C","Deg C","Deg C","Deg C","Deg C","Deg C","VIC","VIC","VIC","VIC","VIC","VIC"
"","","Smp","Smp","Smp","Smp","Smp","Avg","Avg","Avg","Avg","Avg","Avg","Avg","Avg","Avg","Avg","Avg","Avg","Avg","Avg","Avg","Avg","Avg","Avg"
"2023-04-18 13:00:00",0,"Site 3",30.55886,-96.41177,75,13.54,3.173,19.8,28.3,35.08,38.69,41.03,20.31,19.36,19.65,18.75,18.81,18.99,814,1209,1273,1267,1467,1682
"2023-04-18 14:00:00",1,"Site 3",30.55886,-96.41177,75,13.55,3.165,19.77,28.29,35.07,38.7,41.05,20.85,19.51,19.64,18.73,18.78,18.88,818,1210,1273,1266,1466,1682
"2023-04-18 15:00:00",2,"Site 3",30.55886,-96.41177,75,13.51,3.142,19.71,28.29,35.05,38.69,41.04,21.56,19.85,19.65,18.7,18.72,18.86,826,1212,1273,1265,1466,1681
"2023-04-18 16:00:00",3,"Site 3",30.55886,-96.41177,75,13.51,3.117,19.63,28.28,35.04,38.7,41.04,22.37,20.24,19.81,18.68,18.63,18.83,831,1214,1273,1266,1466,1681
"2023-04-18 17:00:00",4,"Site 3",30.55886,-96.41177,75,13.48,3.095,19.56,28.26,35.04,38.69,41.03,22.93,20.61,19.99,18.72,18.61,18.82,835,1217,1274,1268,1466,1681
"2023-04-18 18:00:00",5,"Site 3",30.55886,-96.41177,75,13.49,3.084,19.47,28.25,35.05,38.69,41.03,23.02,20.93,20.19,18.72,18.64,18.81,838,1220,1275,1270,1465,1680
"2023-04-18 19:00:00",6,"Site 3",30.55886,-96.41177,75,12.93,3.068,19.41,28.24,35.05,38.69,41.02,22.99,21.19,20.42,18.8,18.67,18.81,837,1220,1277,1270,1466,1681
"2023-04-18 20:00:00",7,"Site 3",30.55886,-96.41177,75,12.75,3.077,19.33,28.24,35.05,38.68,41.02,22.41,21.22,20.56,18.95,18.63,18.81,835,1220,1277,1270,1467,1681
"2023-04-18 21:00:00",8,"Site 3",30.55886,-96.41177,75,12.69,3.081,19.29,28.23,35.05,38.66,41.01,21.88,21.24,20.68,19.01,18.77,18.81,833,1220,1278,1271,1467,1682
"2023-04-18 22:00:00",9,"Site 3",30.55886,-96.41177,75,12.64,3.093,19.26,28.24,35.04,38.66,41.02,21.4,21.07,20.7,19.1,18.81,18.81,830,1219,1278,1271,1467,1682
"2023-04-18 23:00:00",10,"Site 3",30.55886,-96.41177,75,12.59,3.099,19.22,28.23,35.05,38.68,41.03,20.97,20.94,20.68,19.11,18.81,18.82,828,1218,1278,1270,1467,1682
"2023-04-19 00:00:00",11,"Site 3",30.55886,-96.41177,75,12.54,3.105,19.21,28.21,35.08,38.69,41.03,20.64,20.77,20.68,19.13,18.81,18.83,825,1217,1278,1272,1468,1682
"2023-04-19 01:00:00",12,"Site 3",30.55886,-96.41177,75,12.49,3.115,19.19,28.2,35.08,38.7,41.04,20.31,20.57,20.63,19.13,18.84,18.83,824,1216,1278,1272,1468,1683
"2023-04-19 02:00:00",13,"Site 3",30.55886,-96.41177,75,12.46,3.119,19.18,28.21,35.07,38.7,41.04,20.06,20.4,20.49,19.15,18.92,18.88,822,1216,1277,1273,1468,1683
"2023-04-19 03:00:00",14,"Site 3",30.55886,-96.41177,75,12.44,3.125,19.17,28.19,35.08,38.68,41.03,19.87,20.23,20.47,19.12,18.92,18.93,819,1215,1277,1273,1468,1683
"2023-04-19 04:00:00",15,"Site 3",30.55886,-96.41177,75,12.42,3.128,19.15,28.2,35.07,38.69,41.02,19.79,20.11,20.4,19.15,18.93,18.94,819,1214,1276,1273,1468,1683
"2023-04-19 05:00:00",16,"Site 3",30.55886,-96.41177,75,12.4,3.135,19.13,28.18,35.07,38.67,41,19.61,19.93,20.26,19.11,18.95,18.95,819,1214,1275,1273,1468,1683
"2023-04-19 06:00:00",17,"Site 3",30.55886,-96.41177,75,12.39,3.134,19.12,28.18,35.04,38.68,41.01,19.53,19.82,20.2,19.1,18.91,18.98,819,1214,1274,1272,1468,1683
"2023-04-19 07:00:00",18,"Site 3",30.55886,-96.41177,75,12.37,3.139,19.1,28.18,35.05,38.69,41.02,19.59,19.78,20.06,19.01,18.94,18.98,820,1213,1274,1272,1468,1683
"2023-04-19 08:00:00",19,"Site 3",30.55886,-96.41177,75,12.39,3.148,19.1,28.16,35.07,38.69,41,19.55,19.67,20.04,18.92,18.89,19.01,822,1213,1274,1272,1467,1682
"2023-04-19 09:00:00",20,"Site 3",30.55886,-96.41177,75,12.48,3.145,19.09,28.15,35.06,38.69,41,19.72,19.66,19.98,18.88,18.87,19,823,1213,1274,1272,1467,1682
"2023-04-19 10:00:00",21,"Site 3",30.55886,-96.41177,75,13.01,3.146,19.09,28.16,35.05,38.69,41,19.92,19.65,19.9,18.92,18.85,19,825,1213,1273,1271,1467,1682
"2023-04-19 11:00:00",22,"Site 3",30.55886,-96.41177,75,13.25,3.134,19.08,28.16,35.03,38.68,41.01,20.46,19.78,19.87,18.87,18.81,19,829,1214,1273,1271,1466,1682
"2023-04-19 12:00:00",23,"Site 3",30.55886,-96.41177,75,13.45,3.115,19.07,28.15,35.02,38.67,41,21.15,19.92,19.91,18.92,18.81,18.95,834,1214,1273,1271,1467,1681
"2023-04-19 13:00:00",24,"Site 3",30.55886,-96.41177,75,13.5,3.095,19.02,28.13,35.03,38.67,40.99,21.71,20.21,20.02,18.81,18.81,18.92,841,1217,1273,1272,1466,1681
"2023-04-19 14:00:00",25,"Site 3",30.55886,-96.41177,75,13.49,3.067,18.98,28.12,35,38.66,41,22.63,20.52,20.08,18.88,18.81,18.93,848,1219,1273,1273,1466,1680
"2023-04-19 15:00:00",26,"Site 3",30.55886,-96.41177,75,13.44,3.025,18.92,28.1,35,38.65,41.01,23.81,20.97,20.27,18.89,18.83,18.97,857,1221,1274,1272,1466,1680
"2023-04-19 16:00:00",27,"Site 3",30.55886,-96.41177,75,13.44,2.996,18.84,28.09,35.01,38.65,41,24.65,21.48,20.5,18.94,18.81,18.91,866,1224,1274,1271,1466,1679
"2023-04-19 17:00:00",28,"Site 3",30.55886,-96.41177,75,13.44,2.988,18.77,28.07,34.99,38.66,41,24.99,21.94,20.75,19.01,18.82,18.88,874,1226,1276,1272,1466,1680
"2023-04-19 18:00:00",29,"Site 3",30.55886,-96.41177,75,13.47,2.993,18.69,28.06,34.98,38.66,40.99,24.89,22.22,21.01,19.13,18.82,18.85,878,1227,1277,1273,1466,1680
"2023-04-19 19:00:00",30,"Site 3",30.55886,-96.41177,75,13.46,2.987,18.6,28.05,34.98,38.68,40.99,24.75,22.38,21.25,19.29,18.82,18.92,880,1228,1278,1273,1467,1681
"2023-04-19 20:00:00",31,"Site 3",30.55886,-96.41177,75,12.77,2.999,18.52,28.04,35.01,38.66,40.98,24.25,22.55,21.44,19.39,18.95,18.95,878,1229,1280,1275,1468,1681
"2023-04-19 21:00:00",32,"Site 3",30.55886,-96.41177,75,12.71,3.015,18.47,28.03,35.01,38.65,40.97,23.56,22.48,21.53,19.52,19.02,19,874,1228,1280,1276,1468,1682
"2023-04-19 22:00:00",33,"Site 3",30.55886,-96.41177,75,12.66,3.043,18.42,28.03,35.01,38.67,40.98,22.98,22.32,21.67,19.62,19.07,19.01,870,1228,1281,1278,1468,1682
"2023-04-19 23:00:00",34,"Site 3",30.55886,-96.41177,75,12.63,3.07,18.39,28.03,35.02,38.66,40.99,22.43,22.07,21.67,19.75,19.17,19.01,868,1227,1281,1278,1469,1683
"2023-04-20 00:00:00",35,"Site 3",30.55886,-96.41177,75,12.6,3.094,18.36,28.03,35.03,38.66,41,22.02,21.89,21.57,19.74,19.23,19.01,866,1226,1280,1278,1469,1683
"2023-04-20 01:00:00",36,"Site 3",30.55886,-96.41177,75,12.58,3.117,18.32,28.02,35.04,38.67,41,21.77,21.73,21.5,19.75,19.24,19.07,865,1225,1279,1278,1469,1683
"2023-04-20 02:00:00",37,"Site 3",30.55886,-96.41177,75,12.55,3.136,18.29,28.01,35.03,38.68,41,21.63,21.59,21.48,19.82,19.3,19.14,864,1225,1279,1279,1469,1684
"2023-04-20 03:00:00",38,"Site 3",30.55886,-96.41177,75,12.52,3.132,18.29,28.03,35.05,38.67,40.99,21.55,21.4,21.3,19.77,19.43,19.22,864,1223,1278,1279,1469,1684
"2023-04-20 04:00:00",39,"Site 3",30.55886,-96.41177,75,12.49,3.136,18.26,28,35.04,38.66,41,21.47,21.38,21.3,19.77,19.44,19.22,865,1223,1278,1279,1470,1684
"2023-04-20 05:00:00",40,"Site 3",30.55886,-96.41177,75,12.46,3.147,18.24,27.98,35.05,38.66,41.01,21.35,21.25,21.28,19.72,19.43,19.22,864,1223,1277,1278,1470,1685
"2023-04-20 06:00:00",41,"Site 3",30.55886,-96.41177,75,12.44,3.15,18.22,27.98,35.04,38.67,41.01,21.35,21.23,21.13,19.7,19.44,19.22,864,1223,1277,1278,1470,1685
"2023-04-20 07:00:00",42,"Site 3",30.55886,-96.41177,75,12.41,3.162,18.21,27.99,35.05,38.67,41.02,21.27,21.08,21.08,19.66,19.42,19.22,865,1223,1277,1278,1470,1685
"2023-04-20 08:00:00",43,"Site 3",30.55886,-96.41177,75,12.46,3.171,18.2,27.97,35.02,38.68,41.01,21.23,21.02,21.09,19.69,19.43,19.26,866,1222,1276,1278,1470,1685
"2023-04-20 09:00:00",44,"Site 3",30.55886,-96.41177,75,12.57,3.175,18.18,27.96,35.01,38.69,41.02,21.33,21.03,21.05,19.68,19.4,19.23,866,1222,1276,1278,1470,1685
"2023-04-20 10:00:00",45,"Site 3",30.55886,-96.41177,75,12.81,3.177,18.15,27.96,35.03,38.68,41.01,21.52,21.01,21,19.68,19.43,19.26,868,1222,1276,1277,1470,1685
"2023-04-20 11:00:00",46,"Site 3",30.55886,-96.41177,75,12.98,3.169,18.13,27.96,35.01,38.69,41.02,21.83,21,20.95,19.67,19.45,19.31,870,1222,1276,1277,1469,1685
"2023-04-20 12:00:00",47,"Site 3",30.55886,-96.41177,75,13.6,3.161,18.09,27.96,35.02,38.68,41,22.16,21.13,21.05,19.67,19.43,19.35,873,1223,1275,1276,1469,1685
"2023-04-20 13:00:00",48,"Site 3",30.55886,-96.41177,75,13.31,3.139,18.05,27.93,35,38.68,41,22.93,21.33,21.07,19.65,19.42,19.36,878,1225,1275,1276,1469,1684
"2023-04-20 14:00:00",49,"Site 3",30.55886,-96.41177,75,13.5,3.133,18,27.94,35,38.69,41,23.42,21.61,21.08,19.61,19.43,19.34,887,1226,1275,1276,1469,1684
"2023-04-20 15:00:00",50,"Site 3",30.55886,-96.41177,75,13.48,3.123,17.95,27.91,34.99,38.68,41,23.8,21.84,21.21,19.7,19.46,19.36,889,1228,1276,1277,1469,1684
"2023-04-20 16:00:00",51,"Site 3",30.55886,-96.41177,75,13.09,3.127,17.9,27.92,34.99,38.68,41,23.97,22.08,21.36,19.74,19.44,19.35,896,1231,1273,1274,1468,1681
"2023-04-20 17:00:00",52,"Site 3",30.55886,-96.41177,75,12.93,3.218,17.89,27.92,35.03,38.69,41,23.72,22.15,21.49,19.74,19.44,19.36,899,1232,1271,1269,1466,1680
"2023-04-20 18:00:00",53,"Site 3",30.55886,-96.41177,75,12.74,3.326,17.95,27.93,35,38.69,41,23.43,22.21,21.63,19.82,19.45,19.42,905,1232,1271,1269,1466,1680
"2023-04-20 19:00:00",54,"Site 3",30.55886,-96.41177,75,12.7,3.35,18.09,27.94,35.02,38.71,40.99,23.09,22.19,21.65,19.86,19.46,19.42,905,1232,1271,1268,1466,1680
"2023-04-20 20:00:00",55,"Site 3",30.55886,-96.41177,75,12.66,3.36,18.2,27.96,35.03,38.72,41,22.71,22.14,21.67,19.89,19.48,19.42,903,1231,1272,1268,1467,1681
"2023-04-20 21:00:00",56,"Site 3",30.55886,-96.41177,75,12.61,30.08,28.62,29.4,35.07,38.69,41.04,21.07,21.85,21.65,19.9,19.58,19.42,1100,1263,1304,1228,1446,1656
"2023-04-20 22:00:00",57,"Site 3",30.55886,-96.41177,75,12.58,34.75,32.02,30.63,35.07,38.76,41.09,20.59,21.47,21.61,20.05,19.62,19.42,1196,1287,1344,1231,1446,1656
"2023-04-20 23:00:00",58,"Site 3",30.55886,-96.41177,75,12.54,9.12,30.41,30.53,35.13,38.89,41.27,20.53,21.21,21.51,20.1,19.64,19.45,1031,1195,1303,1228,1457,1672
"2023-04-21 00:00:00",59,"Site 3",30.55886,-96.41177,75,12.51,6.298,28.51,30.15,35.16,38.95,41.35,20.52,21.03,21.35,20.02,19.66,19.5,1036,1172,1296,1230,1461,1678
"2023-04-21 01:00:00",60,"Site 3",30.55886,-96.41177,75,12.48,6.201,28.39,29.98,35.24,38.97,41.36,20.4,20.87,21.27,19.92,19.66,19.6,1039,1172,1291,1231,1461,1679
"2023-04-21 02:00:00",61,"Site 3",30.55886,-96.41177,75,12.45,19.29,31.95,30.09,35.28,39.02,41.4,20.28,20.76,21.12,19.93,19.68,19.61,1153,1256,1320,1230,1454,1672
"2023-04-21 03:00:00",62,"Site 3",30.55886,-96.41177,75,12.42,6.978,30.17,30.09,35.28,39.04,41.39,20.17,20.62,21.04,19.9,19.66,19.63,1022,1177,1289,1229,1460,1679
"2023-04-21 04:00:00",63,"Site 3",30.55886,-96.41177,75,12.39,6.311,28.77,30.01,35.32,39.03,41.4,20,20.51,20.88,19.81,19.62,19.6,1032,1171,1290,1230,1462,1682
"2023-04-21 05:00:00",64,"Site 3",30.55886,-96.41177,75,12.37,6.032,28.55,29.9,35.36,39.05,41.41,19.97,20.4,20.85,19.71,19.64,19.63,1038,1169,1289,1231,1462,1682
"2023-04-21 06:00:00",65,"Site 3",30.55886,-96.41177,75,12.34,5.898,28.45,29.85,35.36,39.05,41.41,19.85,20.23,20.72,19.69,19.63,19.62,1039,1169,1288,1232,1463,1683
"2023-04-21 07:00:00",66,"Site 3",30.55886,-96.41177,75,12.32,5.807,28.4,29.8,35.36,39.03,41.42,19.81,20.2,20.65,19.67,19.65,19.63,1040,1168,1288,1232,1463,1683
"2023-04-21 08:00:00",67,"Site 3",30.55886,-96.41177,75,12.38,5.741,28.36,29.79,35.41,39.07,41.42,19.73,20.12,20.56,19.54,19.59,19.62,1040,1168,1287,1233,1463,1683
"2023-04-21 09:00:00",68,"Site 3",30.55886,-96.41177,75,12.66,5.7,28.33,29.79,35.42,39.08,41.43,19.82,19.99,20.47,19.51,19.49,19.62,1042,1168,1287,1234,1463,1683
"2023-04-21 10:00:00",69,"Site 3",30.55886,-96.41177,75,13.05,5.645,28.3,29.78,35.42,39.08,41.44,20.08,20.01,20.44,19.52,19.45,19.56,1043,1168,1287,1234,1463,1684
"2023-04-21 11:00:00",70,"Site 3",30.55886,-96.41177,75,12.97,5.591,28.25,29.8,35.44,39.09,41.47,20.55,20.15,20.4,19.42,19.41,19.56,1047,1169,1288,1234,1463,1685
"2023-04-21 12:00:00",71,"Site 3",30.55886,-96.41177,75,13.17,5.55,28.19,29.8,35.5,39.08,41.49,20.85,20.23,20.46,19.31,19.43,19.52,1050,1170,1288,1234,1463,1685
"2023-04-21 14:00:00",72,"Site 3",30.55886,-96.41177,75,13.55,5.443,28.05,29.85,35.52,39.09,41.5,21.76,20.62,20.47,19.22,19.46,19.42,1060,1173,1289,1237,1464,1685
"2023-04-21 15:00:00",73,"Site 3",30.55886,-96.41177,75,13.53,5.4,28,29.84,35.52,39.1,41.49,22.35,20.84,20.52,19.35,19.43,19.42,1065,1174,1290,1236,1463,1685
"2023-04-21 16:00:00",74,"Site 3",30.55886,-96.41177,75,13.51,5.334,27.91,29.83,35.54,39.12,41.49,23.22,21.12,20.69,19.3,19.38,19.42,1073,1177,1290,1237,1463,1685
"2023-04-21 17:00:00",75,"Site 3",30.55886,-96.41177,75,13.46,5.254,27.77,29.82,35.54,39.1,41.48,24.25,21.54,20.82,19.34,19.35,19.42,1083,1180,1291,1238,1463,1684
"2023-04-21 18:00:00",76,"Site 3",30.55886,-96.41177,75,13.46,5.2,27.55,29.81,35.54,39.12,41.48,24.85,22.04,21.05,19.47,19.39,19.42,1091,1184,1292,1238,1463,1684
"2023-04-21 19:00:00",77,"Site 3",30.55886,-96.41177,75,13.63,5.174,27.39,29.8,35.56,39.09,41.46,24.79,22.33,21.32,19.49,19.39,19.42,1089,1186,1294,1238,1464,1685
"2023-04-21 20:00:00",78,"Site 3",30.55886,-96.41177,75,12.75,5.174,27.32,29.8,35.56,39.1,41.46,24.22,22.56,21.55,19.67,19.44,19.42,1085,1186,1295,1238,1465,1685
"2023-04-21 21:00:00",79,"Site 3",30.55886,-96.41177,75,12.69,5.183,27.27,29.81,35.59,39.11,41.46,23.49,22.52,21.64,19.75,19.42,19.42,1080,1187,1296,1238,1465,1686
"2023-04-21 22:00:00",80,"Site 3",30.55886,-96.41177,75,12.65,5.183,27.26,29.84,35.59,39.14,41.47,22.8,22.35,21.74,19.9,19.43,19.42,1073,1186,1296,1238,1465,1687
"2023-04-21 23:00:00",81,"Site 3",30.55886,-96.41177,75,12.6,5.175,27.26,29.83,35.62,39.14,41.48,22.17,22.1,21.73,19.94,19.48,19.43,1066,1185,1297,1238,1466,1687
"2023-04-22 00:00:00",82,"Site 3",30.55886,-96.41177,75,12.57,5.172,27.24,29.85,35.67,39.13,41.49,21.57,21.88,21.69,19.94,19.62,19.45,1061,1184,1297,1238,1467,1688
"2023-04-22 01:00:00",83,"Site 3",30.55886,-96.41177,75,12.54,5.196,27.26,29.86,35.67,39.13,41.49,21.15,21.65,21.66,19.99,19.63,19.5,1057,1184,1297,1239,1467,1688
"2023-04-22 02:00:00",84,"Site 3",30.55886,-96.41177,75,12.51,5.221,27.27,29.89,35.66,39.14,41.48,20.67,21.34,21.49,20.04,19.64,19.57,1057,1183,1297,1239,1467,1689
"2023-04-22 03:00:00",85,"Site 3",30.55886,-96.41177,75,12.48,5.243,27.27,29.91,35.69,39.15,41.47,20.26,21.08,21.35,19.89,19.64,19.59,1053,1182,1297,1239,1467,1689
"2023-04-22 04:00:00",86,"Site 3",30.55886,-96.41177,75,12.46,5.233,27.29,29.9,35.69,39.15,41.48,19.99,20.83,21.29,19.88,19.7,19.63,1049,1181,1297,1239,1468,1690
"2023-04-22 05:00:00",87,"Site 3",30.55886,-96.41177,75,12.43,5.22,27.3,29.93,35.67,39.15,41.48,19.68,20.56,21.08,19.92,19.65,19.63,1043,1180,1296,1240,1468,1690
"2023-04-22 06:00:00",88,"Site 3",30.55886,-96.41177,75,12.4,5.22,27.3,29.95,35.67,39.14,41.49,19.42,20.34,20.89,19.84,19.63,19.63,1040,1179,1296,1240,1468,1690
"2023-04-22 07:00:00",89,"Site 3",30.55886,-96.41177,75,12.36,5.216,27.31,29.98,35.69,39.14,41.49,19.09,20.11,20.75,19.73,19.63,19.63,1037,1178,1296,1239,1468,1691
"2023-04-22 08:00:00",90,"Site 3",30.55886,-96.41177,75,12.38,5.216,27.32,29.99,35.68,39.15,41.5,18.87,19.88,20.62,19.69,19.66,19.63,1035,1177,1296,1239,1468,1691
"2023-04-22 09:00:00",91,"Site 3",30.55886,-96.41177,75,12.43,5.213,27.3,30.02,35.69,39.14,41.51,18.68,19.68,20.46,19.59,19.62,19.63,1032,1177,1296,1240,1468,1691
"2023-04-22 10:00:00",92,"Site 3",30.55886,-96.41177,75,12.57,5.197,27.32,30.06,35.71,39.14,41.51,18.59,19.48,20.3,19.47,19.59,19.63,1031,1176,1296,1240,1467,1691
"2023-04-22 11:00:00",93,"Site 3",30.55886,-96.41177,75,12.84,5.167,27.16,30.11,35.69,39.18,41.51,19.14,19.36,20.15,19.42,19.49,19.63,1035,1176,1295,1240,1467,1690
"2023-04-22 12:00:00",94,"Site 3",30.55886,-96.41177,75,13.24,5.096,27.08,30.13,35.69,39.17,41.52,20.42,19.57,20.07,19.33,19.44,19.61,1047,1178,1295,1242,1467,1690
"2023-04-22 13:00:00",95,"Site 3",30.55886,-96.41177,75,13.51,5.015,26.94,30.15,35.68,39.15,41.52,22,19.99,20.07,19.26,19.44,19.58,1063,1181,1296,1243,1466,1689
"2023-04-22 14:00:00",96,"Site 3",30.55886,-96.41177,75,13.5,4.922,26.75,30.15,35.67,39.12,41.53,23.51,20.61,20.22,19.2,19.42,19.52,1078,1186,1296,1243,1465,1688
"2023-04-22 15:00:00",97,"Site 3",30.55886,-96.41177,75,13.48,4.832,26.58,30.13,35.66,39.12,41.53,24.82,21.23,20.5,19.28,19.31,19.46,1092,1190,1297,1245,1465,1687
"2023-04-22 16:00:00",98,"Site 3",30.55886,-96.41177,75,13.49,4.776,26.4,30.14,35.67,39.13,41.51,25.61,21.99,20.77,19.25,19.29,19.46,1102,1194,1299,1245,1465,1687
"2023-04-22 17:00:00",99,"Site 3",30.55886,-96.41177,75,13.49,4.732,26.27,30.13,35.67,39.13,41.5,25.91,22.45,21.19,19.34,19.26,19.44,1104,1196,1301,1244,1466,1688
"2023-04-22 18:00:00",100,"Site 3",30.55886,-96.41177,75,13.49,4.716,26.17,30.12,35.67,39.11,41.49,25.66,22.84,21.48,19.48,19.3,19.42,1103,1198,1303,1244,1466,1688
"2023-04-22 19:00:00",101,"Site 3",30.55886,-96.41177,75,12.95,4.712,26.12,30.12,35.68,39.11,41.49,25.15,22.99,21.77,19.7,19.44,19.42,1098,1198,1305,1244,1467,1688
"2023-04-22 20:00:00",102,"Site 3",30.55886,-96.41177,75,12.73,4.726,26.1,30.13,35.7,39.11,41.49,24.37,22.96,21.93,19.88,19.43,19.42,1090,1198,1306,1245,1467,1689
"2023-04-22 21:00:00",103,"Site 3",30.55886,-96.41177,75,12.68,4.744,26.1,30.13,35.74,39.14,41.5,23.53,22.82,22.05,19.9,19.44,19.42,1082,1197,1307,1246,1468,1690
"2023-04-22 22:00:00",104,"Site 3",30.55886,-96.41177,75,12.65,4.751,26.11,30.14,35.74,39.12,41.5,22.79,22.57,22.05,20.09,19.61,19.44,1075,1195,1307,1246,1469,1690
"2023-04-22 23:00:00",105,"Site 3",30.55886,-96.41177,75,12.62,4.757,26.12,30.15,35.75,39.15,41.49,22.17,22.35,22.06,20.14,19.63,19.54,1068,1194,1307,1246,1469,1691
"2023-04-23 00:00:00",106,"Site 3",30.55886,-96.41177,75,12.59,4.762,26.14,30.17,35.76,39.16,41.49,21.69,22.03,21.93,20.14,19.68,19.61,1063,1193,1307,1246,1470,1693
"2023-04-23 01:00:00",107,"Site 3",30.55886,-96.41177,75,12.56,4.762,26.15,30.19,35.76,39.14,41.5,21.33,21.8,21.76,20.14,19.8,19.62,1058,1191,1307,1247,1470,1693
"2023-04-23 02:00:00",108,"Site 3",30.55886,-96.41177,75,12.52,4.768,26.17,30.21,35.79,39.15,41.52,20.99,21.47,21.65,20.1,19.83,19.63,1055,1190,1306,1247,1470,1694
"2023-04-23 03:00:00",109,"Site 3",30.55886,-96.41177,75,12.49,4.77,26.18,30.22,35.79,39.16,41.54,20.72,21.33,21.53,20.1,19.84,19.63,1051,1190,1306,1247,1470,1694
"2023-04-23 04:00:00",110,"Site 3",30.55886,-96.41177,75,12.46,4.769,26.21,30.24,35.79,39.17,41.55,20.55,21.1,21.39,20.08,19.86,19.63,1049,1188,1306,1246,1471,1694
"2023-04-23 05:00:00",111,"Site 3",30.55886,-96.41177,75,12.42,4.769,26.21,30.26,35.79,39.16,41.56,20.26,20.95,21.28,20.02,19.84,19.69,1046,1187,1305,1246,1471,1695
"2023-04-23 06:00:00",112,"Site 3",30.55886,-96.41177,75,12.39,4.773,26.22,30.28,35.81,39.17,41.55,20.01,20.72,21.16,19.9,19.84,19.7,1043,1186,1305,1245,1471,1696
"2023-04-23 07:00:00",113,"Site 3",30.55886,-96.41177,75,12.37,4.77,26.22,30.29,35.8,39.18,41.57,19.82,20.56,21.05,19.92,19.82,19.73,1042,1185,1305,1245,1471,1696
"2023-04-23 08:00:00",114,"Site 3",30.55886,-96.41177,75,12.35,4.766,26.23,30.32,35.8,39.21,41.59,19.57,20.34,20.9,19.84,19.76,19.77,1039,1184,1305,1245,1471,1696
"2023-04-23 09:00:00",115,"Site 3",30.55886,-96.41177,75,12.46,4.889,26.49,30.8,35.81,39.22,41.6,19.32,20.16,20.77,19.77,19.72,19.67,1039,1183,1307,1243,1469,1695
"2023-04-23 10:00:00",116,"Site 3",30.55886,-96.41177,75,13.02,4.925,26.59,31.81,35.87,39.21,41.56,19.14,19.99,20.65,19.69,19.67,19.7,1036,1182,1329,1242,1468,1694
"2023-04-23 11:00:00",117,"Site 3",30.55886,-96.41177,75,13.21,4.91,26.6,31.78,36.32,39.19,41.55,19.17,19.79,20.46,19.65,19.64,19.67,1037,1181,1329,1242,1469,1693
"2023-04-23 12:00:00",118,"Site 3",30.55886,-96.41177,75,13.62,4.891,26.57,31.64,36.69,39.17,41.54,19.22,19.77,20.44,19.49,19.66,19.64,1037,1180,1326,1245,1470,1694
"2023-04-23 13:00:00",119,"Site 3",30.55886,-96.41177,75,13.73,4.875,26.54,31.56,36.84,39.17,41.54,19.52,19.7,20.27,19.47,19.58,19.63,1040,1181,1324,1250,1471,1695
"2023-04-23 14:00:00",120,"Site 3",30.55886,-96.41177,75,13.68,4.831,26.51,31.49,36.85,39.2,41.53,20.28,19.77,20.26,19.38,19.5,19.63,1045,1182,1323,1252,1472,1696
"2023-04-23 15:00:00",121,"Site 3",30.55886,-96.41177,75,13.68,4.793,26.48,31.45,36.83,39.21,41.52,20.85,20.03,20.26,19.32,19.46,19.64,1052,1182,1323,1251,1472,1697
"2023-04-23 16:00:00",122,"Site 3",30.55886,-96.41177,75,13.71,4.77,26.41,31.42,36.77,39.22,41.51,20.98,20.21,20.27,19.3,19.43,19.63,1054,1184,1323,1251,1472,1696
"2023-04-23 17:00:00",123,"Site 3",30.55886,-96.41177,75,13.66,4.743,26.35,31.38,36.74,39.21,41.52,21.27,20.37,20.32,19.31,19.45,19.6,1055,1185,1322,1252,1471,1695
"2023-04-23 18:00:00",124,"Site 3",30.55886,-96.41177,75,13.66,4.715,26.29,31.33,36.69,39.22,41.5,21.56,20.52,20.43,19.3,19.39,19.59,1060,1186,1322,1252,1471,1695
"2023-04-23 19:00:00",125,"Site 3",30.55886,-96.41177,75,13.12,4.702,26.23,31.31,36.65,39.23,41.53,21.66,20.68,20.49,19.32,19.43,19.55,1060,1187,1322,1251,1471,1695
"2023-04-23 20:00:00",126,"Site 3",30.55886,-96.41177,75,12.73,4.707,26.17,31.28,36.63,39.24,41.54,21.14,20.8,20.62,19.27,19.41,19.5,1056,1187,1323,1251,1472,1695
"2023-04-23 21:00:00",127,"Site 3",30.55886,-96.41177,75,12.68,4.715,26.18,31.28,36.6,39.24,41.55,20.52,20.69,20.65,19.29,19.37,19.44,1049,1186,1323,1250,1472,1696
"2023-04-23 22:00:00",128,"Site 3",30.55886,-96.41177,75,12.65,4.723,26.18,31.3,36.58,39.24,41.56,20.03,20.48,20.68,19.28,19.36,19.45,1045,1186,1324,1250,1472,1695
"2023-04-23 23:00:00",129,"Site 3",30.55886,-96.41177,75,12.62,4.726,26.21,31.35,36.56,39.27,41.56,19.76,20.27,20.55,19.3,19.38,19.44,1041,1185,1325,1250,1472,1696
"2023-04-24 00:00:00",130,"Site 3",30.55886,-96.41177,75,12.59,4.727,26.22,31.38,36.53,39.26,41.58,19.45,20.1,20.47,19.31,19.39,19.43,1040,1184,1325,1250,1472,1697
"2023-04-24 01:00:00",131,"Site 3",30.55886,-96.41177,75,12.56,4.725,26.23,31.41,36.52,39.26,41.58,19.25,19.91,20.41,19.28,19.4,19.45,1036,1183,1326,1250,1472,1697
"2023-04-24 02:00:00",132,"Site 3",30.55886,-96.41177,75,12.53,4.732,26.23,31.4,36.49,39.28,41.58,19.02,19.74,20.26,19.27,19.34,19.42,1033,1182,1326,1250,1472,1696
"2023-04-24 03:00:00",133,"Site 3",30.55886,-96.41177,75,12.49,4.729,26.25,30.92,36.37,39.22,41.44,18.82,19.56,20.14,19.21,19.29,19.42,1031,1182,1321,1249,1471,1692
"2023-04-24 04:00:00",134,"Site 3",30.55886,-96.41177,75,12.46,4.731,26.25,30.66,36.32,39.17,41.38,18.65,19.36,20.05,19.16,19.26,19.43,1029,1181,1316,1249,1470,1691
"2023-04-24 05:00:00",135,"Site 3",30.55886,-96.41177,75,12.42,4.738,26.26,30.52,36.24,39.12,41.36,18.45,19.21,19.91,19.08,19.26,19.42,1025,1180,1314,1248,1470,1690
"2023-04-24 06:00:00",136,"Site 3",30.55886,-96.41177,75,12.37,4.738,26.26,30.41,36.14,39.09,41.35,18.25,19.09,19.84,19.06,19.22,19.42,1024,1180,1312,1247,1469,1689
"2023-04-24 07:00:00",137,"Site 3",30.55886,-96.41177,75,12.34,4.74,26.27,30.34,36.11,39.07,41.34,18.05,18.94,19.7,18.97,19.2,19.42,1023,1179,1311,1247,1469,1689
"2023-04-24 08:00:00",138,"Site 3",30.55886,-96.41177,75,12.41,4.737,26.28,30.25,36.07,39.07,41.34,17.95,18.75,19.61,18.86,19.08,19.42,1020,1178,1309,1246,1468,1688
"2023-04-24 09:00:00",139,"Site 3",30.55886,-96.41177,75,12.89,4.733,26.28,30.19,35.99,39.07,41.32,17.91,18.59,19.46,18.86,19.04,19.42,1020,1178,1307,1246,1468,1687
"2023-04-24 10:00:00",140,"Site 3",30.55886,-96.41177,75,13.29,4.721,26.28,30.14,35.96,39.05,41.33,18.09,18.55,19.41,18.74,19.02,19.36,1022,1178,1306,1246,1468,1686
"2023-04-24 11:00:00",141,"Site 3",30.55886,-96.41177,75,13.25,4.702,26.26,30.1,35.93,39.04,41.32,18.56,18.53,19.26,18.64,19.01,19.28,1024,1178,1305,1246,1467,1686
"2023-04-24 12:00:00",142,"Site 3",30.55886,-96.41177,75,13.43,4.672,26.23,30.05,35.87,39.02,41.33,18.85,18.63,19.26,18.63,19,19.23,1027,1179,1305,1246,1467,1686
"2023-04-24 13:00:00",143,"Site 3",30.55886,-96.41177,75,13.48,4.666,26.19,30.01,35.84,39.04,41.32,19,18.75,19.26,18.54,18.83,19.23,1030,1180,1304,1245,1467,1686
"2023-04-24 14:00:00",144,"Site 3",30.55886,-96.41177,75,13.68,4.661,26.15,29.99,35.82,39.04,41.31,19.26,18.89,19.25,18.51,18.82,19.22,1032,1181,1303,1246,1466,1685
"2023-04-24 15:00:00",145,"Site 3",30.55886,-96.41177,75,13.6,4.654,26.1,29.96,35.79,39.01,41.3,20.03,19.02,19.25,18.51,18.82,19.22,1037,1183,1303,1247,1465,1683
"2023-04-24 16:00:00",146,"Site 3",30.55886,-96.41177,75,13.56,4.618,26.03,29.93,35.77,39,41.3,21.52,19.36,19.36,18.47,18.8,19.17,1049,1186,1302,1248,1465,1682
"2023-04-24 17:00:00",147,"Site 3",30.55886,-96.41177,75,13.56,4.576,25.91,29.9,35.74,38.99,41.31,22.84,19.98,19.54,18.49,18.81,19.1,1058,1189,1303,1248,1465,1681
"2023-04-24 18:00:00",148,"Site 3",30.55886,-96.41177,75,13.55,4.554,25.8,29.87,35.71,39,41.3,23.31,20.5,19.75,18.58,18.76,19.04,1059,1191,1305,1247,1465,1682
"2023-04-24 19:00:00",149,"Site 3",30.55886,-96.41177,75,13.25,4.581,25.72,29.84,35.69,38.98,41.3,22.8,20.89,20.07,18.7,18.76,19.02,1056,1193,1306,1247,1465,1682
"2023-04-24 20:00:00",150,"Site 3",30.55886,-96.41177,75,12.75,4.613,25.68,29.81,35.7,39,41.3,22.17,21.02,20.27,18.68,18.8,19.02,1051,1193,1307,1247,1465,1682
"2023-04-24 21:00:00",151,"Site 3",30.55886,-96.41177,75,12.7,4.649,25.68,29.79,35.67,38.99,41.29,21.64,20.93,20.45,18.8,18.82,19.01,1048,1193,1307,1247,1465,1682
"2023-04-24 22:00:00",152,"Site 3",30.55886,-96.41177,75,12.67,4.672,25.7,29.79,35.69,39,41.29,21.2,20.83,20.47,18.94,18.81,19.01,1043,1192,1307,1247,1465,1682
"2023-04-24 23:00:00",153,"Site 3",30.55886,-96.41177,75,12.64,4.694,25.71,29.77,35.67,39.01,41.29,20.8,20.69,20.46,19.04,18.82,19.02,1040,1191,1307,1248,1465,1683
"2023-04-25 00:00:00",154,"Site 3",30.55886,-96.41177,75,12.61,4.704,25.71,29.75,35.65,39.03,41.29,20.47,20.57,20.46,19.09,18.87,19.05,1035,1190,1306,1248,1466,1683
"2023-04-25 01:00:00",155,"Site 3",30.55886,-96.41177,75,12.58,4.698,25.72,29.72,35.66,39,41.29,20.2,20.4,20.46,19.07,18.97,19.06,1033,1189,1306,1248,1466,1683
"2023-04-25 02:00:00",156,"Site 3",30.55886,-96.41177,75,12.55,4.691,25.73,29.7,35.67,39,41.29,19.9,20.2,20.44,19.08,19.01,19.04,1031,1189,1305,1248,1466,1683
"2023-04-25 03:00:00",157,"Site 3",30.55886,-96.41177,75,12.51,4.69,25.75,29.71,35.65,38.98,41.28,19.64,20.05,20.32,19.05,19.02,19.06,1028,1188,1305,1248,1466,1683
"2023-04-25 04:00:00",158,"Site 3",30.55886,-96.41177,75,12.48,4.695,25.76,29.68,35.65,38.99,41.28,19.4,19.87,20.26,19.07,19.03,19.11,1026,1187,1304,1248,1466,1683
"2023-04-25 05:00:00",159,"Site 3",30.55886,-96.41177,75,12.45,4.708,25.77,29.69,35.63,38.99,41.28,19.24,19.73,20.12,19.04,19.04,19.11,1022,1186,1304,1247,1467,1684
"2023-04-25 06:00:00",160,"Site 3",30.55886,-96.41177,75,12.41,4.727,25.78,29.66,35.62,38.99,41.28,19.05,19.57,20.05,19.01,19.04,19.17,1021,1185,1303,1247,1467,1683
"2023-04-25 07:00:00",161,"Site 3",30.55886,-96.41177,75,12.38,4.732,25.79,29.65,35.62,38.99,41.27,18.97,19.44,19.96,18.95,19.01,19.15,1019,1184,1302,1247,1466,1683
"2023-04-25 08:00:00",162,"Site 3",30.55886,-96.41177,75,12.39,4.75,25.79,29.63,35.63,38.99,41.28,18.79,19.36,19.84,18.87,19.01,19.13,1019,1184,1302,1247,1466,1683
"2023-04-25 09:00:00",163,"Site 3",30.55886,-96.41177,75,12.4,4.752,25.81,29.63,35.6,38.98,41.26,18.82,19.18,19.8,18.92,19.01,19.19,1019,1184,1301,1247,1466,1683
"2023-04-25 10:00:00",164,"Site 3",30.55886,-96.41177,75,12.63,4.764,25.8,29.63,35.59,38.98,41.27,18.96,19.16,19.65,18.82,18.93,19.14,1020,1184,1300,1247,1466,1683
"2023-04-25 11:00:00",165,"Site 3",30.55886,-96.41177,75,13.01,4.79,25.78,29.6,35.59,38.99,41.28,19.08,19.16,19.65,18.74,18.88,19.08,1027,1185,1300,1247,1466,1683
"2023-04-25 12:00:00",166,"Site 3",30.55886,-96.41177,75,13.2,4.78,25.77,29.59,35.58,39,41.27,19.44,19.16,19.6,18.73,18.81,19.1,1031,1185,1300,1247,1465,1682
"2023-04-25 13:00:00",167,"Site 3",30.55886,-96.41177,75,13.56,4.755,25.74,29.59,35.56,38.99,41.27,19.9,19.26,19.59,18.73,18.81,19.05,1037,1187,1299,1248,1465,1681
"2023-04-25 14:00:00",168,"Site 3",30.55886,-96.41177,75,13.52,4.687,25.67,29.57,35.54,38.98,41.27,21.31,19.51,19.64,18.67,18.82,19.03,1051,1189,1298,1249,1465,1681
"2023-04-25 15:00:00",169,"Site 3",30.55886,-96.41177,75,13.53,4.636,25.56,29.56,35.53,38.95,41.27,22.3,19.98,19.7,18.72,18.81,19.02,1058,1192,1298,1249,1464,1680
"2023-04-25 16:00:00",170,"Site 3",30.55886,-96.41177,75,13.53,4.59,25.45,29.52,35.52,38.93,41.26,23.11,20.47,19.9,18.72,18.8,19.01,1065,1195,1299,1249,1463,1680
"2023-04-25 17:00:00",171,"Site 3",30.55886,-96.41177,75,13.02,4.58,25.36,29.52,35.54,38.92,41.25,23.16,20.92,20.14,18.69,18.78,19.01,1065,1196,1300,1249,1463,1680
"2023-04-25 18:00:00",172,"Site 3",30.55886,-96.41177,75,12.81,4.59,25.25,29.51,35.52,38.92,41.24,22.65,21.15,20.36,18.8,18.81,19.01,1060,1197,1301,1249,1464,1680
"2023-04-25 19:00:00",173,"Site 3",30.55886,-96.41177,75,12.83,4.6,25.18,29.51,35.52,38.92,41.24,22.19,21.2,20.5,18.94,18.81,19.01,1056,1196,1302,1249,1464,1680
"2023-04-25 20:00:00",174,"Site 3",30.55886,-96.41177,75,12.7,4.608,25.18,29.49,35.52,38.93,41.24,21.83,21.1,20.67,19.01,18.81,19.01,1054,1196,1302,1249,1464,1680
"2023-04-25 21:00:00",175,"Site 3",30.55886,-96.41177,75,12.66,4.609,25.2,29.49,35.52,38.94,41.24,21.45,21.02,20.68,19.15,18.86,19.01,1050,1194,1302,1250,1464,1680
"2023-04-25 22:00:00",176,"Site 3",30.55886,-96.41177,75,12.63,4.62,25.2,29.49,35.54,38.92,41.24,21.08,20.93,20.67,19.11,18.91,19.01,1046,1194,1302,1250,1465,1680
"2023-04-25 23:00:00",177,"Site 3",30.55886,-96.41177,75,12.6,4.624,25.19,29.48,35.56,38.91,41.25,20.86,20.83,20.63,19.2,19.02,19.01,1044,1193,1301,1250,1465,1681
"2023-04-26 00:00:00",178,"Site 3",30.55886,-96.41177,75,12.56,4.628,25.2,29.47,35.52,38.92,41.25,20.64,20.65,20.66,19.23,19.02,19.03,1042,1192,1301,1250,1465,1681
"2023-04-26 01:00:00",179,"Site 3",30.55886,-96.41177,75,12.53,4.625,25.19,29.46,35.53,38.93,41.25,20.51,20.54,20.61,19.25,19.02,19.09,1040,1192,1300,1250,1465,1680
"2023-04-26 02:00:00",180,"Site 3",30.55886,-96.41177,75,12.5,4.631,25.2,29.48,35.53,38.93,41.24,20.39,20.41,20.5,19.21,19.03,19.16,1039,1191,1300,1250,1465,1681
"2023-04-26 03:00:00",181,"Site 3",30.55886,-96.41177,75,12.47,4.627,25.19,29.46,35.51,38.94,41.24,20.35,20.38,20.47,19.25,19.01,19.1,1038,1191,1300,1250,1465,1681
"2023-04-26 04:00:00",182,"Site 3",30.55886,-96.41177,75,12.43,4.629,25.2,29.44,35.53,38.93,41.23,20.19,20.22,20.46,19.18,19.01,19.14,1037,1190,1299,1250,1465,1681
"2023-04-26 05:00:00",183,"Site 3",30.55886,-96.41177,75,12.4,4.628,25.19,29.43,35.56,38.94,41.23,20.15,20.2,20.44,19.06,19.03,19.18,1035,1190,1299,1250,1465,1681
"2023-04-26 06:00:00",184,"Site 3",30.55886,-96.41177,75,12.38,4.648,25.21,29.43,35.54,38.94,41.23,20.12,20.17,20.3,19.18,19.01,19.2,1037,1190,1297,1249,1464,1680
"2023-04-26 07:00:00",185,"Site 3",30.55886,-96.41177,75,12.36,4.677,25.27,29.45,35.54,38.94,41.22,19.97,20.01,20.29,19.13,19.02,19.21,1040,1190,1296,1249,1463,1679
"2023-04-26 08:00:00",186,"Site 3",30.55886,-96.41177,75,12.39,4.673,25.29,29.45,35.53,38.91,41.23,19.99,19.99,20.26,19.12,19.05,19.21,1038,1190,1296,1249,1463,1679
"2023-04-26 09:00:00",187,"Site 3",30.55886,-96.41177,75,12.36,4.675,25.29,29.45,35.52,38.93,41.22,19.97,19.98,20.25,19.11,19.01,19.22,1038,1190,1296,1249,1463,1679
"2023-04-26 10:00:00",188,"Site 3",30.55886,-96.41177,75,12.7,4.666,25.28,29.44,35.52,38.93,41.23,20.04,19.98,20.13,19.11,19.03,19.21,1039,1190,1296,1249,1464,1679
"2023-04-26 11:00:00",189,"Site 3",30.55886,-96.41177,75,12.99,4.664,25.28,29.47,35.5,38.93,41.22,20.35,19.99,20.1,19.11,19.02,19.21,1042,1190,1296,1249,1463,1679
"2023-04-26 12:00:00",190,"Site 3",30.55886,-96.41177,75,13.27,4.636,25.26,29.47,35.49,38.92,41.21,20.78,20.05,20.1,19.07,19.03,19.2,1044,1190,1296,1249,1464,1679
"2023-04-26 13:00:00",191,"Site 3",30.55886,-96.41177,75,13.32,4.611,25.22,29.44,35.51,38.92,41.23,21.42,20.25,20.21,19.01,19.02,19.21,1048,1192,1297,1250,1464,1679
"2023-04-26 14:00:00",192,"Site 3",30.55886,-96.41177,75,13.64,4.594,25.18,29.43,35.5,38.92,41.22,22.09,20.5,20.26,19.04,19.01,19.19,1055,1193,1296,1250,1463,1678
"2023-04-26 15:00:00",193,"Site 3",30.55886,-96.41177,75,13.44,4.56,25.14,29.44,35.49,38.92,41.22,23.2,20.8,20.35,19.09,19.01,19.22,1065,1196,1296,1251,1462,1677
"2023-04-26 16:00:00",194,"Site 3",30.55886,-96.41177,75,13.41,4.496,25.03,29.44,35.5,38.91,41.23,24.71,21.31,20.51,19.1,19.03,19.19,1075,1199,1298,1250,1463,1678
"2023-04-26 17:00:00",195,"Site 3",30.55886,-96.41177,75,13.41,4.467,24.91,29.41,35.53,38.91,41.21,25.14,21.89,20.77,19.13,19.05,19.15,1079,1202,1299,1251,1463,1678
"2023-04-26 18:00:00",196,"Site 3",30.55886,-96.41177,75,13.46,4.444,24.82,29.4,35.52,38.92,41.2,25.17,22.38,21.1,19.24,19.01,19.17,1078,1204,1300,1251,1464,1678
"2023-04-26 19:00:00",197,"Site 3",30.55886,-96.41177,75,13.06,4.441,24.75,29.39,35.54,38.94,41.2,25.1,22.6,21.36,19.4,19.03,19.2,1076,1205,1302,1251,1464,1679
"2023-04-26 20:00:00",198,"Site 3",30.55886,-96.41177,75,12.77,4.446,24.72,29.39,35.53,38.92,41.2,24.64,22.64,21.58,19.53,19.1,19.2,1073,1204,1303,1251,1465,1680
"2023-04-26 21:00:00",199,"Site 3",30.55886,-96.41177,75,12.72,4.46,24.72,29.39,35.54,38.92,41.2,24.04,22.68,21.67,19.65,19.24,19.21,1069,1204,1304,1252,1465,1680
"2023-04-26 22:00:00",200,"Site 3",30.55886,-96.41177,75,12.69,4.467,24.72,29.38,35.56,38.9,41.21,23.66,22.61,21.85,19.76,19.26,19.22,1065,1204,1304,1252,1464,1680
"2023-04-26 23:00:00",201,"Site 3",30.55886,-96.41177,75,12.64,4.748,25.08,29.4,35.58,38.89,41.23,23.16,22.5,21.9,19.9,19.4,19.23,1073,1202,1300,1247,1462,1677
"2023-04-27 00:00:00",202,"Site 3",30.55886,-96.41177,75,12.6,6.306,27.99,29.98,35.61,38.89,41.24,22.23,22.31,21.86,19.93,19.43,19.26,1050,1186,1299,1237,1457,1672
"2023-04-27 01:00:00",203,"Site 3",30.55886,-96.41177,75,12.56,10.87,29.36,30.59,35.62,38.91,41.21,21.71,22,21.87,19.97,19.44,19.38,1104,1215,1320,1236,1455,1669
"2023-04-27 02:00:00",204,"Site 3",30.55886,-96.41177,75,12.54,39.97,32.13,32.38,36.59,38.93,41.28,20.94,21.68,21.67,20.05,19.56,19.42,1186,1278,1382,1236,1443,1654
"2023-04-27 03:00:00",205,"Site 3",30.55886,-96.41177,75,12.51,40.11,32.25,31.96,37.95,39.11,41.43,20.54,21.34,21.67,20.04,19.63,19.42,1182,1277,1374,1251,1452,1666
"2023-04-27 04:00:00",206,"Site 3",30.55886,-96.41177,75,12.48,35.02,32.3,31.71,37.63,39.67,41.5,20.31,21.06,21.45,20.03,19.65,19.44,1192,1284,1373,1249,1458,1672
"2023-04-27 05:00:00",207,"Site 3",30.55886,-96.41177,75,12.45,10.68,31.82,31.47,37.44,39.72,41.49,20.2,20.85,21.28,19.93,19.64,19.54,1038,1205,1328,1245,1465,1683
"2023-04-27 06:00:00",208,"Site 3",30.55886,-96.41177,75,12.43,7.152,29.33,31.27,37.28,39.68,41.51,20.14,20.69,21.14,19.89,19.67,19.6,1016,1178,1322,1244,1468,1688
"2023-04-27 07:00:00",209,"Site 3",30.55886,-96.41177,75,12.39,6.735,29.08,31.11,37.16,39.66,41.52,20.05,20.57,21.03,19.91,19.65,19.63,1023,1176,1321,1244,1468,1688
"2023-04-27 08:00:00",210,"Site 3",30.55886,-96.41177,75,12.44,6.524,28.98,31.03,37.08,39.61,41.54,19.98,20.41,20.9,19.79,19.63,19.64,1030,1175,1319,1245,1468,1690
"2023-04-27 09:00:00",211,"Site 3",30.55886,-96.41177,75,12.48,6.397,28.72,30.98,37.02,39.59,41.57,19.95,20.29,20.84,19.69,19.65,19.63,1036,1174,1318,1244,1468,1690
"2023-04-27 10:00:00",212,"Site 3",30.55886,-96.41177,75,12.98,6.323,28.69,30.96,36.95,39.57,41.59,20.05,20.2,20.69,19.66,19.63,19.63,1039,1174,1318,1244,1468,1691
"2023-04-27 11:00:00",213,"Site 3",30.55886,-96.41177,75,12.93,6.248,28.62,30.94,36.9,39.55,41.6,20.41,20.2,20.66,19.6,19.61,19.63,1044,1174,1318,1243,1468,1692
"2023-04-27 12:00:00",214,"Site 3",30.55886,-96.41177,75,13.4,6.184,28.55,30.91,36.86,39.54,41.61,20.68,20.36,20.64,19.49,19.57,19.63,1048,1174,1318,1244,1468,1692
"2023-04-27 13:00:00",215,"Site 3",30.55886,-96.41177,75,13.59,6.107,28.5,30.91,36.82,39.52,41.63,21.19,20.42,20.64,19.47,19.47,19.63,1055,1175,1318,1245,1467,1692
"2023-04-27 14:00:00",216,"Site 3",30.55886,-96.41177,75,13.53,5.998,28.41,30.9,36.78,39.51,41.63,22.29,20.65,20.64,19.49,19.45,19.62,1067,1176,1318,1246,1466,1691
"2023-04-27 15:00:00",217,"Site 3",30.55886,-96.41177,75,13.51,5.864,28.27,30.88,36.75,39.48,41.63,23.92,21.09,20.67,19.44,19.45,19.63,1085,1178,1319,1247,1465,1691
"2023-04-27 16:00:00",218,"Site 3",30.55886,-96.41177,75,13.49,5.749,28.08,30.84,36.73,39.47,41.64,25.13,21.77,20.94,19.47,19.44,19.56,1098,1183,1320,1248,1466,1691
"2023-04-27 17:00:00",219,"Site 3",30.55886,-96.41177,75,13.49,5.656,27.93,30.79,36.7,39.45,41.62,25.81,22.39,21.17,19.49,19.42,19.59,1108,1186,1321,1248,1465,1690
"2023-04-27 18:00:00",220,"Site 3",30.55886,-96.41177,75,13.49,5.59,27.81,30.75,36.64,39.44,41.62,26,22.83,21.54,19.68,19.43,19.5,1112,1189,1322,1248,1466,1691
"2023-04-27 19:00:00",221,"Site 3",30.55886,-96.41177,75,13.19,5.563,27.71,30.71,36.65,39.44,41.6,25.72,23.12,21.8,19.78,19.45,19.54,1110,1190,1324,1247,1466,1691
"2023-04-27 20:00:00",222,"Site 3",30.55886,-96.41177,75,12.75,5.566,27.68,30.69,36.65,39.43,41.62,24.98,23.19,22.04,19.9,19.56,19.59,1105,1190,1325,1246,1467,1692
"2023-04-27 21:00:00",223,"Site 3",30.55886,-96.41177,75,12.69,5.574,27.67,30.68,36.65,39.38,41.6,24.12,23.14,22.21,20.1,19.63,19.6,1098,1190,1326,1247,1468,1693
"2023-04-27 22:00:00",224,"Site 3",30.55886,-96.41177,75,12.65,5.587,27.69,30.68,36.65,39.41,41.61,23.28,22.93,22.26,20.17,19.61,19.6,1089,1189,1326,1247,1468,1694
"2023-04-27 23:00:00",225,"Site 3",30.55886,-96.41177,75,12.61,5.59,27.7,30.69,36.62,39.39,41.61,22.59,22.65,22.26,20.28,19.75,19.63,1083,1187,1326,1247,1469,1694
"2023-04-28 00:00:00",226,"Site 3",30.55886,-96.41177,75,12.58,5.596,27.75,30.69,36.64,39.37,41.62,21.97,22.36,22.15,20.35,19.83,19.63,1078,1186,1326,1247,1469,1695
"2023-04-28 01:00:00",227,"Site 3",30.55886,-96.41177,75,12.55,5.594,27.77,30.68,36.63,39.37,41.63,21.5,22.07,22.04,20.33,19.84,19.64,1073,1185,1325,1247,1469,1695
"2023-04-28 02:00:00",228,"Site 3",30.55886,-96.41177,75,12.52,5.598,27.8,30.66,36.62,39.36,41.61,21.06,21.72,21.88,20.3,19.85,19.72,1068,1184,1325,1247,1470,1695
"2023-04-28 03:00:00",229,"Site 3",30.55886,-96.41177,75,12.5,5.603,27.82,30.67,36.6,39.35,41.6,20.65,21.47,21.71,20.32,19.87,19.82,1065,1182,1324,1247,1469,1696
"2023-04-28 04:00:00",230,"Site 3",30.55886,-96.41177,75,12.46,5.598,27.85,30.64,36.58,39.32,41.6,20.38,21.19,21.6,20.29,19.92,19.82,1062,1181,1324,1247,1469,1696
"2023-04-28 05:00:00",231,"Site 3",30.55886,-96.41177,75,12.43,5.599,27.86,30.64,36.57,39.28,41.61,20.06,20.95,21.42,20.16,19.92,19.84,1060,1180,1323,1247,1468,1695
"2023-04-28 06:00:00",232,"Site 3",30.55886,-96.41177,75,12.39,5.598,27.89,30.65,36.56,39.28,41.6,19.8,20.7,21.26,20.07,19.88,19.84,1055,1179,1322,1246,1468,1695
"2023-04-28 07:00:00",233,"Site 3",30.55886,-96.41177,75,12.37,5.596,27.9,30.65,36.51,39.24,41.61,19.53,20.49,21.14,20.05,19.84,19.84,1053,1179,1322,1246,1468,1695
"2023-04-28 08:00:00",234,"Site 3",30.55886,-96.41177,75,12.46,5.599,27.9,30.65,36.53,39.24,41.62,19.31,20.24,20.99,19.9,19.85,19.84,1051,1178,1321,1246,1467,1695
"2023-04-28 09:00:00",235,"Site 3",30.55886,-96.41177,75,12.71,5.582,27.91,30.67,36.5,39.22,41.62,19.37,20.1,20.81,19.9,19.8,19.84,1052,1178,1320,1246,1467,1696
"2023-04-28 10:00:00",236,"Site 3",30.55886,-96.41177,75,13.14,5.566,27.88,30.67,36.48,39.21,41.61,19.63,19.99,20.67,19.72,19.86,19.84,1053,1178,1320,1246,1466,1695
"2023-04-28 11:00:00",237,"Site 3",30.55886,-96.41177,75,13.55,5.544,27.88,30.69,36.47,39.2,41.61,20.15,19.99,20.53,19.69,19.79,19.83,1058,1178,1319,1247,1466,1694
"2023-04-28 12:00:00",238,"Site 3",30.55886,-96.41177,75,13.55,5.494,27.84,30.7,36.43,39.2,41.6,21.17,20.16,20.47,19.67,19.71,19.83,1067,1180,1319,1247,1465,1693
