"TOA5","3","CR300","7201","CR300.Std.07.00","CPU:Site 3 (Field).CR300","44992","SoilVUE"
"TIMESTAMP","RECORD","station","latitude","longitude","altitude","BattV","SoilVUE_5_VWC_Avg","SoilVUE_10_VWC_Avg","SoilVUE_20_VWC_Avg","SoilVUE_30_VWC_Avg","SoilVUE_40_VWC_Avg","SoilVUE_50_VWC_Avg","SoilVUE_5_T_Avg","SoilVUE_10_T_Avg","SoilVUE_20_T_Avg","SoilVUE_30_T_Avg","SoilVUE_40_T_Avg","SoilVUE_50_T_Avg","SoilVUE_5_BulkEC_Avg","SoilVUE_10_BulkEC_Avg","SoilVUE_20_BulkEC_Avg","SoilVUE_30_BulkEC_Avg","SoilVUE_40_BulkEC_Avg","SoilVUE_50_BulkEC_Avg","SoilVUE_5_Ka_Avg","SoilVUE_10_Ka_Avg","SoilVUE_20_Ka_Avg","SoilVUE_30_Ka_Avg","SoilVUE_40_Ka_Avg","SoilVUE_50_Ka_Avg"
"TS","RN","name","decdegrees","decdegrees","m","Volts","m^3/m^3","m^3/m^3","m^3/m^3","m^3/m^3","m^3/m^3","m^3/m^3","Deg C","Deg C","Deg C","Deg C","Deg C","Deg C","dS/m","dS/m","dS/m","dS/m","dS/m","dS/m","unitless","unitless","unitless","unitless","unitless","unitless"
"","","Smp","Smp","Smp","Smp","Smp","Avg","Avg","Avg","Avg","Avg","Avg","Avg","Avg","Avg","Avg","Avg","Avg","Avg","Avg","Avg","Avg","Avg","Avg","Avg","Avg","Avg","Avg","Avg","Avg"
"2023-03-31 16:00:00",0,"Site 3",30.55886,-96.41177,75,13.44,0.041,0.064,0.064,0.118,0.168,0.255,29.32,23.97,21.37,20.37,19.74,19.29,0.007,0.009,0.006,0.098,0.004,0.11,3.646,4.456,4.443,6.647,9.15,14.31
"2023-03-31 17:00:00",1,"Site 3",30.55886,-96.41177,75,13.44,0.04,0.068,0.065,0.118,0.17,0.258,29.36,24.98,22,20.61,19.84,19.34,0.007,0.01,0.007,0.099,0.003,0.101,3.592,4.582,4.481,6.686,9.21,14.55
"2023-03-31 18:00:00",2,"Site 3",30.55886,-96.41177,75,13.44,0.04,0.067,0.064,0.12,0.169,0.256,28.4,25.1,22.38,20.85,19.94,19.37,0.008,0.011,0.006,0.098,0.003,0.098,3.586,4.552,4.441,6.76,9.16,14.37
"2023-04-01 13:00:00",3,"Site 3",30.55886,-96.41177,75,13.46,0.04,0.066,0.065,0.12,0.171,0.256,29.57,23.22,20.6,20.16,20.05,19.85,0.006,0.011,0.006,0.098,0.004,0.1,3.594,4.515,4.463,6.77,9.31,14.4
"2023-04-01 14:00:00",4,"Site 3",30.55886,-96.41177,75,13.42,0.036,0.064,0.062,0.119,0.168,0.255,31.6,24.55,21.19,20.32,20.06,19.83,0.006,0.01,0.006,0.099,0.006,0.099,3.472,4.44,4.362,6.699,9.1,14.3
"2023-04-01 15:00:00",5,"Site 3",30.55886,-96.41177,75,13.42,0.035,0.064,0.064,0.122,0.17,0.257,31.71,25.68,21.95,20.6,20.1,19.81,0.008,0.01,0.008,0.1,0.005,0.1,3.439,4.453,4.424,6.837,9.23,14.45
"2023-04-01 17:00:00",6,"Site 3",30.55886,-96.41177,75,13.48,0.032,0.065,0.067,0.123,0.17,0.259,27.81,25.12,22.83,21.29,20.35,19.83,0.008,0.012,0.008,0.1,0.004,0.11,3.328,4.491,4.551,6.895,9.23,14.62
"2023-04-02 15:00:00",7,"Site 3",30.55886,-96.41177,75,13.53,0.028,0.062,0.06,0.118,0.171,0.252,23.88,21.68,20.63,20.29,20.13,19.96,0.006,0.01,0.007,0.099,0.005,0.1,3.207,4.366,4.299,6.66,9.27,14.16
"2023-04-02 16:00:00",8,"Site 3",30.55886,-96.41177,75,13.51,0.027,0.063,0.061,0.117,0.169,0.255,24.97,22.26,20.88,20.4,20.16,19.94,0.007,0.01,0.007,0.101,0.006,0.1,3.171,4.394,4.319,6.642,9.18,14.36
"2023-04-03 13:00:00",9,"Site 3",30.55886,-96.41177,75,13.44,0.061,0.067,0.063,0.122,0.171,0.256,29.84,24.62,21.76,20.91,20.49,20.13,0.013,0.011,0.009,0.097,0.006,0.099,4.333,4.557,4.418,6.832,9.3,14.37
"2023-04-03 14:00:00",10,"Site 3",30.55886,-96.41177,75,13.42,0.057,0.068,0.064,0.12,0.171,0.256,31.49,25.68,22.25,21.08,20.53,20.15,0.014,0.012,0.009,0.1,0.006,0.101,4.193,4.587,4.443,6.773,9.27,14.43
"2023-04-03 15:00:00",11,"Site 3",30.55886,-96.41177,75,13.42,0.056,0.069,0.065,0.121,0.173,0.256,32.62,26.98,23.05,21.39,20.62,20.16,0.014,0.012,0.01,0.101,0.004,0.1,4.159,4.611,4.461,6.821,9.41,14.42
"2023-04-03 16:00:00",12,"Site 3",30.55886,-96.41177,75,13.42,0.05,0.067,0.064,0.119,0.172,0.257,32.37,27.62,23.75,21.78,20.77,20.19,0.015,0.012,0.01,0.101,0.005,0.103,3.942,4.555,4.449,6.721,9.33,14.49
"2023-04-03 17:00:00",13,"Site 3",30.55886,-96.41177,75,13.42,0.051,0.066,0.065,0.119,0.171,0.257,31.91,27.86,24.31,22.18,20.94,20.25,0.014,0.012,0.01,0.101,0.005,0.102,3.968,4.527,4.475,6.71,9.27,14.43
"2023-04-03 18:00:00",14,"Site 3",30.55886,-96.41177,75,13.41,0.047,0.066,0.064,0.122,0.172,0.256,30.39,27.74,24.67,22.54,21.12,20.32,0.014,0.012,0.011,0.103,0.006,0.103,3.833,4.499,4.429,6.83,9.33,14.4
"2023-04-04 12:00:00",15,"Site 3",30.55886,-96.41177,75,13.51,0.043,0.063,0.062,0.122,0.172,0.258,25.44,23.33,22.38,22,21.62,21.11,0.013,0.013,0.013,0.103,0.007,0.105,3.706,4.419,4.365,6.836,9.34,14.52
"2023-04-04 13:00:00",16,"Site 3",30.55886,-96.41177,75,13.48,0.045,0.063,0.061,0.12,0.175,0.26,26.92,24.15,22.61,22.05,21.59,21.11,0.012,0.012,0.013,0.102,-8.191,-8.191,-8.191,-8.191,-8.191,-8.191,-8.191,-8.191
