"TOA5","2","CR300","7174","CR300.Std.07.00","CPU:Site 2 (Field).CR300","63613","DrillDrop"
"TIMESTAMP","RECORD","station","latitude","longitude","altitude","BattV","DD_5_VWC_Avg","DD_15_VWC_Avg","DD_25_VWC_Avg","DD_35_VWC_Avg","DD_45_VWC_Avg","DD_55_VWC_Avg","DD_5_Temp_Avg","DD_15_Temp_Avg","DD_25_Temp_Avg","DD_35_Temp_Avg","DD_45_Temp_Avg","DD_55_Temp_Avg","DD_5_Sal_Avg","DD_15_Sal_Avg","DD_25_Sal_Avg","DD_35_Sal_Avg","DD_45_Sal_Avg","DD_55_Sal_Avg"
"TS","RN","name","decdegrees","decdegrees","m","Volts","%","%","%","%","%","%","Deg C","Deg C","Deg C","Deg C","Deg C","Deg C","VIC","VIC","VIC","VIC","VIC","VIC"
"","","Smp","Smp","Smp","Smp","Smp","Avg","Avg","Avg","Avg","Avg","Avg","Avg","Avg","Avg","Avg","Avg","Avg","Avg","Avg","Avg","Avg","Avg","Avg"
"2023-03-24 15:00:00",0,"Site 2",30.5498,-96.4115,75,13.32,36.05,42.24,49.46,51.67,50.78,49.84,24.11,21.27,20.52,19.33,18.64,18.2,1336,1926,3252,1360,1800,1978
"2023-03-24 16:00:00",1,"Site 2",30.5498,-96.4115,75,13.47,36.05,42.27,49.48,51.66,50.77,49.81,24.92,21.66,20.57,19.35,18.62,18.26,1337,1931,3256,1361,1798,1976
"2023-03-24 17:00:00",2,"Site 2",30.5498,-96.4115,75,13.45,36.05,42.28,49.46,51.64,50.78,49.8,25.81,22.3,20.85,19.45,18.63,18.27,1338,1951,3273,1360,1798,1975
"2023-03-24 18:00:00",3,"Site 2",30.5498,-96.4115,75,13.45,36,42.34,49.47,51.64,50.78,49.79,25.71,22.76,21.03,19.52,18.6,18.28,1336,1971,3294,1358,1798,1975
"2023-03-24 19:00:00",4,"Site 2",30.5498,-96.4115,75,13.45,35.96,42.31,49.47,51.63,50.79,49.79,24.83,23.02,21.35,19.62,18.66,18.28,1332,1979,3311,1357,1798,1976
"2023-03-24 20:00:00",5,"Site 2",30.5498,-96.4115,75,12.76,35.9,42.32,49.47,51.65,50.75,49.78,23.78,22.87,21.56,19.7,18.81,18.27,1331,1975,3315,1356,1800,1976
"2023-03-24 21:00:00",6,"Site 2",30.5498,-96.4115,75,12.68,35.85,42.3,49.5,51.65,50.76,49.8,22.87,22.46,21.59,19.92,18.79,18.3,1330,1959,3306,1358,1799,1978
"2023-03-24 22:00:00",7,"Site 2",30.5498,-96.4115,75,12.61,35.79,42.25,49.5,51.68,50.79,49.8,22.07,22.13,21.56,19.91,18.83,18.37,1331,1941,3303,1359,1803,1978
"2023-03-24 23:00:00",8,"Site 2",30.5498,-96.4115,75,12.54,35.71,42.22,49.49,51.67,50.8,49.78,21.43,21.75,21.53,19.97,18.99,18.48,1329,1926,3292,1360,1803,1978
"2023-03-25 00:00:00",9,"Site 2",30.5498,-96.4115,75,12.47,35.62,42.18,49.49,51.68,50.79,49.8,20.79,21.31,21.35,19.97,19,18.49,1329,1913,3273,1361,1804,1980
"2023-03-25 01:00:00",10,"Site 2",30.5498,-96.4115,75,12.43,35.56,42.14,49.49,51.7,50.81,49.81,20.23,20.87,21.14,20.01,18.98,18.48,1327,1899,3259,1362,1805,1981
"2023-03-25 02:00:00",11,"Site 2",30.5498,-96.4115,75,12.41,35.51,42.09,49.47,51.7,50.81,49.81,19.64,20.58,20.94,19.94,19.06,18.51,1326,1884,3245,1363,1806,1982
"2023-03-25 03:00:00",12,"Site 2",30.5498,-96.4115,75,12.39,35.44,42.05,49.45,51.69,50.8,49.81,19.12,20.11,20.76,19.93,19.07,18.61,1325,1871,3228,1363,1806,1983
"2023-03-25 04:00:00",13,"Site 2",30.5498,-96.4115,75,12.36,35.38,42.01,49.43,51.71,50.79,49.82,18.6,19.79,20.56,19.89,19.08,18.67,1325,1861,3214,1363,1805,1984
"2023-03-25 05:00:00",14,"Site 2",30.5498,-96.4115,75,12.34,35.31,41.99,49.44,51.69,50.8,49.82,18.15,19.39,20.26,19.7,19.11,18.7,1325,1849,3195,1364,1806,1984
"2023-03-25 06:00:00",15,"Site 2",30.5498,-96.4115,75,12.32,35.24,41.94,49.4,51.68,50.8,49.82,17.74,19.05,20.08,19.66,19.08,18.69,1322,1838,3181,1364,1806,1984
"2023-03-25 07:00:00",16,"Site 2",30.5498,-96.4115,75,12.29,35.17,41.9,49.39,51.66,50.81,49.84,17.28,18.72,19.82,19.5,19.05,18.7,1321,1829,3165,1364,1806,1984
"2023-03-25 08:00:00",17,"Site 2",30.5498,-96.4115,75,12.31,35.13,41.85,49.35,51.66,50.8,49.84,16.88,18.39,19.61,19.42,19.02,18.7,1321,1820,3151,1364,1805,1984
"2023-03-25 09:00:00",18,"Site 2",30.5498,-96.4115,75,12.42,35.07,41.81,49.35,51.64,50.79,49.84,16.8,18.02,19.35,19.29,19,18.69,1323,1809,3132,1365,1806,1984
"2023-03-25 10:00:00",19,"Site 2",30.5498,-96.4115,75,12.55,35.11,41.8,49.31,51.63,50.79,49.85,17.65,17.85,19.19,19.14,18.85,18.7,1324,1808,3125,1365,1804,1985
"2023-03-25 11:00:00",20,"Site 2",30.5498,-96.4115,75,12.66,35.16,41.79,49.29,51.6,50.81,49.85,19.15,18.09,18.92,19,18.83,18.7,1323,1825,3139,1360,1803,1986
"2023-03-25 12:00:00",21,"Site 2",30.5498,-96.4115,75,12.88,35.23,41.8,49.28,51.59,50.77,49.85,20.64,18.59,18.94,18.9,18.78,18.7,1324,1844,3148,1359,1801,1986
"2023-03-25 13:00:00",22,"Site 2",30.5498,-96.4115,75,13.39,35.31,41.86,49.27,51.59,50.78,49.83,22.54,19.28,19.06,18.79,18.7,18.7,1329,1865,3160,1358,1800,1982
"2023-03-25 14:00:00",23,"Site 2",30.5498,-96.4115,75,13.48,35.37,41.9,49.28,51.58,50.77,49.8,24.37,20.17,19.24,18.7,18.6,18.63,1333,1891,3181,1358,1796,1979
"2023-03-25 15:00:00",24,"Site 2",30.5498,-96.4115,75,13.49,35.39,41.96,49.26,51.57,50.75,49.8,25.74,21.16,19.58,18.71,18.64,18.55,1335,1918,3198,1358,1795,1974
"2023-03-25 16:00:00",25,"Site 2",30.5498,-96.4115,75,13.5,35.4,42.04,49.27,51.54,50.72,49.77,26.65,21.96,20.01,18.87,18.61,18.56,1338,1944,3223,1358,1794,1971
"2023-03-25 17:00:00",26,"Site 2",30.5498,-96.4115,75,13.48,35.38,42.09,49.29,51.54,50.69,49.76,26.82,22.7,20.49,19.02,18.59,18.5,1337,1966,3245,1356,1793,1969
"2023-03-25 18:00:00",27,"Site 2",30.5498,-96.4115,75,13.46,35.31,42.09,49.3,51.55,50.69,49.73,26.39,23.16,20.88,19.19,18.62,18.5,1334,1982,3271,1355,1793,1969
"2023-03-25 19:00:00",28,"Site 2",30.5498,-96.4115,75,13.46,35.23,42.11,49.3,51.55,50.71,49.72,25.5,23.25,21.28,19.41,18.64,18.49,1331,1986,3289,1354,1793,1969
"2023-03-25 20:00:00",29,"Site 2",30.5498,-96.4115,75,12.77,35.17,42.08,49.32,51.58,50.67,49.73,24.3,23.13,21.53,19.57,18.76,18.5,1329,1981,3296,1354,1795,1969
"2023-03-25 21:00:00",30,"Site 2",30.5498,-96.4115,75,12.69,35.05,42.05,49.36,51.59,50.7,49.73,23.11,22.79,21.63,19.73,18.83,18.53,1328,1965,3292,1355,1796,1972
"2023-03-25 22:00:00",31,"Site 2",30.5498,-96.4115,75,12.63,34.96,42.02,49.35,51.58,50.7,49.69,22.12,22.3,21.62,19.91,18.88,18.61,1326,1947,3287,1356,1800,1972
"2023-03-25 23:00:00",32,"Site 2",30.5498,-96.4115,75,12.59,34.86,41.98,49.35,51.64,50.69,49.69,21.4,21.82,21.52,19.95,19.01,18.69,1326,1928,3273,1357,1801,1972
"2023-03-26 00:00:00",33,"Site 2",30.5498,-96.4115,75,12.56,34.77,41.92,49.35,51.6,50.73,49.72,20.74,21.36,21.37,20.11,19.07,18.69,1323,1916,3259,1358,1803,1972
"2023-03-26 01:00:00",34,"Site 2",30.5498,-96.4115,75,12.52,34.67,41.88,49.33,51.6,50.69,49.73,20.16,20.95,21.19,20.05,19.16,18.7,1323,1898,3240,1359,1803,1975
"2023-03-26 02:00:00",35,"Site 2",30.5498,-96.4115,75,12.48,34.6,41.84,49.32,51.61,50.71,49.73,19.6,20.51,20.96,20.03,19.23,18.79,1322,1884,3226,1359,1803,1975
"2023-03-26 03:00:00",36,"Site 2",30.5498,-96.4115,75,12.45,34.55,41.79,49.31,51.63,50.71,49.72,19.06,20.13,20.77,19.87,19.23,18.89,1321,1870,3209,1360,1803,1976
"2023-03-26 04:00:00",37,"Site 2",30.5498,-96.4115,75,12.41,34.47,41.74,49.29,51.61,50.72,49.72,18.6,19.74,20.52,19.9,19.23,18.91,1320,1859,3193,1360,1804,1976
"2023-03-26 05:00:00",38,"Site 2",30.5498,-96.4115,75,12.37,34.41,41.72,49.28,51.61,50.72,49.73,18.24,19.38,20.3,19.79,19.24,18.91,1320,1848,3179,1361,1803,1977
"2023-03-26 06:00:00",39,"Site 2",30.5498,-96.4115,75,12.34,34.35,41.66,49.25,51.59,50.71,49.73,17.91,19.12,20.08,19.73,19.24,18.91,1318,1837,3160,1361,1803,1975
"2023-03-26 07:00:00",40,"Site 2",30.5498,-96.4115,75,12.32,34.28,41.64,49.25,51.59,50.71,49.73,17.62,18.78,19.85,19.53,19.23,18.91,1318,1829,3153,1362,1804,1975
"2023-03-26 08:00:00",41,"Site 2",30.5498,-96.4115,75,12.36,34.23,41.6,49.21,51.57,50.72,49.74,17.28,18.5,19.68,19.52,19.2,18.91,1318,1821,3136,1362,1803,1975
"2023-03-26 09:00:00",42,"Site 2",30.5498,-96.4115,75,12.67,34.23,41.57,49.22,51.59,50.72,49.74,17.42,18.29,19.39,19.31,19.05,18.91,1319,1813,3115,1364,1803,1975
"2023-03-26 10:00:00",43,"Site 2",30.5498,-96.4115,75,12.42,34.23,41.54,49.16,51.56,50.71,49.74,17.92,18.23,19.33,19.24,19.05,18.91,1320,1815,3111,1363,1802,1976
"2023-03-26 11:00:00",44,"Site 2",30.5498,-96.4115,75,12.62,34.24,41.55,49.17,51.55,50.7,49.74,18.27,18.25,19.17,19.12,19.02,18.91,1320,1818,3111,1362,1798,1975
"2023-03-26 12:00:00",45,"Site 2",30.5498,-96.4115,75,12.84,34.26,41.56,49.13,51.54,50.71,49.74,18.53,18.35,19.12,19.01,18.89,18.91,1320,1822,3111,1361,1799,1975
"2023-03-26 13:00:00",46,"Site 2",30.5498,-96.4115,75,12.89,34.26,41.57,49.12,51.55,50.73,49.73,18.98,18.44,19.02,18.9,18.85,18.91,1321,1825,3113,1360,1800,1975
"2023-03-26 14:00:00",47,"Site 2",30.5498,-96.4115,75,12.87,34.29,41.58,49.13,51.53,50.7,49.73,19.43,18.64,19.02,18.88,18.83,18.89,1323,1833,3118,1359,1799,1975
"2023-03-26 15:00:00",48,"Site 2",30.5498,-96.4115,75,13.44,34.29,41.58,49.11,51.54,50.69,49.72,19.97,18.82,19.11,18.78,18.78,18.85,1323,1841,3122,1359,1798,1974
"2023-03-26 16:00:00",49,"Site 2",30.5498,-96.4115,75,13.15,34.34,41.59,49.14,51.54,50.71,49.74,20.73,19.15,19.13,18.69,18.7,18.76,1322,1856,3141,1357,1798,1975
"2023-03-26 17:00:00",50,"Site 2",30.5498,-96.4115,75,13.48,34.38,41.64,49.13,51.53,50.71,49.74,21.16,19.5,19.24,18.69,18.64,18.74,1324,1864,3148,1356,1797,1973
"2023-03-26 18:00:00",51,"Site 2",30.5498,-96.4115,75,13.56,34.38,41.64,49.13,51.53,50.7,49.73,21.51,19.76,19.35,18.7,18.64,18.71,1324,1869,3153,1356,1795,1972
"2023-03-26 19:00:00",52,"Site 2",30.5498,-96.4115,75,13.55,34.39,41.68,49.15,51.54,50.69,49.72,21.61,20.06,19.49,18.72,18.62,18.7,1323,1878,3165,1355,1795,1972
"2023-03-26 20:00:00",53,"Site 2",30.5498,-96.4115,75,12.76,34.35,41.69,49.15,51.51,50.68,49.72,21.22,20.2,19.67,18.86,18.63,18.69,1322,1879,3167,1355,1796,1971
"2023-03-26 21:00:00",54,"Site 2",30.5498,-96.4115,75,12.7,34.29,41.68,49.17,51.53,50.68,49.72,20.63,20.09,19.74,18.89,18.64,18.7,1324,1872,3165,1357,1795,1970
"2023-03-26 22:00:00",55,"Site 2",30.5498,-96.4115,75,12.65,34.24,41.66,49.19,51.55,50.69,49.72,20.27,19.97,19.76,18.9,18.64,18.69,1324,1864,3160,1359,1795,1969
"2023-03-26 23:00:00",56,"Site 2",30.5498,-96.4115,75,12.62,34.21,41.64,49.19,51.52,50.69,49.72,20.21,19.82,19.7,19.01,18.63,18.67,1323,1859,3160,1359,1795,1969
"2023-03-27 00:00:00",57,"Site 2",30.5498,-96.4115,75,12.58,34.21,41.63,49.17,51.53,50.69,49.71,20.1,19.71,19.73,19.05,18.64,18.67,1323,1856,3153,1359,1796,1969
"2023-03-27 01:00:00",58,"Site 2",30.5498,-96.4115,75,12.55,34.16,41.64,49.17,51.51,50.7,49.71,20.03,19.66,19.7,19.1,18.64,18.68,1323,1851,3153,1360,1796,1969
"2023-03-27 02:00:00",59,"Site 2",30.5498,-96.4115,75,12.5,34.14,41.61,49.17,51.52,50.71,49.71,19.7,19.63,19.72,19.07,18.62,18.67,1324,1853,3148,1360,1798,1970
"2023-03-27 03:00:00",60,"Site 2",30.5498,-96.4115,75,12.46,34.09,41.6,49.16,51.52,50.69,49.71,19.21,19.42,19.69,19.07,18.63,18.68,1321,1849,3148,1360,1798,1969
"2023-03-27 04:00:00",61,"Site 2",30.5498,-96.4115,75,12.42,34.03,41.57,49.18,51.53,50.72,49.72,18.79,19.22,19.59,19.08,18.67,18.7,1321,1843,3141,1360,1798,1971
"2023-03-27 05:00:00",62,"Site 2",30.5498,-96.4115,75,12.38,33.99,41.56,49.15,51.54,50.69,49.72,18.34,18.95,19.51,19.01,18.67,18.67,1321,1829,3125,1361,1797,1969
"2023-03-27 06:00:00",63,"Site 2",30.5498,-96.4115,75,12.35,33.94,41.52,49.16,51.54,50.71,49.72,18.06,18.71,19.31,18.92,18.63,18.69,1321,1820,3113,1362,1795,1969
"2023-03-27 07:00:00",64,"Site 2",30.5498,-96.4115,75,12.33,33.89,41.5,49.13,51.54,50.71,49.72,17.87,18.47,19.27,18.9,18.62,18.7,1321,1814,3106,1362,1798,1969
"2023-03-27 08:00:00",65,"Site 2",30.5498,-96.4115,75,12.34,33.85,41.46,49.11,51.51,50.7,49.72,17.62,18.3,19.15,18.86,18.63,18.7,1320,1808,3096,1362,1797,1969
"2023-03-27 09:00:00",66,"Site 2",30.5498,-96.4115,75,12.48,33.85,41.46,49.13,51.54,50.7,49.71,17.64,18.08,18.99,18.75,18.63,18.68,1321,1805,3087,1363,1798,1969
"2023-03-27 10:00:00",67,"Site 2",30.5498,-96.4115,75,12.99,33.86,41.44,49.09,51.53,50.68,49.72,18.13,18.04,18.87,18.69,18.63,18.7,1322,1804,3085,1362,1796,1969
"2023-03-27 11:00:00",68,"Site 2",30.5498,-96.4115,75,13.03,33.93,41.44,49.1,51.5,50.68,49.72,19.19,18.18,18.73,18.66,18.62,18.66,1322,1815,3094,1360,1796,1970
"2023-03-27 12:00:00",69,"Site 2",30.5498,-96.4115,75,13.49,33.98,41.45,49.07,51.51,50.69,49.72,20.5,18.62,18.76,18.52,18.5,18.53,1321,1837,3113,1357,1795,1971
"2023-03-27 13:00:00",70,"Site 2",30.5498,-96.4115,75,13.56,34.04,41.5,49.06,51.5,50.69,49.72,21.46,19.09,18.9,18.48,18.44,18.56,1323,1848,3115,1357,1793,1968
"2023-03-27 14:00:00",71,"Site 2",30.5498,-96.4115,75,13.52,34.14,41.54,49.07,51.49,50.67,49.72,23.03,19.71,19.07,18.49,18.42,18.51,1328,1863,3129,1357,1791,1967
"2023-03-27 15:00:00",72,"Site 2",30.5498,-96.4115,75,13.48,34.19,41.57,49.06,51.48,50.64,49.7,24.48,20.48,19.32,18.51,18.43,18.5,1332,1885,3148,1357,1789,1964
"2023-03-27 16:00:00",73,"Site 2",30.5498,-96.4115,75,13.48,34.19,41.63,49.08,51.44,50.62,49.68,25.29,21.3,19.64,18.66,18.43,18.49,1332,1912,3167,1356,1788,1963
"2023-03-27 17:00:00",74,"Site 2",30.5498,-96.4115,75,13.46,34.18,41.68,49.08,51.47,50.6,49.66,25.6,21.87,20.04,18.73,18.43,18.49,1334,1926,3186,1355,1786,1960
"2023-03-27 18:00:00",75,"Site 2",30.5498,-96.4115,75,13.45,34.13,41.7,49.1,51.46,50.6,49.65,25.51,22.35,20.41,18.91,18.43,18.49,1331,1940,3212,1354,1786,1960
"2023-03-27 19:00:00",76,"Site 2",30.5498,-96.4115,75,13.51,34.07,41.7,49.11,51.45,50.57,49.64,24.93,22.64,20.77,19.12,18.54,18.48,1327,1946,3226,1354,1786,1960
"2023-03-27 20:00:00",77,"Site 2",30.5498,-96.4115,75,12.76,34,41.72,49.14,51.48,50.57,49.64,24.17,22.62,21.03,19.29,18.61,18.5,1327,1945,3233,1354,1788,1963
"2023-03-27 21:00:00",78,"Site 2",30.5498,-96.4115,75,12.7,33.91,41.7,49.16,51.47,50.58,49.64,23.29,22.39,21.18,19.52,18.65,18.53,1326,1934,3238,1355,1789,1962
"2023-03-27 22:00:00",79,"Site 2",30.5498,-96.4115,75,12.66,33.84,41.69,49.15,51.51,50.57,49.64,22.62,22.12,21.3,19.6,18.81,18.62,1325,1924,3233,1355,1791,1963
"2023-03-27 23:00:00",80,"Site 2",30.5498,-96.4115,75,12.64,33.77,41.64,49.16,51.5,50.61,49.62,22.18,21.84,21.26,19.72,18.83,18.7,1323,1914,3228,1356,1792,1964
"2023-03-28 00:00:00",81,"Site 2",30.5498,-96.4115,75,12.61,33.72,41.61,49.18,51.51,50.6,49.63,21.91,21.6,21.16,19.83,18.95,18.69,1324,1905,3221,1357,1794,1965
"2023-03-28 01:00:00",82,"Site 2",30.5498,-96.4115,75,12.59,33.66,41.58,49.16,51.5,50.6,49.64,21.66,21.36,21.11,19.92,19.04,18.72,1323,1898,3216,1357,1794,1966
"2023-03-28 02:00:00",83,"Site 2",30.5498,-96.4115,75,12.56,33.61,41.56,49.17,51.51,50.62,49.65,21.32,21.19,20.98,19.92,19.05,18.72,1322,1893,3212,1357,1795,1966
"2023-03-28 03:00:00",84,"Site 2",30.5498,-96.4115,75,12.53,33.56,41.52,49.16,51.52,50.63,49.63,20.95,20.91,20.93,19.93,19.14,18.85,1321,1884,3207,1356,1797,1966
"2023-03-28 04:00:00",85,"Site 2",30.5498,-96.4115,75,12.49,33.51,41.49,49.15,51.53,50.6,49.63,20.73,20.78,20.86,19.93,19.21,18.9,1319,1881,3195,1356,1798,1966
"2023-03-28 05:00:00",86,"Site 2",30.5498,-96.4115,75,12.46,33.45,41.48,49.13,51.51,50.61,49.64,20.43,20.53,20.72,19.91,19.22,18.9,1317,1877,3193,1356,1798,1969
"2023-03-28 06:00:00",87,"Site 2",30.5498,-96.4115,75,12.42,33.4,41.46,49.14,51.54,50.61,49.66,20.13,20.38,20.63,19.76,19.23,18.91,1317,1871,3186,1356,1798,1970
"2023-03-28 07:00:00",88,"Site 2",30.5498,-96.4115,75,12.39,33.36,41.41,49.11,51.54,50.61,49.67,19.72,20.18,20.51,19.74,19.23,18.91,1315,1869,3183,1355,1799,1971
"2023-03-28 08:00:00",89,"Site 2",30.5498,-96.4115,75,12.39,33.3,41.39,49.12,51.54,50.61,49.68,19.46,19.9,20.36,19.7,19.24,18.91,1315,1861,3172,1355,1798,1972
"2023-03-28 09:00:00",90,"Site 2",30.5498,-96.4115,75,12.58,33.25,41.35,49.09,51.51,50.61,49.68,19.22,19.71,20.25,19.71,19.25,18.93,1313,1856,3162,1354,1800,1972
"2023-03-28 10:00:00",91,"Site 2",30.5498,-96.4115,75,12.92,33.22,41.34,49.06,51.53,50.61,49.68,19.17,19.52,20.15,19.61,19.24,19.03,1312,1853,3160,1354,1799,1972
"2023-03-28 11:00:00",92,"Site 2",30.5498,-96.4115,75,13.15,33.21,41.29,49.05,51.5,50.62,49.67,19.58,19.46,20,19.54,19.23,18.98,1314,1849,3153,1354,1799,1972
"2023-03-28 12:00:00",93,"Site 2",30.5498,-96.4115,75,13.59,33.25,41.29,49.03,51.48,50.59,49.67,20.57,19.52,19.88,19.53,19.21,19,1316,1854,3151,1354,1798,1970
"2023-03-28 13:00:00",94,"Site 2",30.5498,-96.4115,75,13.61,33.31,41.29,49,51.47,50.59,49.64,21.82,19.86,19.91,19.49,19.14,18.97,1320,1867,3153,1354,1796,1969
"2023-03-28 14:00:00",95,"Site 2",30.5498,-96.4115,75,13.59,33.35,41.32,48.99,51.47,50.58,49.66,22.92,20.44,19.91,19.36,19.09,18.93,1322,1885,3158,1355,1794,1968
"2023-03-28 15:00:00",96,"Site 2",30.5498,-96.4115,75,13.6,33.39,41.33,48.99,51.45,50.55,49.64,24.27,21.1,20.12,19.34,19.05,18.97,1327,1898,3167,1355,1790,1965
"2023-03-28 16:00:00",97,"Site 2",30.5498,-96.4115,75,13.57,33.36,41.4,48.99,51.41,50.52,49.63,25.21,21.62,20.37,19.46,19.06,18.92,1327,1916,3181,1354,1788,1964
"2023-03-28 17:00:00",98,"Site 2",30.5498,-96.4115,75,13.58,33.31,41.43,49,51.4,50.5,49.61,25.32,22.23,20.68,19.52,19.04,18.91,1327,1937,3202,1353,1788,1965
"2023-03-28 18:00:00",99,"Site 2",30.5498,-96.4115,75,13.57,33.22,41.44,49,51.4,50.49,49.61,24.76,22.54,20.98,19.6,19.06,18.93,1324,1949,3219,1351,1788,1965
"2023-03-28 19:00:00",100,"Site 2",30.5498,-96.4115,75,13,33.11,41.44,49,51.41,50.46,49.61,23.74,22.59,21.25,19.73,19.12,18.97,1321,1949,3231,1350,1788,1966
"2023-03-28 20:00:00",101,"Site 2",30.5498,-96.4115,75,12.73,32.99,41.4,49.02,51.4,50.46,49.6,22.69,22.32,21.36,19.91,19.22,18.97,1318,1940,3233,1350,1790,1967
"2023-03-28 21:00:00",102,"Site 2",30.5498,-96.4115,75,12.68,32.9,41.34,49.03,51.44,50.46,49.59,21.8,21.93,21.4,19.96,19.24,19.03,1316,1927,3228,1350,1792,1966
"2023-03-28 22:00:00",103,"Site 2",30.5498,-96.4115,75,12.64,32.81,41.3,49.02,51.43,50.49,49.6,21.23,21.56,21.34,20.1,19.25,19.07,1314,1915,3219,1351,1793,1968
"2023-03-28 23:00:00",104,"Site 2",30.5498,-96.4115,75,12.61,32.71,41.29,49.01,51.43,50.51,49.58,20.82,21.19,21.24,20.12,19.26,19.11,1311,1904,3212,1351,1795,1969
"2023-03-29 00:00:00",105,"Site 2",30.5498,-96.4115,75,12.59,32.62,41.21,49.02,51.43,50.49,49.59,20.28,20.86,21.08,20.12,19.4,19.11,1311,1894,3200,1351,1796,1969
"2023-03-29 01:00:00",106,"Site 2",30.5498,-96.4115,75,12.56,32.56,41.16,49,51.43,50.47,49.6,19.92,20.54,20.93,20.15,19.44,19.12,1309,1882,3188,1351,1796,1970
"2023-03-29 02:00:00",107,"Site 2",30.5498,-96.4115,75,12.53,32.49,41.14,48.99,51.42,50.49,49.62,19.54,20.2,20.74,20.12,19.43,19.13,1309,1875,3174,1351,1798,1971
"2023-03-29 03:00:00",108,"Site 2",30.5498,-96.4115,75,12.5,32.43,41.08,48.97,51.44,50.51,49.61,19.27,20,20.53,19.96,19.43,19.16,1308,1868,3165,1351,1798,1972
"2023-03-29 04:00:00",109,"Site 2",30.5498,-96.4115,75,12.46,32.39,41.05,48.95,51.43,50.5,49.61,18.94,19.72,20.37,19.93,19.42,19.18,1307,1861,3160,1350,1798,1972
"2023-03-29 05:00:00",110,"Site 2",30.5498,-96.4115,75,12.43,32.33,41.03,48.94,51.41,50.49,49.59,18.66,19.39,20.2,19.84,19.43,19.24,1305,1854,3151,1350,1798,1973
"2023-03-29 06:00:00",111,"Site 2",30.5498,-96.4115,75,12.4,32.3,40.99,48.9,51.42,50.49,49.61,18.51,19.27,20.1,19.72,19.43,19.29,1305,1847,3134,1350,1797,1974
"2023-03-29 07:00:00",112,"Site 2",30.5498,-96.4115,75,12.37,32.25,40.97,48.9,51.4,50.49,49.6,18.38,19.03,19.91,19.67,19.36,19.31,1305,1841,3127,1351,1796,1972
"2023-03-29 08:00:00",113,"Site 2",30.5498,-96.4115,75,12.35,32.22,40.94,48.89,51.4,50.52,49.59,18.2,18.86,19.73,19.52,19.25,19.25,1307,1833,3111,1352,1796,1972
"2023-03-29 09:00:00",114,"Site 2",30.5498,-96.4115,75,12.37,32.18,40.92,48.87,51.38,50.51,49.61,18.02,18.65,19.7,19.47,19.23,19.22,1306,1829,3104,1351,1796,1972
"2023-03-29 10:00:00",115,"Site 2",30.5498,-96.4115,75,12.85,32.16,40.89,48.85,51.4,50.47,49.61,18.05,18.56,19.51,19.38,19.22,19.19,1305,1827,3099,1351,1795,1970
"2023-03-29 11:00:00",116,"Site 2",30.5498,-96.4115,75,12.91,32.18,40.89,48.84,51.37,50.46,49.62,18.76,18.47,19.34,19.3,19.23,19.13,1308,1824,3089,1352,1794,1969
"2023-03-29 12:00:00",117,"Site 2",30.5498,-96.4115,75,13.25,32.27,40.88,48.81,51.37,50.46,49.62,20.3,18.78,19.37,19.17,19.18,19.13,1311,1831,3087,1352,1791,1967
"2023-03-29 13:00:00",118,"Site 2",30.5498,-96.4115,75,13.57,32.38,40.92,48.81,51.34,50.45,49.6,22.2,19.35,19.29,19.12,19.03,19.13,1316,1848,3096,1353,1788,1966
"2023-03-29 14:00:00",119,"Site 2",30.5498,-96.4115,75,13.56,32.44,40.96,48.79,51.31,50.42,49.58,23.28,20.17,19.48,19.12,19.05,19.12,1319,1871,3108,1352,1785,1964
"2023-03-29 15:00:00",120,"Site 2",30.5498,-96.4115,75,13.57,32.43,41.01,48.8,51.29,50.39,49.56,23.64,20.84,19.76,19.12,19.03,19.11,1319,1889,3129,1351,1784,1963
"2023-03-29 16:00:00",121,"Site 2",30.5498,-96.4115,75,13.56,32.4,41.06,48.8,51.29,50.36,49.55,23.64,21.18,20.08,19.15,19.03,19.1,1320,1902,3146,1350,1783,1962
"2023-03-29 17:00:00",122,"Site 2",30.5498,-96.4115,75,13.62,32.33,41.08,48.83,51.28,50.39,49.55,23.33,21.48,20.32,19.28,19.01,19.12,1318,1906,3158,1350,1783,1962
"2023-03-29 18:00:00",123,"Site 2",30.5498,-96.4115,75,13.1,32.26,41.05,48.83,51.28,50.38,49.56,22.98,21.53,20.54,19.37,19.02,19.05,1317,1907,3162,1349,1784,1960
"2023-03-29 19:00:00",124,"Site 2",30.5498,-96.4115,75,12.78,32.19,41.06,48.83,51.27,50.36,49.54,22.5,21.52,20.7,19.5,19.04,19.01,1314,1905,3167,1349,1784,1961
"2023-03-29 20:00:00",125,"Site 2",30.5498,-96.4115,75,12.72,32.12,41.04,48.86,51.3,50.38,49.55,21.97,21.35,20.74,19.56,19.03,19.05,1314,1901,3169,1349,1785,1962
"2023-03-29 21:00:00",126,"Site 2",30.5498,-96.4115,75,12.68,32.04,41.03,48.86,51.29,50.38,49.53,21.53,21.19,20.75,19.71,19.1,19.09,1313,1894,3167,1349,1786,1963
"2023-03-29 22:00:00",127,"Site 2",30.5498,-96.4115,75,12.65,31.97,41,48.87,51.31,50.37,49.55,21.16,20.95,20.76,19.74,19.17,19.06,1311,1887,3160,1349,1786,1963
"2023-03-29 23:00:00",128,"Site 2",30.5498,-96.4115,75,12.61,31.9,40.97,48.85,51.32,50.37,49.53,20.84,20.76,20.72,19.73,19.22,19.11,1310,1880,3158,1349,1786,1962
"2023-03-30 00:00:00",129,"Site 2",30.5498,-96.4115,75,12.59,31.85,40.92,48.85,51.32,50.38,49.54,20.58,20.61,20.65,19.72,19.25,19.12,1310,1872,3153,1350,1788,1964
"2023-03-30 01:00:00",130,"Site 2",30.5498,-96.4115,75,12.56,31.79,40.9,48.84,51.31,50.38,49.54,20.35,20.4,20.55,19.72,19.25,19.12,1309,1868,3146,1349,1789,1964
"2023-03-30 02:00:00",131,"Site 2",30.5498,-96.4115,75,12.53,31.74,40.87,48.83,51.32,50.38,49.55,20.05,20.16,20.47,19.72,19.25,19.12,1308,1864,3141,1349,1790,1965
"2023-03-30 03:00:00",132,"Site 2",30.5498,-96.4115,75,12.49,31.7,40.84,48.83,51.31,50.4,49.55,19.7,20.04,20.37,19.71,19.24,19.14,1307,1856,3132,1349,1790,1965
"2023-03-30 04:00:00",133,"Site 2",30.5498,-96.4115,75,12.46,31.63,40.81,48.8,51.28,50.4,49.55,19.63,19.85,20.29,19.73,19.23,19.13,1306,1851,3122,1349,1789,1965
"2023-03-30 05:00:00",134,"Site 2",30.5498,-96.4115,75,12.43,31.62,40.79,48.81,51.29,50.4,49.56,19.47,19.68,20.14,19.66,19.26,19.13,1306,1846,3113,1350,1790,1965
"2023-03-30 06:00:00",135,"Site 2",30.5498,-96.4115,75,12.4,31.58,40.77,48.79,51.3,50.39,49.56,19.41,19.56,20.07,19.57,19.26,19.15,1307,1842,3108,1350,1790,1966
"2023-03-30 07:00:00",136,"Site 2",30.5498,-96.4115,75,12.37,31.55,40.75,48.79,51.3,50.39,49.58,19.3,19.46,19.95,19.53,19.25,19.15,1306,1838,3101,1350,1788,1964
"2023-03-30 08:00:00",137,"Site 2",30.5498,-96.4115,75,12.37,31.54,40.73,48.77,51.28,50.38,49.57,19.23,19.36,19.89,19.54,19.23,19.14,1308,1835,3094,1350,1788,1965
"2023-03-30 09:00:00",138,"Site 2",30.5498,-96.4115,75,12.59,31.53,40.73,48.76,51.26,50.38,49.56,19.38,19.26,19.8,19.47,19.23,19.13,1308,1832,3092,1351,1788,1965
"2023-03-30 10:00:00",139,"Site 2",30.5498,-96.4115,75,13.01,31.54,40.72,48.75,51.27,50.36,49.55,19.89,19.31,19.71,19.36,19.23,19.14,1309,1833,3082,1351,1786,1963
"2023-03-30 11:00:00",140,"Site 2",30.5498,-96.4115,75,12.93,31.57,40.72,48.73,51.27,50.36,49.54,20.77,19.53,19.69,19.33,19.2,19.13,1311,1839,3089,1351,1786,1962
"2023-03-30 12:00:00",141,"Site 2",30.5498,-96.4115,75,13.03,31.59,40.74,48.74,51.26,50.36,49.55,20.96,19.77,19.75,19.32,19.13,19.12,1312,1845,3094,1351,1785,1963
"2023-03-30 13:00:00",142,"Site 2",30.5498,-96.4115,75,13.05,31.61,40.76,48.73,51.24,50.36,49.54,21.4,20.03,19.84,19.28,19.08,19.13,1313,1850,3092,1351,1784,1960
"2023-03-30 14:00:00",143,"Site 2",30.5498,-96.4115,75,13.31,31.61,40.78,48.72,51.23,50.36,49.54,21.58,20.2,19.89,19.33,19.05,19.12,1314,1856,3101,1351,1784,1960
"2023-03-30 15:00:00",144,"Site 2",30.5498,-96.4115,75,13.38,31.64,40.79,48.71,51.23,50.35,49.52,22.06,20.41,20.02,19.32,19.05,19.11,1316,1859,3104,1351,1781,1959
"2023-03-30 16:00:00",145,"Site 2",30.5498,-96.4115,75,13.36,31.66,40.81,48.73,51.23,50.35,49.52,22.39,20.72,20.12,19.33,19.03,19.11,1316,1868,3111,1351,1781,1957
"2023-03-30 17:00:00",146,"Site 2",30.5498,-96.4115,75,12.99,31.63,40.83,48.73,51.2,50.36,49.51,22.58,20.91,20.27,19.39,19.03,19.12,1316,1872,3120,1351,1781,1957
"2023-03-30 18:00:00",147,"Site 2",30.5498,-96.4115,75,13.12,31.62,40.84,48.74,51.19,50.32,49.5,22.5,21.08,20.38,19.51,19.03,19.11,1317,1875,3122,1351,1781,1956
"2023-03-30 19:00:00",148,"Site 2",30.5498,-96.4115,75,12.8,31.59,40.83,48.75,51.21,50.32,49.5,22.43,21.16,20.52,19.53,19.09,19.12,1316,1877,3125,1351,1781,1956
"2023-03-30 20:00:00",149,"Site 2",30.5498,-96.4115,75,12.73,31.54,40.83,48.75,51.23,50.33,49.5,22.17,21.22,20.6,19.55,19.13,19.12,1314,1878,3134,1350,1781,1957
"2023-03-30 21:00:00",150,"Site 2",30.5498,-96.4115,75,12.68,31.47,40.83,48.74,51.21,50.32,49.51,21.86,21.12,20.72,19.63,19.16,19.12,1313,1875,3136,1350,1783,1957
"2023-03-30 22:00:00",151,"Site 2",30.5498,-96.4115,75,12.64,31.43,40.81,48.76,51.22,50.31,49.51,21.55,21.06,20.72,19.73,19.23,19.12,1312,1869,3134,1351,1784,1957
"2023-03-30 23:00:00",152,"Site 2",30.5498,-96.4115,75,12.6,31.4,40.8,48.75,51.22,50.32,49.51,21.35,20.89,20.73,19.74,19.25,19.12,1313,1863,3125,1352,1784,1957
"2023-03-31 00:00:00",153,"Site 2",30.5498,-96.4115,75,12.57,31.39,40.77,48.75,51.25,50.34,49.52,21.24,20.85,20.74,19.7,19.23,19.12,1314,1856,3120,1353,1784,1957
"2023-03-31 01:00:00",154,"Site 2",30.5498,-96.4115,75,12.54,31.35,40.76,48.76,51.25,50.35,49.53,21.2,20.75,20.63,19.72,19.23,19.12,1315,1852,3113,1354,1784,1957
"2023-03-31 02:00:00",155,"Site 2",30.5498,-96.4115,75,12.51,31.33,40.76,48.78,51.25,50.36,49.53,21.18,20.6,20.57,19.73,19.24,19.15,1314,1851,3111,1354,1784,1959
"2023-03-31 03:00:00",156,"Site 2",30.5498,-96.4115,75,12.48,31.31,40.74,48.76,51.24,50.36,49.51,21.19,20.61,20.53,19.75,19.25,19.2,1315,1850,3111,1354,1784,1958
"2023-03-31 04:00:00",157,"Site 2",30.5498,-96.4115,75,12.45,31.27,40.72,48.76,51.25,50.36,49.51,21.17,20.64,20.52,19.72,19.26,19.21,1314,1849,3108,1354,1785,1960
"2023-03-31 05:00:00",158,"Site 2",30.5498,-96.4115,75,12.42,31.27,40.72,48.75,51.25,50.36,49.5,21.1,20.58,20.52,19.75,19.26,19.28,1315,1846,3104,1354,1785,1959
"2023-03-31 06:00:00",159,"Site 2",30.5498,-96.4115,75,12.4,31.25,40.71,48.73,51.26,50.38,49.51,21.17,20.46,20.52,19.75,19.26,19.27,1316,1846,3104,1354,1785,1959
"2023-03-31 07:00:00",160,"Site 2",30.5498,-96.4115,75,12.38,31.23,40.72,48.73,51.26,50.38,49.52,21.09,20.52,20.52,19.74,19.29,19.27,1314,1843,3101,1355,1785,1960
"2023-03-31 08:00:00",161,"Site 2",30.5498,-96.4115,75,12.39,31.23,40.73,48.72,51.25,50.37,49.5,21,20.49,20.52,19.67,19.33,19.31,1315,1843,3104,1355,1786,1960
"2023-03-31 09:00:00",162,"Site 2",30.5498,-96.4115,75,12.49,31.21,40.71,48.72,51.25,50.36,49.51,21.16,20.45,20.52,19.73,19.33,19.31,1314,1844,3099,1354,1785,1960
"2023-03-31 10:00:00",163,"Site 2",30.5498,-96.4115,75,12.87,31.23,40.69,48.72,51.25,50.38,49.5,21.57,20.57,20.52,19.73,19.3,19.3,1316,1845,3099,1354,1784,1959
"2023-03-31 11:00:00",164,"Site 2",30.5498,-96.4115,75,13.06,31.24,40.7,48.71,51.24,50.36,49.49,21.96,20.69,20.54,19.7,19.28,19.33,1316,1849,3104,1354,1784,1959
"2023-03-31 12:00:00",165,"Site 2",30.5498,-96.4115,75,13.27,31.28,40.7,48.72,51.21,50.37,49.5,22.62,20.94,20.52,19.72,19.31,19.33,1318,1855,3108,1354,1781,1957
"2023-03-31 13:00:00",166,"Site 2",30.5498,-96.4115,75,13.47,31.3,40.72,48.71,51.2,50.34,49.49,23.32,21.25,20.63,19.7,19.32,19.31,1318,1864,3113,1353,1781,1956
"2023-03-31 14:00:00",167,"Site 2",30.5498,-96.4115,75,13.09,31.31,40.75,48.7,51.19,50.32,49.49,23.94,21.59,20.74,19.78,19.36,19.33,1320,1877,3122,1352,1781,1956
"2023-03-31 15:00:00",168,"Site 2",30.5498,-96.4115,75,13.45,31.29,40.74,48.7,51.16,50.31,49.49,24.35,21.9,20.95,19.89,19.34,19.31,1321,1886,3132,1353,1782,1956
"2023-03-31 16:00:00",169,"Site 2",30.5498,-96.4115,75,13.43,31.33,40.72,48.67,51.15,50.28,49.49,25.75,22.37,21.12,19.88,19.43,19.31,1324,1900,3146,1353,1781,1955
"2023-03-31 17:00:00",170,"Site 2",30.5498,-96.4115,75,13.43,31.31,40.74,48.66,51.15,50.3,49.47,26.3,23.02,21.4,19.98,19.45,19.33,1323,1919,3155,1351,1781,1954
"2023-03-31 18:00:00",171,"Site 2",30.5498,-96.4115,75,13.42,31.27,40.75,48.66,51.11,50.28,49.48,26.23,23.38,21.7,20.17,19.46,19.33,1323,1927,3169,1350,1781,1956
"2023-03-31 19:00:00",172,"Site 2",30.5498,-96.4115,75,13.41,31.17,40.74,48.68,51.13,50.27,49.48,25.9,23.6,21.93,20.23,19.45,19.34,1320,1931,3179,1349,1784,1957
"2023-03-31 20:00:00",173,"Site 2",30.5498,-96.4115,75,12.78,31.09,40.74,48.66,51.14,50.27,49.48,25.2,23.69,22.19,20.39,19.64,19.33,1318,1931,3188,1349,1784,1957
"2023-03-31 21:00:00",174,"Site 2",30.5498,-96.4115,75,12.73,31.02,40.75,48.69,51.17,50.29,49.49,24.51,23.46,22.31,20.5,19.63,19.33,1318,1920,3186,1350,1786,1958
"2023-03-31 22:00:00",175,"Site 2",30.5498,-96.4115,75,12.68,30.95,40.71,48.68,51.16,50.3,49.49,24.04,23.27,22.39,20.64,19.7,19.42,1319,1906,3179,1352,1786,1957
"2023-03-31 23:00:00",176,"Site 2",30.5498,-96.4115,75,12.65,30.89,40.67,48.68,51.19,50.3,49.48,23.43,23.06,22.39,20.67,19.77,19.52,1320,1894,3169,1354,1788,1959
"2023-04-01 00:00:00",177,"Site 2",30.5498,-96.4115,75,12.61,30.81,40.65,48.68,51.17,50.33,49.48,22.92,22.73,22.32,20.79,19.83,19.53,1318,1884,3162,1355,1788,1958
"2023-04-01 01:00:00",178,"Site 2",30.5498,-96.4115,75,12.58,30.73,40.6,48.68,51.17,50.32,49.5,22.47,22.46,22.22,20.9,19.93,19.56,1317,1872,3153,1355,1790,1960
"2023-04-01 02:00:00",179,"Site 2",30.5498,-96.4115,75,12.55,30.67,40.58,48.67,51.19,50.32,49.51,22.02,22.13,22.12,20.86,20.05,19.58,1316,1864,3148,1356,1790,1962
"2023-04-01 03:00:00",180,"Site 2",30.5498,-96.4115,75,12.52,30.6,40.53,48.67,51.18,50.32,49.49,21.67,21.83,21.99,20.87,20.06,19.65,1314,1856,3136,1356,1791,1962
"2023-04-01 04:00:00",181,"Site 2",30.5498,-96.4115,75,12.48,30.54,40.5,48.65,51.18,50.34,49.49,21.24,21.62,21.84,20.88,20.05,19.73,1313,1847,3122,1356,1792,1963
"2023-04-01 05:00:00",182,"Site 2",30.5498,-96.4115,75,12.45,30.48,40.46,48.63,51.17,50.34,49.51,20.79,21.31,21.75,20.81,20.06,19.75,1313,1838,3111,1356,1794,1965
"2023-04-01 06:00:00",183,"Site 2",30.5498,-96.4115,75,12.41,30.41,40.4,48.63,51.21,50.35,49.54,20.46,20.99,21.56,20.71,20.06,19.72,1313,1829,3101,1357,1793,1964
"2023-04-01 07:00:00",184,"Site 2",30.5498,-96.4115,75,12.37,30.33,40.36,48.63,51.19,50.36,49.52,20.04,20.8,21.37,20.67,20.02,19.73,1311,1822,3089,1357,1794,1966
"2023-04-01 08:00:00",185,"Site 2",30.5498,-96.4115,75,12.39,30.27,40.31,48.61,51.16,50.34,49.55,19.64,20.56,21.23,20.65,20.06,19.76,1311,1814,3075,1357,1794,1966
"2023-04-01 09:00:00",186,"Site 2",30.5498,-96.4115,75,12.57,30.25,40.27,48.6,51.19,50.34,49.54,19.49,20.22,21.01,20.51,20.07,19.77,1312,1804,3054,1359,1793,1964
"2023-04-01 10:00:00",187,"Site 2",30.5498,-96.4115,75,12.72,30.32,40.26,48.57,51.17,50.33,49.53,20.42,20.05,20.85,20.45,20.08,19.75,1313,1802,3052,1358,1792,1965
"2023-04-01 11:00:00",188,"Site 2",30.5498,-96.4115,75,12.77,30.45,40.27,48.55,51.18,50.33,49.53,21.75,20.31,20.72,20.31,20.03,19.74,1313,1820,3066,1354,1792,1966
"2023-04-01 12:00:00",189,"Site 2",30.5498,-96.4115,75,13.06,30.56,40.28,48.53,51.14,50.28,49.53,23.28,20.85,20.74,20.27,20.02,19.76,1316,1836,3075,1353,1788,1964
"2023-04-01 13:00:00",190,"Site 2",30.5498,-96.4115,75,13.6,30.66,40.34,48.52,51.07,50.27,49.52,25.09,21.47,20.82,20.32,19.93,19.76,1319,1856,3085,1353,1786,1961
"2023-04-01 14:00:00",191,"Site 2",30.5498,-96.4115,75,13.44,30.76,40.41,48.5,51.04,50.3,49.5,26.9,22.34,21.09,20.26,19.88,19.73,1324,1880,3104,1352,1784,1959
"2023-04-01 15:00:00",192,"Site 2",30.5498,-96.4115,75,13.45,30.78,40.45,48.5,51,50.27,49.5,27.73,23.3,21.47,20.34,19.85,19.75,1324,1907,3127,1350,1781,1957
"2023-04-01 16:00:00",193,"Site 2",30.5498,-96.4115,75,13.45,30.71,40.48,48.51,51.03,50.27,49.49,27.48,24,21.85,20.34,19.85,19.72,1322,1924,3151,1349,1782,1957
"2023-04-01 17:00:00",194,"Site 2",30.5498,-96.4115,75,13.48,30.64,40.5,48.51,51.01,50.26,49.48,26.91,24.26,22.26,20.52,19.87,19.71,1321,1927,3162,1348,1783,1957
"2023-04-01 18:00:00",195,"Site 2",30.5498,-96.4115,75,12.96,30.55,40.47,48.51,51.01,50.24,49.47,26.51,24.43,22.56,20.69,19.95,19.73,1318,1931,3174,1347,1784,1958
"2023-04-01 19:00:00",196,"Site 2",30.5498,-96.4115,75,12.94,30.45,40.47,48.53,51.02,50.23,49.48,25.75,24.28,22.78,20.84,20.08,19.72,1317,1926,3181,1347,1786,1959
"2023-04-01 20:00:00",197,"Site 2",30.5498,-96.4115,75,12.73,30.34,40.45,48.53,51.02,50.27,49.48,24.98,24.05,22.87,21.03,20.06,19.75,1314,1921,3186,1347,1786,1959
"2023-04-01 21:00:00",198,"Site 2",30.5498,-96.4115,75,12.68,30.25,40.42,48.52,51.04,50.27,49.47,24.15,23.73,22.97,21.07,20.2,19.81,1312,1911,3183,1347,1788,1961
"2023-04-01 22:00:00",199,"Site 2",30.5498,-96.4115,75,12.64,30.15,40.37,48.53,51.03,50.27,49.44,23.43,23.43,22.87,21.25,20.24,19.84,1311,1900,3172,1347,1791,1963
"2023-04-01 23:00:00",200,"Site 2",30.5498,-96.4115,75,12.6,30.06,40.33,48.52,51.05,50.31,49.46,22.81,23.01,22.81,21.28,20.24,19.93,1309,1888,3162,1348,1793,1966
"2023-04-02 00:00:00",201,"Site 2",30.5498,-96.4115,75,12.58,29.97,40.29,48.51,51.06,50.28,49.47,22.37,22.62,22.62,21.3,20.38,19.97,1307,1876,3153,1348,1793,1966
"2023-04-02 01:00:00",202,"Site 2",30.5498,-96.4115,75,12.55,29.9,40.22,48.49,51.06,50.29,49.49,22.03,22.28,22.53,21.28,20.4,19.94,1307,1867,3144,1348,1795,1966
"2023-04-02 02:00:00",203,"Site 2",30.5498,-96.4115,75,12.52,29.87,40.2,48.49,51.06,50.31,49.47,21.7,22.02,22.35,21.28,20.41,20.01,1307,1859,3132,1349,1796,1967
"2023-04-02 03:00:00",204,"Site 2",30.5498,-96.4115,75,12.48,29.8,40.16,48.47,51.04,50.32,49.46,21.38,21.79,22.17,21.26,20.41,20.13,1306,1851,3118,1349,1795,1967
"2023-04-02 04:00:00",205,"Site 2",30.5498,-96.4115,75,12.44,29.74,40.11,48.47,51.07,50.3,49.46,21.05,21.52,21.99,21.1,20.44,20.12,1305,1841,3106,1349,1795,1966
"2023-04-02 05:00:00",206,"Site 2",30.5498,-96.4115,75,12.41,29.69,40.06,48.47,51.06,50.31,49.47,20.82,21.24,21.79,21.09,20.44,20.14,1303,1835,3096,1349,1796,1966
"2023-04-02 06:00:00",207,"Site 2",30.5498,-96.4115,75,12.39,29.64,40.02,48.44,51.03,50.3,49.49,20.64,21.1,21.66,21.05,20.41,20.13,1303,1831,3085,1348,1795,1969
"2023-04-02 07:00:00",208,"Site 2",30.5498,-96.4115,75,12.37,29.6,39.99,48.42,51.05,50.29,49.49,20.37,20.89,21.53,20.95,20.42,20.1,1302,1826,3078,1348,1796,1967
"2023-04-02 08:00:00",209,"Site 2",30.5498,-96.4115,75,12.39,29.56,39.94,48.42,51.02,50.28,49.49,20.13,20.67,21.37,20.89,20.42,20.12,1303,1819,3064,1349,1795,1967
"2023-04-02 09:00:00",210,"Site 2",30.5498,-96.4115,75,12.44,29.53,39.92,48.39,51.02,50.28,49.5,20.34,20.56,21.24,20.79,20.38,20.14,1303,1814,3056,1349,1795,1966
"2023-04-02 10:00:00",211,"Site 2",30.5498,-96.4115,75,13.02,29.57,39.91,48.39,51.03,50.29,49.5,20.72,20.43,21.11,20.65,20.3,20.13,1304,1814,3052,1349,1793,1966
"2023-04-02 11:00:00",212,"Site 2",30.5498,-96.4115,75,13.05,29.62,39.91,48.39,51.02,50.29,49.48,21.45,20.57,20.95,20.59,20.25,20.1,1305,1818,3047,1349,1793,1967
"2023-04-02 12:00:00",213,"Site 2",30.5498,-96.4115,75,13.01,29.69,39.94,48.38,51.02,50.27,49.49,22.02,20.81,20.94,20.5,20.28,20.15,1307,1823,3047,1349,1791,1965
"2023-04-02 13:00:00",214,"Site 2",30.5498,-96.4115,75,13.06,29.7,39.96,48.37,50.98,50.23,49.46,22.43,21.09,20.99,20.47,20.28,20.11,1308,1831,3054,1348,1789,1965
"2023-04-02 14:00:00",215,"Site 2",30.5498,-96.4115,75,13.42,29.73,39.99,48.34,50.97,50.24,49.45,22.75,21.34,21.13,20.5,20.26,20.17,1308,1835,3056,1349,1788,1962
"2023-04-02 15:00:00",216,"Site 2",30.5498,-96.4115,75,13.51,29.79,40.02,48.36,50.96,50.24,49.45,23.38,21.59,21.21,20.54,20.17,20.11,1311,1843,3064,1349,1786,1961
"2023-04-02 16:00:00",217,"Site 2",30.5498,-96.4115,75,13.47,29.82,40.04,48.34,50.94,50.24,49.45,23.96,21.86,21.36,20.49,20.18,20.12,1312,1851,3071,1349,1786,1959
"2023-04-02 17:00:00",218,"Site 2",30.5498,-96.4115,75,13.47,29.85,40.05,48.34,50.93,50.23,49.43,24.46,22.19,21.46,20.53,20.14,20.11,1314,1861,3082,1348,1786,1958
"2023-04-02 18:00:00",219,"Site 2",30.5498,-96.4115,75,13.41,29.8,40.08,48.34,50.93,50.22,49.43,24.37,22.52,21.66,20.57,20.1,20.09,1312,1869,3094,1347,1786,1957
"2023-04-02 19:00:00",220,"Site 2",30.5498,-96.4115,75,13.5,29.75,40.09,48.36,50.89,50.2,49.42,24.11,22.61,21.78,20.72,20.16,20.11,1311,1872,3096,1347,1786,1957
"2023-04-02 20:00:00",221,"Site 2",30.5498,-96.4115,75,12.78,29.7,40.08,48.34,50.91,50.21,49.42,23.7,22.62,21.95,20.68,20.19,20.12,1310,1871,3104,1347,1786,1957
"2023-04-02 21:00:00",222,"Site 2",30.5498,-96.4115,75,12.73,29.62,40.07,48.37,50.94,50.19,49.43,23.22,22.51,21.98,20.7,20.2,20.07,1309,1866,3101,1347,1787,1958
"2023-04-02 22:00:00",223,"Site 2",30.5498,-96.4115,75,12.69,29.56,40.03,48.37,50.93,50.2,49.43,22.8,22.39,22,20.86,20.23,20.07,1309,1861,3101,1347,1788,1960
"2023-04-02 23:00:00",224,"Site 2",30.5498,-96.4115,75,12.65,29.76,40.01,48.38,50.93,50.21,49.42,22.57,22.25,21.98,20.92,20.26,20.12,1330,1785,3005,1369,1776,1941
"2023-04-03 00:00:00",225,"Site 2",30.5498,-96.4115,75,12.62,29.79,40.01,48.36,50.95,50.24,49.41,22.31,22.05,21.97,20.87,20.27,20.15,1327,1789,3014,1367,1778,1943
"2023-04-03 01:00:00",226,"Site 2",30.5498,-96.4115,75,12.59,29.76,39.98,48.35,50.94,50.24,49.41,22.05,21.85,21.96,20.89,20.22,20.15,1327,1785,3007,1368,1779,1944
"2023-04-03 02:00:00",227,"Site 2",30.5498,-96.4115,75,12.56,29.74,39.96,48.36,50.95,50.24,49.43,21.77,21.7,21.78,20.88,20.28,20.15,1325,1781,2998,1368,1779,1946
"2023-04-03 03:00:00",228,"Site 2",30.5498,-96.4115,75,12.53,29.71,39.89,48.34,50.93,50.23,49.43,21.6,21.58,21.77,20.89,20.3,20.17,1324,1778,2991,1368,1779,1946
"2023-04-03 04:00:00",229,"Site 2",30.5498,-96.4115,75,12.51,29.72,39.9,48.31,50.94,50.25,49.44,21.58,21.39,21.72,20.88,20.34,20.14,1325,1776,2984,1368,1781,1946
"2023-04-03 05:00:00",230,"Site 2",30.5498,-96.4115,75,12.48,29.73,39.88,48.33,50.93,50.23,49.44,21.61,21.37,21.57,20.88,20.32,20.15,1325,1775,2984,1368,1781,1946
"2023-04-03 06:00:00",231,"Site 2",30.5498,-96.4115,75,12.45,29.73,39.88,48.3,50.95,50.26,49.44,21.71,21.35,21.54,20.82,20.33,20.15,1325,1775,2979,1368,1781,1946
"2023-04-03 07:00:00",232,"Site 2",30.5498,-96.4115,75,12.42,29.73,39.87,48.3,50.96,50.25,49.44,21.72,21.24,21.54,20.75,20.25,20.13,1324,1774,2976,1367,1781,1946
"2023-04-03 08:00:00",233,"Site 2",30.5498,-96.4115,75,12.44,29.74,39.86,48.32,50.96,50.25,49.45,21.69,21.21,21.43,20.7,20.35,20.14,1324,1774,2976,1367,1779,1946
"2023-04-03 09:00:00",234,"Site 2",30.5498,-96.4115,75,12.63,29.75,39.85,48.31,50.95,50.25,49.46,21.94,21.25,21.38,20.71,20.31,20.13,1324,1776,2981,1366,1779,1946
"2023-04-03 10:00:00",235,"Site 2",30.5498,-96.4115,75,12.9,29.81,39.86,48.3,50.93,50.26,49.45,22.27,21.33,21.35,20.68,20.25,20.11,1324,1781,2986,1365,1779,1946
"2023-04-03 11:00:00",236,"Site 2",30.5498,-96.4115,75,13.15,29.87,39.87,48.3,50.92,50.24,49.46,22.82,21.55,21.36,20.71,20.26,20.15,1323,1791,2998,1362,1779,1947
"2023-04-03 12:00:00",237,"Site 2",30.5498,-96.4115,75,13.45,29.98,39.89,48.3,50.91,50.24,49.43,24.11,21.8,21.44,20.73,20.24,20.14,1322,1806,3012,1360,1781,1948
"2023-04-03 13:00:00",238,"Site 2",30.5498,-96.4115,75,13.42,30.2,39.95,48.27,50.89,50.22,49.43,26.27,22.46,21.58,20.7,20.21,20.17,1325,1832,3040,1357,1778,1946
"2023-04-03 14:00:00",239,"Site 2",30.5498,-96.4115,75,13.41,30.36,40.03,48.28,50.88,50.21,49.42,28.24,23.42,21.83,20.71,20.24,20.13,1328,1860,3071,1355,1777,1946
"2023-04-03 15:00:00",240,"Site 2",30.5498,-96.4115,75,13.41,30.46,40.1,48.3,50.85,50.21,49.41,29.67,24.42,22.2,20.8,20.21,20.16,1331,1888,3096,1355,1776,1944
"2023-04-03 16:00:00",241,"Site 2",30.5498,-96.4115,75,13.41,30.49,40.13,48.3,50.83,50.19,49.4,30.16,25.39,22.67,20.94,20.27,20.17,1330,1911,3134,1353,1777,1945
"2023-04-03 17:00:00",242,"Site 2",30.5498,-96.4115,75,13.41,30.46,40.16,48.32,50.82,50.19,49.39,30.17,26.03,23.2,21.13,20.31,20.15,1329,1927,3160,1352,1776,1945
"2023-04-03 18:00:00",243,"Site 2",30.5498,-96.4115,75,13.39,30.38,40.2,48.34,50.81,50.17,49.38,29.6,26.4,23.61,21.34,20.45,20.14,1326,1936,3181,1351,1779,1946
"2023-04-03 19:00:00",244,"Site 2",30.5498,-96.4115,75,13.45,30.29,40.15,48.37,50.82,50.18,49.39,28.58,26.39,23.93,21.58,20.46,20.13,1325,1935,3198,1350,1781,1946
"2023-04-03 20:00:00",245,"Site 2",30.5498,-96.4115,75,12.76,30.17,40.16,48.38,50.83,50.18,49.39,27.52,26.17,24.2,21.81,20.63,20.27,1322,1926,3209,1350,1783,1948
"2023-04-03 21:00:00",246,"Site 2",30.5498,-96.4115,75,12.72,30.06,40.11,48.42,50.85,50.22,49.38,26.53,25.89,24.18,21.99,20.69,20.34,1319,1915,3209,1351,1786,1949
"2023-04-03 22:00:00",247,"Site 2",30.5498,-96.4115,75,12.68,29.94,40.07,48.44,50.87,50.21,49.38,25.87,25.47,24.19,22.15,20.8,20.35,1319,1902,3200,1352,1788,1951
"2023-04-03 23:00:00",248,"Site 2",30.5498,-96.4115,75,12.65,29.88,40.04,48.42,50.87,50.23,49.38,25.26,24.94,24.14,22.3,20.89,20.39,1319,1889,3186,1353,1790,1953
"2023-04-04 00:00:00",249,"Site 2",30.5498,-96.4115,75,12.62,29.8,39.99,48.42,50.88,50.23,49.38,24.87,24.63,24.06,22.34,21.04,20.49,1317,1878,3179,1354,1792,1953
"2023-04-04 01:00:00",250,"Site 2",30.5498,-96.4115,75,12.6,29.75,39.95,48.39,50.9,50.27,49.38,24.52,24.33,23.94,22.34,21.02,20.56,1318,1866,3165,1355,1793,1954
"2023-04-04 02:00:00",251,"Site 2",30.5498,-96.4115,75,12.58,29.71,39.92,48.39,50.9,50.23,49.41,24.22,24.04,23.85,22.34,21.13,20.57,1317,1859,3155,1355,1793,1956
"2023-04-04 03:00:00",252,"Site 2",30.5498,-96.4115,75,12.55,29.67,39.89,48.38,50.9,50.25,49.41,24.02,23.79,23.65,22.34,21.24,20.57,1316,1854,3153,1355,1795,1957
"2023-04-04 04:00:00",253,"Site 2",30.5498,-96.4115,75,12.53,29.65,39.85,48.36,50.89,50.27,49.4,23.86,23.59,23.58,22.34,21.24,20.71,1315,1849,3146,1355,1796,1959
"2023-04-04 05:00:00",254,"Site 2",30.5498,-96.4115,75,12.5,29.63,39.83,48.36,50.89,50.28,49.4,23.66,23.44,23.41,22.34,21.24,20.75,1314,1845,3139,1355,1796,1959
"2023-04-04 06:00:00",255,"Site 2",30.5498,-96.4115,75,12.47,29.6,39.79,48.32,50.89,50.28,49.44,23.42,23.26,23.4,22.26,21.23,20.75,1315,1839,3127,1355,1795,1959
"2023-04-04 07:00:00",256,"Site 2",30.5498,-96.4115,75,12.44,29.55,39.77,48.35,50.9,50.29,49.44,23.17,23.12,23.19,22.16,21.24,20.8,1314,1833,3120,1356,1796,1960
"2023-04-04 08:00:00",257,"Site 2",30.5498,-96.4115,75,12.48,29.54,39.76,48.31,50.9,50.3,49.45,23.03,22.98,23.2,22.14,21.25,20.73,1313,1830,3111,1356,1795,1960
"2023-04-04 09:00:00",258,"Site 2",30.5498,-96.4115,75,12.81,29.54,39.73,48.32,50.89,50.31,49.43,23.15,22.83,23.02,22.13,21.21,20.85,1312,1829,3108,1355,1795,1961
"2023-04-04 10:00:00",259,"Site 2",30.5498,-96.4115,75,13.13,29.56,39.72,48.29,50.9,50.3,49.42,23.52,22.81,23,22.03,21.24,20.88,1313,1832,3111,1354,1795,1961
"2023-04-04 11:00:00",260,"Site 2",30.5498,-96.4115,75,13.24,29.6,39.73,48.28,50.88,50.27,49.42,24.11,22.85,22.95,21.95,21.22,20.89,1314,1834,3104,1353,1795,1962
"2023-04-04 12:00:00",261,"Site 2",30.5498,-96.4115,75,13.53,29.65,39.74,48.29,50.88,50.25,49.43,24.84,23.14,22.91,21.91,21.2,20.91,1316,1841,3108,1353,1792,1959
"2023-04-04 13:00:00",262,"Site 2",30.5498,-96.4115,75,13.47,29.75,39.74,48.26,50.84,50.25,49.4,25.78,23.45,22.98,21.91,21.22,20.91,1318,1851,3115,1353,1791,1958
