"TOA5","2","CR300","7174","CR300.Std.07.00","CPU:Site 2 (Field).CR300","63613","GroPoint"
"TIMESTAMP","RECORD","station","latitude","longitude","altitude","BattV","GP_0_15_VWC_Avg","GP_15_30_VWC_Avg","GP_30_45_VWC_Avg","GP_Temp_3_Avg","GP_Temp_10_Avg","GP_Temp_20_Avg","GP_Temp_30_Avg","GP_Temp_40_Avg","GP_Temp_45_Avg"
"TS","RN","name","decdegrees","decdegrees","m","Volts","%","%","%","Deg C","Deg C","Deg C","Deg C","Deg C","Deg C"
"","","Smp","Smp","Smp","Smp","Smp","Avg","Avg","Avg","Avg","Avg","Avg","Avg","Avg","Avg"
"2023-03-24 15:00:00",0,"Site 2",30.5498,-96.4115,75,13.32,40.7,43.4,43.6,23.6,22,21.1,20,19.5,19.5
"2023-03-24 16:00:00",1,"Site 2",30.5498,-96.4115,75,13.47,40.77,43.47,43.6,24.17,22.2,21.23,20,19.53,19.53
"2023-03-24 17:00:00",2,"Site 2",30.5498,-96.4115,75,13.45,40.9,43.5,43.6,24.97,22.8,21.43,20,19.6,19.57
"2023-03-24 18:00:00",3,"Site 2",30.5498,-96.4115,75,13.45,40.97,43.57,43.63,25.13,23.2,21.7,20.1,19.57,19.57
"2023-03-24 19:00:00",4,"Site 2",30.5498,-96.4115,75,13.45,40.9,43.6,43.7,24.83,23.43,21.97,20.2,19.6,19.57
"2023-03-24 20:00:00",5,"Site 2",30.5498,-96.4115,75,12.76,40.77,43.7,43.7,24.27,23.27,22.13,20.3,19.7,19.63
"2023-03-24 21:00:00",6,"Site 2",30.5498,-96.4115,75,12.68,40.63,43.7,43.77,23.57,23.07,22.2,20.5,19.7,19.67
"2023-03-24 22:00:00",7,"Site 2",30.5498,-96.4115,75,12.61,40.5,43.7,43.8,22.97,22.7,22.17,20.57,19.77,19.7
"2023-03-24 23:00:00",8,"Site 2",30.5498,-96.4115,75,12.54,40.37,43.63,43.8,22.37,22.33,22.03,20.6,19.93,19.77
"2023-03-25 00:00:00",9,"Site 2",30.5498,-96.4115,75,12.47,40.23,43.6,43.8,21.83,21.97,21.87,20.6,20,19.8
"2023-03-25 01:00:00",10,"Site 2",30.5498,-96.4115,75,12.43,40.1,43.53,43.8,21.33,21.53,21.67,20.6,20,19.8
"2023-03-25 02:00:00",11,"Site 2",30.5498,-96.4115,75,12.41,39.97,43.5,43.8,20.87,21.2,21.53,20.6,20.03,20
"2023-03-25 03:00:00",12,"Site 2",30.5498,-96.4115,75,12.39,39.87,43.43,43.77,20.47,20.83,21.23,20.5,20.03,20
"2023-03-25 04:00:00",13,"Site 2",30.5498,-96.4115,75,12.36,39.77,43.37,43.7,20,20.47,21.03,20.37,20.07,20
"2023-03-25 05:00:00",14,"Site 2",30.5498,-96.4115,75,12.34,39.67,43.3,43.7,19.6,20.1,20.73,20.23,20.03,20
"2023-03-25 06:00:00",15,"Site 2",30.5498,-96.4115,75,12.32,39.47,43.2,43.7,19.2,19.77,20.53,20.17,20,20
"2023-03-25 07:00:00",16,"Site 2",30.5498,-96.4115,75,12.29,39.33,43.13,43.6,18.8,19.47,20.27,20.07,20,20
"2023-03-25 08:00:00",17,"Site 2",30.5498,-96.4115,75,12.31,39.23,43.07,43.6,18.43,19.1,20.07,19.93,19.87,20
"2023-03-25 09:00:00",18,"Site 2",30.5498,-96.4115,75,12.42,39.07,43,43.5,18.13,18.77,19.77,19.73,19.8,19.87
"2023-03-25 10:00:00",19,"Site 2",30.5498,-96.4115,75,12.55,39.03,42.9,43.5,18.43,18.6,19.57,19.63,19.77,19.87
"2023-03-25 11:00:00",20,"Site 2",30.5498,-96.4115,75,12.66,39.1,42.9,43.5,19.23,18.7,19.37,19.5,19.7,19.8
"2023-03-25 12:00:00",21,"Site 2",30.5498,-96.4115,75,12.88,39.2,42.8,43.47,20.17,19.1,19.3,19.37,19.67,19.73
"2023-03-25 13:00:00",22,"Site 2",30.5498,-96.4115,75,13.39,39.4,42.83,43.4,21.5,19.7,19.53,19.27,19.57,19.7
"2023-03-25 14:00:00",23,"Site 2",30.5498,-96.4115,75,13.48,39.57,42.9,43.4,22.8,20.47,19.67,19.2,19.5,19.63
"2023-03-25 15:00:00",24,"Site 2",30.5498,-96.4115,75,13.49,39.77,42.97,43.5,24.03,21.33,20.1,19.23,19.5,19.6
"2023-03-25 16:00:00",25,"Site 2",30.5498,-96.4115,75,13.5,39.9,43.03,43.5,24.93,22.07,20.5,19.3,19.43,19.6
"2023-03-25 17:00:00",26,"Site 2",30.5498,-96.4115,75,13.48,40.03,43.13,43.5,25.43,22.8,20.97,19.53,19.5,19.6
"2023-03-25 18:00:00",27,"Site 2",30.5498,-96.4115,75,13.46,40.1,43.27,43.57,25.33,23.23,21.33,19.7,19.5,19.6
"2023-03-25 19:00:00",28,"Site 2",30.5498,-96.4115,75,13.46,40.07,43.33,43.6,24.93,23.3,21.73,19.93,19.53,19.6
"2023-03-25 20:00:00",29,"Site 2",30.5498,-96.4115,75,12.77,40,43.4,43.67,24.33,23.27,21.93,20.13,19.67,19.6
"2023-03-25 21:00:00",30,"Site 2",30.5498,-96.4115,75,12.69,39.87,43.4,43.7,23.5,22.97,22.1,20.23,19.7,19.7
"2023-03-25 22:00:00",31,"Site 2",30.5498,-96.4115,75,12.63,39.73,43.4,43.7,22.77,22.6,22.03,20.37,19.77,19.77
"2023-03-25 23:00:00",32,"Site 2",30.5498,-96.4115,75,12.59,39.53,43.4,43.7,22.13,22.17,21.93,20.5,19.8,19.8
"2023-03-26 00:00:00",33,"Site 2",30.5498,-96.4115,75,12.56,39.37,43.33,43.73,21.63,21.7,21.73,20.53,20,19.93
"2023-03-26 01:00:00",34,"Site 2",30.5498,-96.4115,75,12.52,39.23,43.3,43.7,21.1,21.33,21.53,20.5,20.03,20
"2023-03-26 02:00:00",35,"Site 2",30.5498,-96.4115,75,12.48,39.1,43.2,43.7,20.63,20.97,21.27,20.5,20.1,20.03
"2023-03-26 03:00:00",36,"Site 2",30.5498,-96.4115,75,12.45,38.97,43.17,43.7,20.2,20.63,21.1,20.43,20.1,20.07
"2023-03-26 04:00:00",37,"Site 2",30.5498,-96.4115,75,12.41,38.87,43.1,43.7,19.83,20.27,20.87,20.3,20.1,20.1
"2023-03-26 05:00:00",38,"Site 2",30.5498,-96.4115,75,12.37,38.8,43,43.7,19.47,19.97,20.63,20.2,20.1,20.07
"2023-03-26 06:00:00",39,"Site 2",30.5498,-96.4115,75,12.34,38.67,42.93,43.6,19.13,19.63,20.43,20.13,20.03,20.1
"2023-03-26 07:00:00",40,"Site 2",30.5498,-96.4115,75,12.32,38.6,42.87,43.6,18.83,19.37,20.17,20.03,20,20.07
"2023-03-26 08:00:00",41,"Site 2",30.5498,-96.4115,75,12.36,38.5,42.8,43.53,18.57,19.13,19.93,19.8,19.93,20.03
"2023-03-26 09:00:00",42,"Site 2",30.5498,-96.4115,75,12.67,38.5,42.73,43.5,18.53,18.8,19.73,19.73,19.87,20.03
"2023-03-26 10:00:00",43,"Site 2",30.5498,-96.4115,75,12.42,38.6,42.7,43.47,18.73,18.77,19.6,19.63,19.8,19.93
"2023-03-26 11:00:00",44,"Site 2",30.5498,-96.4115,75,12.62,38.63,42.6,43.4,18.97,18.8,19.5,19.53,19.7,19.93
"2023-03-26 12:00:00",45,"Site 2",30.5498,-96.4115,75,12.84,38.7,42.6,43.4,19.13,19,19.43,19.37,19.7,19.8
"2023-03-26 13:00:00",46,"Site 2",30.5498,-96.4115,75,12.89,38.7,42.6,43.4,19.37,19.03,19.37,19.3,19.63,19.8
"2023-03-26 14:00:00",47,"Site 2",30.5498,-96.4115,75,12.87,38.77,42.6,43.4,19.7,19.17,19.37,19.23,19.6,19.73
"2023-03-26 15:00:00",48,"Site 2",30.5498,-96.4115,75,13.44,38.8,42.6,43.33,20.13,19.37,19.5,19.2,19.5,19.7
"2023-03-26 16:00:00",49,"Site 2",30.5498,-96.4115,75,13.15,38.9,42.6,43.3,20.63,19.63,19.53,19.2,19.5,19.67
"2023-03-26 17:00:00",50,"Site 2",30.5498,-96.4115,75,13.48,38.9,42.6,43.3,21.03,19.97,19.63,19.2,19.5,19.6
"2023-03-26 18:00:00",51,"Site 2",30.5498,-96.4115,75,13.56,39,42.67,43.33,21.37,20.2,19.73,19.2,19.43,19.6
"2023-03-26 19:00:00",52,"Site 2",30.5498,-96.4115,75,13.55,39,42.7,43.4,21.6,20.47,19.93,19.23,19.43,19.6
"2023-03-26 20:00:00",53,"Site 2",30.5498,-96.4115,75,12.76,39,42.7,43.4,21.43,20.63,20.07,19.3,19.43,19.6
"2023-03-26 21:00:00",54,"Site 2",30.5498,-96.4115,75,12.7,38.93,42.8,43.4,21.1,20.6,20.2,19.3,19.3,19.6
"2023-03-26 22:00:00",55,"Site 2",30.5498,-96.4115,75,12.65,38.9,42.8,43.4,20.77,20.5,20.2,19.43,19.43,19.57
"2023-03-26 23:00:00",56,"Site 2",30.5498,-96.4115,75,12.62,38.87,42.8,43.4,20.7,20.3,20.2,19.5,19.5,19.6
"2023-03-27 00:00:00",57,"Site 2",30.5498,-96.4115,75,12.58,38.8,42.8,43.4,20.6,20.23,20.2,19.5,19.5,19.6
"2023-03-27 01:00:00",58,"Site 2",30.5498,-96.4115,75,12.55,38.8,42.8,43.43,20.57,20.17,20.13,19.5,19.5,19.6
"2023-03-27 02:00:00",59,"Site 2",30.5498,-96.4115,75,12.5,38.8,42.8,43.47,20.33,20.17,20.1,19.5,19.53,19.6
"2023-03-27 03:00:00",60,"Site 2",30.5498,-96.4115,75,12.46,38.8,42.73,43.43,20.07,20.03,20.1,19.5,19.5,19.6
"2023-03-27 04:00:00",61,"Site 2",30.5498,-96.4115,75,12.42,38.73,42.7,43.4,19.7,19.77,20,19.5,19.53,19.6
"2023-03-27 05:00:00",62,"Site 2",30.5498,-96.4115,75,12.38,38.67,42.7,43.4,19.33,19.57,19.87,19.5,19.5,19.63
"2023-03-27 06:00:00",63,"Site 2",30.5498,-96.4115,75,12.35,38.6,42.67,43.4,19.13,19.3,19.73,19.37,19.5,19.63
"2023-03-27 07:00:00",64,"Site 2",30.5498,-96.4115,75,12.33,38.57,42.6,43.4,18.93,19.1,19.67,19.3,19.5,19.6
"2023-03-27 08:00:00",65,"Site 2",30.5498,-96.4115,75,12.34,38.5,42.6,43.4,18.7,18.87,19.53,19.3,19.5,19.6
"2023-03-27 09:00:00",66,"Site 2",30.5498,-96.4115,75,12.48,38.47,42.57,43.4,18.63,18.73,19.37,19.2,19.5,19.6
"2023-03-27 10:00:00",67,"Site 2",30.5498,-96.4115,75,12.99,38.5,42.5,43.37,18.83,18.7,19.23,19.13,19.37,19.6
"2023-03-27 11:00:00",68,"Site 2",30.5498,-96.4115,75,13.03,38.5,42.5,43.3,19.4,18.77,19.17,19.1,19.3,19.6
"2023-03-27 12:00:00",69,"Site 2",30.5498,-96.4115,75,13.49,38.63,42.5,43.3,20.3,19.17,19.17,19,19.3,19.53
"2023-03-27 13:00:00",70,"Site 2",30.5498,-96.4115,75,13.56,38.73,42.5,43.3,21,19.6,19.27,19,19.2,19.53
"2023-03-27 14:00:00",71,"Site 2",30.5498,-96.4115,75,13.52,38.87,42.53,43.3,22.1,20.23,19.57,19,19.23,19.5
"2023-03-27 15:00:00",72,"Site 2",30.5498,-96.4115,75,13.48,39.03,42.6,43.4,23.2,20.87,19.83,19.03,19.2,19.5
"2023-03-27 16:00:00",73,"Site 2",30.5498,-96.4115,75,13.48,39.17,42.7,43.4,24.03,21.57,20.2,19.13,19.2,19.37
"2023-03-27 17:00:00",74,"Site 2",30.5498,-96.4115,75,13.46,39.2,42.8,43.43,24.47,22.17,20.6,19.23,19.2,19.43
"2023-03-27 18:00:00",75,"Site 2",30.5498,-96.4115,75,13.45,39.2,42.9,43.5,24.6,22.6,20.97,19.43,19.27,19.43
"2023-03-27 19:00:00",76,"Site 2",30.5498,-96.4115,75,13.51,39.2,42.97,43.5,24.43,22.77,21.23,19.6,19.3,19.53
"2023-03-27 20:00:00",77,"Site 2",30.5498,-96.4115,75,12.76,39.13,43.03,43.6,24.03,22.8,21.57,19.83,19.43,19.53
"2023-03-27 21:00:00",78,"Site 2",30.5498,-96.4115,75,12.7,39.03,43.1,43.6,23.5,22.67,21.7,20.03,19.57,19.6
"2023-03-27 22:00:00",79,"Site 2",30.5498,-96.4115,75,12.66,38.93,43.1,43.67,23.03,22.47,21.7,20.13,19.63,19.67
"2023-03-27 23:00:00",80,"Site 2",30.5498,-96.4115,75,12.64,38.83,43.1,43.7,22.7,22.2,21.7,20.2,19.7,19.7
"2023-03-28 00:00:00",81,"Site 2",30.5498,-96.4115,75,12.61,38.8,43.1,43.7,22.43,22.03,21.6,20.23,19.8,19.77
"2023-03-28 01:00:00",82,"Site 2",30.5498,-96.4115,75,12.59,38.7,43.1,43.7,22.2,21.83,21.57,20.3,19.87,19.8
"2023-03-28 02:00:00",83,"Site 2",30.5498,-96.4115,75,12.56,38.63,43.03,43.7,21.87,21.67,21.5,20.3,20,19.87
"2023-03-28 03:00:00",84,"Site 2",30.5498,-96.4115,75,12.53,38.57,43,43.8,21.63,21.47,21.37,20.3,20,20
"2023-03-28 04:00:00",85,"Site 2",30.5498,-96.4115,75,12.49,38.5,43,43.77,21.43,21.23,21.23,20.3,20,20
"2023-03-28 05:00:00",86,"Site 2",30.5498,-96.4115,75,12.46,38.43,42.93,43.7,21.2,21.1,21.13,20.3,20.07,20.07
"2023-03-28 06:00:00",87,"Site 2",30.5498,-96.4115,75,12.42,38.4,42.9,43.7,20.97,20.97,21.07,20.27,20.07,20
"2023-03-28 07:00:00",88,"Site 2",30.5498,-96.4115,75,12.39,38.3,42.9,43.7,20.7,20.73,20.93,20.2,20.1,20.1
"2023-03-28 08:00:00",89,"Site 2",30.5498,-96.4115,75,12.39,38.23,42.8,43.7,20.43,20.53,20.77,20.2,20.1,20.1
"2023-03-28 09:00:00",90,"Site 2",30.5498,-96.4115,75,12.58,38.2,42.8,43.7,20.17,20.27,20.67,20.17,20.1,20.1
"2023-03-28 10:00:00",91,"Site 2",30.5498,-96.4115,75,12.92,38.1,42.73,43.7,20.1,20.17,20.57,20.1,20.1,20.1
"2023-03-28 11:00:00",92,"Site 2",30.5498,-96.4115,75,13.15,38.1,42.7,43.63,20.2,20.07,20.43,20.03,20,20.1
"2023-03-28 12:00:00",93,"Site 2",30.5498,-96.4115,75,13.59,38.1,42.67,43.63,20.77,20.13,20.3,19.93,20,20.1
"2023-03-28 13:00:00",94,"Site 2",30.5498,-96.4115,75,13.61,38.17,42.67,43.6,21.47,20.43,20.3,19.8,20,20.07
"2023-03-28 14:00:00",95,"Site 2",30.5498,-96.4115,75,13.59,38.27,42.7,43.6,22.3,20.83,20.37,19.8,19.93,20.07
"2023-03-28 15:00:00",96,"Site 2",30.5498,-96.4115,75,13.6,38.37,42.7,43.6,23.27,21.37,20.57,19.8,19.87,20
"2023-03-28 16:00:00",97,"Site 2",30.5498,-96.4115,75,13.57,38.43,42.73,43.6,24.03,21.97,20.87,19.87,19.87,20
"2023-03-28 17:00:00",98,"Site 2",30.5498,-96.4115,75,13.58,38.5,42.8,43.6,24.3,22.47,21.17,20,19.87,20
"2023-03-28 18:00:00",99,"Site 2",30.5498,-96.4115,75,13.57,38.4,42.9,43.6,24.2,22.7,21.47,20.1,20,20
"2023-03-28 19:00:00",100,"Site 2",30.5498,-96.4115,75,13,38.27,42.9,43.67,23.73,22.73,21.67,20.2,20,20
"2023-03-28 20:00:00",101,"Site 2",30.5498,-96.4115,75,12.73,38.13,42.9,43.7,23.03,22.6,21.77,20.37,20,20.1
"2023-03-28 21:00:00",102,"Site 2",30.5498,-96.4115,75,12.68,37.97,42.9,43.7,22.37,22.2,21.8,20.5,20.1,20.1
"2023-03-28 22:00:00",103,"Site 2",30.5498,-96.4115,75,12.64,37.83,42.9,43.7,21.93,21.83,21.7,20.5,20.13,20.13
"2023-03-28 23:00:00",104,"Site 2",30.5498,-96.4115,75,12.61,37.73,42.9,43.7,21.53,21.57,21.57,20.53,20.2,20.17
"2023-03-29 00:00:00",105,"Site 2",30.5498,-96.4115,75,12.59,37.63,42.8,43.7,21.1,21.23,21.43,20.6,20.2,20.2
"2023-03-29 01:00:00",106,"Site 2",30.5498,-96.4115,75,12.56,37.53,42.77,43.7,20.73,20.97,21.2,20.5,20.2,20.27
"2023-03-29 02:00:00",107,"Site 2",30.5498,-96.4115,75,12.53,37.5,42.7,43.63,20.47,20.7,21.07,20.43,20.23,20.27
"2023-03-29 03:00:00",108,"Site 2",30.5498,-96.4115,75,12.5,37.47,42.67,43.6,20.17,20.43,20.87,20.37,20.23,20.23
"2023-03-29 04:00:00",109,"Site 2",30.5498,-96.4115,75,12.46,37.37,42.6,43.6,19.97,20.23,20.73,20.3,20.2,20.3
"2023-03-29 05:00:00",110,"Site 2",30.5498,-96.4115,75,12.43,37.3,42.53,43.6,19.7,20.03,20.57,20.2,20.2,20.27
"2023-03-29 06:00:00",111,"Site 2",30.5498,-96.4115,75,12.4,37.23,42.5,43.5,19.53,19.73,20.37,20.13,20.2,20.3
"2023-03-29 07:00:00",112,"Site 2",30.5498,-96.4115,75,12.37,37.2,42.4,43.5,19.3,19.63,20.23,20.03,20.13,20.2
"2023-03-29 08:00:00",113,"Site 2",30.5498,-96.4115,75,12.35,37.17,42.4,43.5,19.2,19.47,20.1,20,20.1,20.2
"2023-03-29 09:00:00",114,"Site 2",30.5498,-96.4115,75,12.37,37.1,42.33,43.43,19.03,19.27,19.93,19.8,20.1,20.2
"2023-03-29 10:00:00",115,"Site 2",30.5498,-96.4115,75,12.85,37.07,42.3,43.4,19,19.13,19.8,19.73,20.03,20.2
"2023-03-29 11:00:00",116,"Site 2",30.5498,-96.4115,75,12.91,37.03,42.23,43.4,19.27,19.13,19.7,19.67,20,20.1
"2023-03-29 12:00:00",117,"Site 2",30.5498,-96.4115,75,13.25,37.13,42.2,43.33,20.1,19.33,19.67,19.6,19.93,20.1
"2023-03-29 13:00:00",118,"Site 2",30.5498,-96.4115,75,13.57,37.27,42.2,43.3,21.27,19.8,19.67,19.57,19.8,20.1
"2023-03-29 14:00:00",119,"Site 2",30.5498,-96.4115,75,13.56,37.37,42.27,43.3,22.23,20.43,19.83,19.5,19.8,20.03
"2023-03-29 15:00:00",120,"Site 2",30.5498,-96.4115,75,13.57,37.4,42.3,43.3,22.7,21.03,20.2,19.57,19.77,19.93
"2023-03-29 16:00:00",121,"Site 2",30.5498,-96.4115,75,13.56,37.4,42.4,43.3,22.87,21.37,20.47,19.6,19.7,20
"2023-03-29 17:00:00",122,"Site 2",30.5498,-96.4115,75,13.62,37.33,42.43,43.33,22.77,21.63,20.7,19.67,19.7,19.93
"2023-03-29 18:00:00",123,"Site 2",30.5498,-96.4115,75,13.1,37.27,42.5,43.4,22.67,21.7,20.93,19.8,19.77,20
"2023-03-29 19:00:00",124,"Site 2",30.5498,-96.4115,75,12.78,37.2,42.5,43.4,22.47,21.67,21.03,19.93,19.8,20
"2023-03-29 20:00:00",125,"Site 2",30.5498,-96.4115,75,12.72,37.1,42.5,43.4,22.1,21.6,21.1,20.03,19.8,20
"2023-03-29 21:00:00",126,"Site 2",30.5498,-96.4115,75,12.68,37,42.5,43.4,21.83,21.43,21.1,20.07,19.87,20
"2023-03-29 22:00:00",127,"Site 2",30.5498,-96.4115,75,12.65,36.93,42.5,43.4,21.53,21.23,21.1,20.1,20,20.07
"2023-03-29 23:00:00",128,"Site 2",30.5498,-96.4115,75,12.61,36.87,42.5,43.4,21.27,21.1,21.03,20.13,20,20.03
"2023-03-30 00:00:00",129,"Site 2",30.5498,-96.4115,75,12.59,36.8,42.5,43.4,21.1,21,21,20.2,20,20.1
"2023-03-30 01:00:00",130,"Site 2",30.5498,-96.4115,75,12.56,36.7,42.43,43.4,20.83,20.77,20.8,20.13,20.03,20.1
"2023-03-30 02:00:00",131,"Site 2",30.5498,-96.4115,75,12.53,36.67,42.4,43.4,20.63,20.63,20.77,20.17,20.07,20.1
"2023-03-30 03:00:00",132,"Site 2",30.5498,-96.4115,75,12.49,36.6,42.4,43.4,20.37,20.43,20.67,20.1,20.1,20.13
"2023-03-30 04:00:00",133,"Site 2",30.5498,-96.4115,75,12.46,36.53,42.33,43.4,20.23,20.27,20.6,20.1,20.07,20.1
"2023-03-30 05:00:00",134,"Site 2",30.5498,-96.4115,75,12.43,36.5,42.3,43.4,20.17,20.13,20.5,20,20.1,20.1
"2023-03-30 06:00:00",135,"Site 2",30.5498,-96.4115,75,12.4,36.43,42.3,43.33,20.13,20.07,20.37,20,20.1,20.1
"2023-03-30 07:00:00",136,"Site 2",30.5498,-96.4115,75,12.37,36.4,42.2,43.3,20.07,20,20.27,19.93,20,20.13
"2023-03-30 08:00:00",137,"Site 2",30.5498,-96.4115,75,12.37,36.4,42.2,43.3,20,19.87,20.2,19.8,20,20.1
"2023-03-30 09:00:00",138,"Site 2",30.5498,-96.4115,75,12.59,36.4,42.2,43.3,20,19.8,20.2,19.8,20,20.1
"2023-03-30 10:00:00",139,"Site 2",30.5498,-96.4115,75,13.01,36.4,42.17,43.3,20.2,19.8,20.1,19.77,20,20.1
"2023-03-30 11:00:00",140,"Site 2",30.5498,-96.4115,75,12.93,36.4,42.13,43.3,20.73,20.03,20.1,19.7,20,20.1
"2023-03-30 12:00:00",141,"Site 2",30.5498,-96.4115,75,13.03,36.4,42.17,43.3,20.97,20.17,20.1,19.7,19.93,20.1
"2023-03-30 13:00:00",142,"Site 2",30.5498,-96.4115,75,13.05,36.47,42.2,43.3,21.33,20.43,20.2,19.67,19.87,20
"2023-03-30 14:00:00",143,"Site 2",30.5498,-96.4115,75,13.31,36.5,42.2,43.3,21.53,20.63,20.27,19.7,19.8,20
"2023-03-30 15:00:00",144,"Site 2",30.5498,-96.4115,75,13.38,36.5,42.2,43.3,21.83,20.83,20.37,19.7,19.83,20.03
"2023-03-30 16:00:00",145,"Site 2",30.5498,-96.4115,75,13.36,36.5,42.2,43.3,22.17,21.07,20.57,19.73,19.8,20
"2023-03-30 17:00:00",146,"Site 2",30.5498,-96.4115,75,12.99,36.5,42.3,43.3,22.37,21.23,20.67,19.77,19.8,20
"2023-03-30 18:00:00",147,"Site 2",30.5498,-96.4115,75,13.12,36.5,42.3,43.3,22.37,21.43,20.77,19.93,19.87,20.03
"2023-03-30 19:00:00",148,"Site 2",30.5498,-96.4115,75,12.8,36.43,42.3,43.3,22.5,21.53,20.93,20,19.87,20.03
"2023-03-30 20:00:00",149,"Site 2",30.5498,-96.4115,75,12.73,36.4,42.37,43.37,22.27,21.6,21.03,20.07,19.93,20.03
"2023-03-30 21:00:00",150,"Site 2",30.5498,-96.4115,75,12.68,36.33,42.4,43.4,22.17,21.53,21.1,20.07,19.93,20.1
"2023-03-30 22:00:00",151,"Site 2",30.5498,-96.4115,75,12.64,36.3,42.4,43.4,22,21.5,21.1,20.1,20,20.1
"2023-03-30 23:00:00",152,"Site 2",30.5498,-96.4115,75,12.6,36.23,42.4,43.4,21.8,21.3,21.1,20.2,20.07,20.1
"2023-03-31 00:00:00",153,"Site 2",30.5498,-96.4115,75,12.57,36.2,42.4,43.4,21.67,21.27,21.1,20.17,20.1,20.13
"2023-03-31 01:00:00",154,"Site 2",30.5498,-96.4115,75,12.54,36.2,42.4,43.4,21.7,21.2,21.1,20.2,20.1,20.1
"2023-03-31 02:00:00",155,"Site 2",30.5498,-96.4115,75,12.51,36.13,42.33,43.4,21.63,21.2,21.07,20.23,20.1,20.2
"2023-03-31 03:00:00",156,"Site 2",30.5498,-96.4115,75,12.48,36.1,42.3,43.4,21.63,21.13,21.03,20.2,20.13,20.17
"2023-03-31 04:00:00",157,"Site 2",30.5498,-96.4115,75,12.45,36.1,42.3,43.4,21.63,21.1,21.03,20.2,20.1,20.2
"2023-03-31 05:00:00",158,"Site 2",30.5498,-96.4115,75,12.42,36.1,42.3,43.4,21.6,21.1,21.03,20.2,20.13,20.2
"2023-03-31 06:00:00",159,"Site 2",30.5498,-96.4115,75,12.4,36.1,42.3,43.4,21.6,21.1,21,20.2,20.1,20.23
"2023-03-31 07:00:00",160,"Site 2",30.5498,-96.4115,75,12.38,36.1,42.3,43.4,21.6,21.1,21,20.2,20.17,20.2
"2023-03-31 08:00:00",161,"Site 2",30.5498,-96.4115,75,12.39,36.07,42.3,43.4,21.6,21.1,21,20.2,20.2,20.2
"2023-03-31 09:00:00",162,"Site 2",30.5498,-96.4115,75,12.49,36.07,42.3,43.4,21.63,21.1,21,20.2,20.2,20.23
"2023-03-31 10:00:00",163,"Site 2",30.5498,-96.4115,75,12.87,36.1,42.3,43.4,21.83,21.13,20.93,20.2,20.2,20.2
"2023-03-31 11:00:00",164,"Site 2",30.5498,-96.4115,75,13.06,36.03,42.3,43.4,22.13,21.23,21,20.2,20.2,20.2
"2023-03-31 12:00:00",165,"Site 2",30.5498,-96.4115,75,13.27,36,42.3,43.4,22.53,21.43,21.03,20.2,20.2,20.2
"2023-03-31 13:00:00",166,"Site 2",30.5498,-96.4115,75,13.47,35.9,42.3,43.43,22.97,21.7,21.13,20.23,20.2,20.27
"2023-03-31 14:00:00",167,"Site 2",30.5498,-96.4115,75,13.09,35.8,42.37,43.43,23.5,22.07,21.27,20.27,20.2,20.27
"2023-03-31 15:00:00",168,"Site 2",30.5498,-96.4115,75,13.45,35.8,42.4,43.5,23.8,22.27,21.43,20.3,20.2,20.27
"2023-03-31 16:00:00",169,"Site 2",30.5498,-96.4115,75,13.43,35.8,42.43,43.5,24.73,22.7,21.67,20.5,20.2,20.23
"2023-03-31 17:00:00",170,"Site 2",30.5498,-96.4115,75,13.43,35.77,42.5,43.5,25.27,23.27,21.83,20.53,20.23,20.27
"2023-03-31 18:00:00",171,"Site 2",30.5498,-96.4115,75,13.42,35.67,42.57,43.5,25.5,23.67,22.17,20.67,20.3,20.3
"2023-03-31 19:00:00",172,"Site 2",30.5498,-96.4115,75,13.41,35.53,42.6,43.57,25.37,23.8,22.47,20.77,20.37,20.37
"2023-03-31 20:00:00",173,"Site 2",30.5498,-96.4115,75,12.78,35.4,42.63,43.6,25.1,23.93,22.67,20.97,20.43,20.5
"2023-03-31 21:00:00",174,"Site 2",30.5498,-96.4115,75,12.73,35.3,42.7,43.6,24.67,23.77,22.73,21.1,20.53,20.57
"2023-03-31 22:00:00",175,"Site 2",30.5498,-96.4115,75,12.68,35.23,42.7,43.6,24.33,23.6,22.77,21.2,20.6,20.6
"2023-03-31 23:00:00",176,"Site 2",30.5498,-96.4115,75,12.65,35.13,42.7,43.6,23.87,23.43,22.8,21.23,20.67,20.67
"2023-04-01 00:00:00",177,"Site 2",30.5498,-96.4115,75,12.61,35,42.7,43.6,23.57,23.2,22.73,21.3,20.73,20.7
"2023-04-01 01:00:00",178,"Site 2",30.5498,-96.4115,75,12.58,34.93,42.6,43.7,23.17,22.97,22.67,21.37,20.8,20.73
"2023-04-01 02:00:00",179,"Site 2",30.5498,-96.4115,75,12.55,34.8,42.6,43.7,22.83,22.7,22.57,21.43,20.87,20.77
"2023-04-01 03:00:00",180,"Site 2",30.5498,-96.4115,75,12.52,34.7,42.57,43.7,22.53,22.47,22.37,21.3,20.93,20.8
"2023-04-01 04:00:00",181,"Site 2",30.5498,-96.4115,75,12.48,34.67,42.5,43.63,22.17,22.2,22.23,21.3,21,20.87
"2023-04-01 05:00:00",182,"Site 2",30.5498,-96.4115,75,12.45,34.53,42.47,43.6,21.83,21.93,22.13,21.3,21.03,21
"2023-04-01 06:00:00",183,"Site 2",30.5498,-96.4115,75,12.41,34.47,42.4,43.6,21.47,21.67,22,21.27,21,21
"2023-04-01 07:00:00",184,"Site 2",30.5498,-96.4115,75,12.37,34.3,42.3,43.6,21.1,21.43,21.77,21.2,21.03,21
"2023-04-01 08:00:00",185,"Site 2",30.5498,-96.4115,75,12.39,34.23,42.27,43.6,20.7,21.1,21.63,21.17,21,21
"2023-04-01 09:00:00",186,"Site 2",30.5498,-96.4115,75,12.57,34.13,42.2,43.5,20.53,20.83,21.43,21.07,21,21.03
"2023-04-01 10:00:00",187,"Site 2",30.5498,-96.4115,75,12.72,34.1,42.13,43.5,20.83,20.7,21.23,21,20.87,21
"2023-04-01 11:00:00",188,"Site 2",30.5498,-96.4115,75,12.77,34.17,42.1,43.5,21.57,20.83,21.17,20.8,20.8,20.93
"2023-04-01 12:00:00",189,"Site 2",30.5498,-96.4115,75,13.06,34.2,42.1,43.47,22.6,21.27,21.1,20.77,20.8,20.93
"2023-04-01 13:00:00",190,"Site 2",30.5498,-96.4115,75,13.6,34.3,42.1,43.4,23.87,21.83,21.27,20.7,20.8,20.8
"2023-04-01 14:00:00",191,"Site 2",30.5498,-96.4115,75,13.44,34.37,42.1,43.4,25.2,22.67,21.57,20.7,20.7,20.8
"2023-04-01 15:00:00",192,"Site 2",30.5498,-96.4115,75,13.45,34.4,42.2,43.4,26.13,23.47,21.97,20.77,20.73,20.8
"2023-04-01 16:00:00",193,"Site 2",30.5498,-96.4115,75,13.45,34.33,42.27,43.4,26.2,24,22.33,20.87,20.7,20.8
"2023-04-01 17:00:00",194,"Site 2",30.5498,-96.4115,75,13.48,34.27,42.33,43.43,26.07,24.27,22.67,21.03,20.73,20.8
"2023-04-01 18:00:00",195,"Site 2",30.5498,-96.4115,75,12.96,34.1,42.4,43.5,25.9,24.37,22.93,21.2,20.8,20.8
"2023-04-01 19:00:00",196,"Site 2",30.5498,-96.4115,75,12.94,34.03,42.4,43.5,25.47,24.37,23.17,21.43,20.93,20.87
"2023-04-01 20:00:00",197,"Site 2",30.5498,-96.4115,75,12.73,33.93,42.4,43.5,24.93,24.13,23.17,21.53,21,21
"2023-04-01 21:00:00",198,"Site 2",30.5498,-96.4115,75,12.68,33.83,42.4,43.5,24.37,23.97,23.2,21.63,21.07,21
"2023-04-01 22:00:00",199,"Site 2",30.5498,-96.4115,75,12.64,33.63,42.4,43.5,23.83,23.6,23.2,21.7,21.13,21.1
"2023-04-01 23:00:00",200,"Site 2",30.5498,-96.4115,75,12.6,33.47,42.3,43.5,23.33,23.23,23.07,21.73,21.2,21.17
"2023-04-02 00:00:00",201,"Site 2",30.5498,-96.4115,75,12.58,33.33,42.27,43.5,22.97,22.97,22.93,21.73,21.23,21.17
"2023-04-02 01:00:00",202,"Site 2",30.5498,-96.4115,75,12.55,33.3,42.2,43.5,22.67,22.73,22.73,21.73,21.3,21.2
"2023-04-02 02:00:00",203,"Site 2",30.5498,-96.4115,75,12.52,33.27,42.13,43.5,22.47,22.47,22.6,21.73,21.3,21.23
"2023-04-02 03:00:00",204,"Site 2",30.5498,-96.4115,75,12.48,33.13,42.1,43.5,22.17,22.23,22.43,21.67,21.3,21.27
"2023-04-02 04:00:00",205,"Site 2",30.5498,-96.4115,75,12.44,33.07,42,43.43,21.93,22.03,22.27,21.63,21.3,21.27
"2023-04-02 05:00:00",206,"Site 2",30.5498,-96.4115,75,12.41,32.97,41.93,43.4,21.67,21.77,22.13,21.53,21.3,21.3
"2023-04-02 06:00:00",207,"Site 2",30.5498,-96.4115,75,12.39,32.9,41.9,43.4,21.47,21.6,22.03,21.5,21.27,21.3
"2023-04-02 07:00:00",208,"Site 2",30.5498,-96.4115,75,12.37,32.83,41.8,43.33,21.2,21.43,21.8,21.3,21.3,21.3
"2023-04-02 08:00:00",209,"Site 2",30.5498,-96.4115,75,12.39,32.77,41.77,43.3,21.1,21.2,21.67,21.27,21.2,21.27
"2023-04-02 09:00:00",210,"Site 2",30.5498,-96.4115,75,12.44,32.7,41.7,43.3,21.03,21.1,21.57,21.2,21.2,21.2
"2023-04-02 10:00:00",211,"Site 2",30.5498,-96.4115,75,13.02,32.7,41.63,43.3,21.2,21.03,21.43,21.1,21.2,21.2
"2023-04-02 11:00:00",212,"Site 2",30.5498,-96.4115,75,13.05,32.7,41.6,43.2,21.67,21.13,21.3,21.07,21.1,21.2
"2023-04-02 12:00:00",213,"Site 2",30.5498,-96.4115,75,13.01,32.7,41.6,43.2,22.13,21.37,21.3,21,21.1,21.2
"2023-04-02 13:00:00",214,"Site 2",30.5498,-96.4115,75,13.06,32.7,41.6,43.2,22.43,21.6,21.43,21,21.07,21.13
"2023-04-02 14:00:00",215,"Site 2",30.5498,-96.4115,75,13.42,32.7,41.6,43.2,22.77,21.73,21.53,21,21.03,21.1
"2023-04-02 15:00:00",216,"Site 2",30.5498,-96.4115,75,13.51,32.7,41.6,43.2,23.17,22.1,21.63,21,21,21.1
"2023-04-02 16:00:00",217,"Site 2",30.5498,-96.4115,75,13.47,32.6,41.6,43.13,23.63,22.33,21.77,21,21,21.1
"2023-04-02 17:00:00",218,"Site 2",30.5498,-96.4115,75,13.47,32.57,41.6,43.1,24.1,22.67,21.93,21,21,21.1
"2023-04-02 18:00:00",219,"Site 2",30.5498,-96.4115,75,13.41,32.47,41.6,43.13,24.1,22.9,22.1,21.1,21,21.07
"2023-04-02 19:00:00",220,"Site 2",30.5498,-96.4115,75,13.5,32.37,41.6,43.1,24.03,23.07,22.23,21.1,21,21.1
"2023-04-02 20:00:00",221,"Site 2",30.5498,-96.4115,75,12.78,32.23,41.6,43.17,23.83,23.03,22.3,21.2,21.1,21.1
"2023-04-02 21:00:00",222,"Site 2",30.5498,-96.4115,75,12.73,32.13,41.6,43.2,23.57,23,22.43,21.27,21.07,21.1
"2023-04-02 22:00:00",223,"Site 2",30.5498,-96.4115,75,12.69,32.07,41.57,43.17,23.27,22.83,22.43,21.3,21.1,21.1
"2023-04-02 23:00:00",224,"Site 2",30.5498,-96.4115,75,12.65,32.53,41.53,43.1,23.1,22.67,22.5,21.3,21.1,21.13
"2023-04-03 00:00:00",225,"Site 2",30.5498,-96.4115,75,12.62,32.57,41.5,43.1,22.93,22.57,22.3,21.37,21.13,21.2
"2023-04-03 01:00:00",226,"Site 2",30.5498,-96.4115,75,12.59,32.47,41.5,43.1,22.67,22.43,22.3,21.43,21.2,21.17
"2023-04-03 02:00:00",227,"Site 2",30.5498,-96.4115,75,12.56,32.37,41.43,43.1,22.53,22.23,22.23,21.43,21.2,21.2
"2023-04-03 03:00:00",228,"Site 2",30.5498,-96.4115,75,12.53,32.3,41.4,43.1,22.37,22.17,22.13,21.3,21.2,21.2
"2023-04-03 04:00:00",229,"Site 2",30.5498,-96.4115,75,12.51,32.23,41.37,43.1,22.3,22.07,22.07,21.37,21.2,21.2
"2023-04-03 05:00:00",230,"Site 2",30.5498,-96.4115,75,12.48,32.2,41.3,43.1,22.3,22,22.03,21.3,21.2,21.23
"2023-04-03 06:00:00",231,"Site 2",30.5498,-96.4115,75,12.45,32.2,41.3,43.1,22.3,21.93,22,21.3,21.2,21.2
"2023-04-03 07:00:00",232,"Site 2",30.5498,-96.4115,75,12.42,32.1,41.3,43.1,22.3,22,22,21.23,21.2,21.2
"2023-04-03 08:00:00",233,"Site 2",30.5498,-96.4115,75,12.44,32.1,41.2,43.1,22.3,21.87,21.87,21.2,21.2,21.27
"2023-04-03 09:00:00",234,"Site 2",30.5498,-96.4115,75,12.63,32,41.2,43.1,22.37,21.8,21.8,21.2,21.17,21.2
"2023-04-03 10:00:00",235,"Site 2",30.5498,-96.4115,75,12.9,32.03,41.2,43.1,22.7,22,21.8,21.2,21.17,21.2
"2023-04-03 11:00:00",236,"Site 2",30.5498,-96.4115,75,13.15,32,41.2,43.1,23,22.13,21.87,21.2,21.17,21.2
"2023-04-03 12:00:00",237,"Site 2",30.5498,-96.4115,75,13.45,32.03,41.17,43.1,23.73,22.37,22,21.2,21.17,21.2
"2023-04-03 13:00:00",238,"Site 2",30.5498,-96.4115,75,13.42,32.17,41.1,43.1,25.13,22.97,22.07,21.2,21.13,21.2
"2023-04-03 14:00:00",239,"Site 2",30.5498,-96.4115,75,13.41,32.33,41.17,43.1,26.57,23.77,22.4,21.23,21.13,21.2
"2023-04-03 15:00:00",240,"Site 2",30.5498,-96.4115,75,13.41,32.53,41.2,43.1,27.8,24.67,22.77,21.3,21.13,21.2
"2023-04-03 16:00:00",241,"Site 2",30.5498,-96.4115,75,13.41,32.57,41.23,43.1,28.47,25.47,23.3,21.53,21.2,21.2
"2023-04-03 17:00:00",242,"Site 2",30.5498,-96.4115,75,13.41,32.47,41.3,43.1,28.77,26.1,23.8,21.73,21.23,21.27
"2023-04-03 18:00:00",243,"Site 2",30.5498,-96.4115,75,13.39,32.3,41.3,43.17,28.63,26.43,24.2,21.97,21.3,21.3
"2023-04-03 19:00:00",244,"Site 2",30.5498,-96.4115,75,13.45,32.17,41.33,43.2,28.17,26.5,24.5,22.17,21.5,21.37
"2023-04-03 20:00:00",245,"Site 2",30.5498,-96.4115,75,12.76,31.97,41.4,43.2,27.53,26.27,24.73,22.47,21.57,21.5
"2023-04-03 21:00:00",246,"Site 2",30.5498,-96.4115,75,12.72,31.73,41.37,43.3,26.87,26.07,24.8,22.6,21.73,21.6
"2023-04-03 22:00:00",247,"Site 2",30.5498,-96.4115,75,12.68,31.6,41.3,43.3,26.3,25.7,24.7,22.7,21.77,21.7
"2023-04-03 23:00:00",248,"Site 2",30.5498,-96.4115,75,12.65,31.43,41.27,43.3,25.87,25.37,24.67,22.77,22,21.77
"2023-04-04 00:00:00",249,"Site 2",30.5498,-96.4115,75,12.62,31.3,41.2,43.3,25.47,25.07,24.57,22.93,22,21.8
"2023-04-04 01:00:00",250,"Site 2",30.5498,-96.4115,75,12.6,31.2,41.13,43.3,25.2,24.77,24.43,22.93,22.1,22
"2023-04-04 02:00:00",251,"Site 2",30.5498,-96.4115,75,12.58,31.07,41.07,43.3,24.87,24.63,24.3,22.93,22.2,22
"2023-04-04 03:00:00",252,"Site 2",30.5498,-96.4115,75,12.55,30.97,41,43.3,24.73,24.43,24.1,22.87,22.2,22.1
"2023-04-04 04:00:00",253,"Site 2",30.5498,-96.4115,75,12.53,30.83,40.9,43.3,24.57,24.2,24.03,22.8,22.2,22.13
"2023-04-04 05:00:00",254,"Site 2",30.5498,-96.4115,75,12.5,30.83,40.87,43.3,24.43,24.07,23.93,22.77,22.27,22.17
"2023-04-04 06:00:00",255,"Site 2",30.5498,-96.4115,75,12.47,30.8,40.8,43.3,24.17,23.93,23.77,22.77,22.3,22.17
"2023-04-04 07:00:00",256,"Site 2",30.5498,-96.4115,75,12.44,30.8,40.73,43.3,24.07,23.77,23.7,22.73,22.27,22.2
"2023-04-04 08:00:00",257,"Site 2",30.5498,-96.4115,75,12.48,30.8,40.7,43.3,23.87,23.63,23.6,22.7,22.23,22.2
"2023-04-04 09:00:00",258,"Site 2",30.5498,-96.4115,75,12.81,30.8,40.6,43.3,23.93,23.53,23.5,22.63,22.2,22.2
"2023-04-04 10:00:00",259,"Site 2",30.5498,-96.4115,75,13.13,30.8,40.57,43.27,24.07,23.5,23.43,22.6,22.2,22.2
"2023-04-04 11:00:00",260,"Site 2",30.5498,-96.4115,75,13.24,30.8,40.5,43.2,24.4,23.57,23.3,22.57,22.2,22.2
"2023-04-04 12:00:00",261,"Site 2",30.5498,-96.4115,75,13.53,30.8,40.4,43.2,24.8,23.73,23.3,22.53,22.2,22.2
"2023-04-04 13:00:00",262,"Site 2",30.5498,-96.4115,75,13.47,30.8,40.33,43.17,25.43,24.07,23.5,22.53,22.2,22.2
