"TOA5","2","CR300","7174","CR300.Std.07.00","CPU:Site 2 (Field).CR300","63613","Teros12"
"TIMESTAMP","RECORD","station","latitude","longitude","altitude","BattV","TEROS12_5_VWC_Avg","TEROS12_10_VWC_Avg","TEROS12_20_VWC_Avg","TEROS12_50_VWC_Avg","TEROS12_5_T_Avg","TEROS12_10_T_Avg","TEROS12_20_T_Avg","TEROS12_50_T_Avg","TEROS12_5_EC_Avg","TEROS12_10_EC_Avg","TEROS12_20_EC_Avg","TEROS12_50_EC_Avg","TEROS12_5_Perm_Avg","TEROS12_10_Perm_Avg","TEROS12_20_Perm_Avg","TEROS12_50_Perm_Avg","TEROS12_5_Raw_Avg","TEROS12_10_Raw_Avg","TEROS12_20_Raw_Avg","TEROS12_50_Raw_Avg"
"TS","RN","name","decdegrees","decdegrees","m","Volts","m^3/m^3","m^3/m^3","m^3/m^3","m^3/m^3","Deg C","Deg C","Deg C","Deg C","dS/m","dS/m","dS/m","dS/m","Unitless","Unitless","Unitless","Unitless","Unitless","Unitless","Unitless","Unitless"
"","","Smp","Smp","Smp","Smp","Smp","Avg","Avg","Avg","Avg","Avg","Avg","Avg","Avg","Avg","Avg","Avg","Avg","Avg","Avg","Avg","Avg","Avg","Avg","Avg","Avg"
"2023-03-24 15:00:00",0,"Site 2",30.5498,-96.4115,75,13.32,0.278,0.29,0.29,0.366,24.6,23,21.6,19.5,306,388,562,868,13.31,14.01,14,19.24,2510,2542,2542,2736
"2023-03-24 16:00:00",1,"Site 2",30.5498,-96.4115,75,13.47,0.275,0.29,0.289,0.365,25.83,23.73,21.7,19.6,309.3,396,560,868,13.17,14,13.92,19.19,2503,2542,2538,2734
"2023-03-24 17:00:00",2,"Site 2",30.5498,-96.4115,75,13.45,0.275,0.289,0.289,0.365,27.47,24.9,22.03,19.6,311.7,391,562.3,862,13.14,13.94,13.94,19.16,2502,2539,2539,2733
"2023-03-24 18:00:00",3,"Site 2",30.5498,-96.4115,75,13.45,0.274,0.289,0.29,0.364,27.97,25.77,22.5,19.6,308.3,398.7,563.3,870,13.07,13.91,13.96,19.14,2499,2538,2540,2733
"2023-03-24 19:00:00",4,"Site 2",30.5498,-96.4115,75,13.45,0.275,0.289,0.289,0.365,27.33,25.97,22.9,19.6,307,395.7,566.3,868,13.17,13.9,13.95,19.18,2503,2537,2539,2734
"2023-03-24 20:00:00",5,"Site 2",30.5498,-96.4115,75,12.76,0.274,0.29,0.29,0.364,25.93,25.5,23.23,19.7,304.7,391.7,569,870,13.07,13.99,13.96,19.14,2498,2541,2540,2733
"2023-03-24 21:00:00",6,"Site 2",30.5498,-96.4115,75,12.68,0.274,0.29,0.289,0.365,24.4,24.7,23.3,19.7,301.7,393.7,568.7,870,13.09,13.98,13.93,19.19,2500,2541,2538,2734
"2023-03-24 22:00:00",7,"Site 2",30.5498,-96.4115,75,12.61,0.274,0.288,0.289,0.365,23.17,23.83,23.17,19.77,302,389.7,557.7,871,13.11,13.87,13.93,19.18,2501,2536,2539,2734
"2023-03-24 23:00:00",8,"Site 2",30.5498,-96.4115,75,12.54,0.277,0.289,0.289,0.365,22.1,23.03,22.97,19.8,302.3,390,562.7,871,13.25,13.9,13.94,19.18,2507,2537,2539,2734
"2023-03-25 00:00:00",9,"Site 2",30.5498,-96.4115,75,12.47,0.277,0.288,0.289,0.366,21.23,22.3,22.7,19.9,294,390,564.3,872,13.23,13.89,13.92,19.26,2506,2537,2538,2736
"2023-03-25 01:00:00",10,"Site 2",30.5498,-96.4115,75,12.43,0.274,0.289,0.288,0.364,20.47,21.63,22.4,19.93,296,387.7,562.7,872,13.12,13.94,13.89,19.14,2501,2539,2537,2733
"2023-03-25 02:00:00",11,"Site 2",30.5498,-96.4115,75,12.41,0.276,0.289,0.288,0.366,19.73,21,22.07,20,300,383.7,560.3,873,13.21,13.93,13.88,19.26,2505,2539,2536,2736
"2023-03-25 03:00:00",12,"Site 2",30.5498,-96.4115,75,12.39,0.277,0.289,0.288,0.366,19.1,20.47,21.7,20.03,298,383.7,558.7,871,13.26,13.9,13.86,19.24,2508,2537,2535,2736
"2023-03-25 04:00:00",13,"Site 2",30.5498,-96.4115,75,12.36,0.277,0.289,0.288,0.366,18.5,19.9,21.4,20.1,295.3,384,559.7,874,13.23,13.91,13.89,19.27,2506,2538,2537,2737
"2023-03-25 05:00:00",14,"Site 2",30.5498,-96.4115,75,12.34,0.278,0.289,0.287,0.365,17.93,19.4,21.03,20.1,294,382.7,560.3,872,13.33,13.92,13.83,19.2,2511,2538,2534,2735
"2023-03-25 06:00:00",15,"Site 2",30.5498,-96.4115,75,12.32,0.277,0.289,0.288,0.364,17.4,18.93,20.7,20.1,292,380,554,872,13.24,13.93,13.85,19.14,2507,2539,2535,2733
"2023-03-25 07:00:00",16,"Site 2",30.5498,-96.4115,75,12.29,0.277,0.288,0.287,0.365,16.9,18.43,20.4,20.1,289.3,381.3,554.7,868,13.28,13.89,13.83,19.22,2509,2537,2534,2735
"2023-03-25 08:00:00",17,"Site 2",30.5498,-96.4115,75,12.31,0.278,0.288,0.287,0.365,16.43,17.97,20.03,20.1,289.7,375.7,555.3,870,13.29,13.89,13.82,19.16,2509,2537,2534,2733
"2023-03-25 09:00:00",18,"Site 2",30.5498,-96.4115,75,12.42,0.278,0.288,0.287,0.366,16.2,17.6,19.7,20.1,289.7,381.3,549.7,870,13.32,13.87,13.83,19.24,2511,2536,2534,2736
"2023-03-25 10:00:00",19,"Site 2",30.5498,-96.4115,75,12.55,0.277,0.288,0.287,0.365,17,17.63,19.43,20.1,291,374.3,552,872,13.26,13.88,13.81,19.2,2508,2536,2533,2734
"2023-03-25 11:00:00",20,"Site 2",30.5498,-96.4115,75,12.66,0.275,0.288,0.286,0.365,18.63,18.27,19.3,20.07,294,379,543,871,13.12,13.88,13.77,19.16,2501,2536,2531,2733
"2023-03-25 12:00:00",21,"Site 2",30.5498,-96.4115,75,12.88,0.275,0.287,0.287,0.365,20.6,19.3,19.33,20,295.3,385,548,873,13.14,13.83,13.8,19.18,2502,2534,2533,2734
"2023-03-25 13:00:00",22,"Site 2",30.5498,-96.4115,75,13.39,0.274,0.287,0.287,0.365,22.9,20.7,19.5,20,302.3,386.7,547.7,873,13.08,13.79,13.8,19.15,2499,2532,2532,2733
"2023-03-25 14:00:00",23,"Site 2",30.5498,-96.4115,75,13.48,0.271,0.286,0.286,0.365,25.17,22.27,19.97,19.9,304.3,389.3,546.7,873,12.95,13.74,13.75,19.23,2493,2530,2530,2735
"2023-03-25 15:00:00",24,"Site 2",30.5498,-96.4115,75,13.49,0.272,0.286,0.287,0.365,27.07,23.8,20.53,19.9,305,393.7,554,874,13,13.74,13.79,19.17,2495,2530,2532,2734
"2023-03-25 16:00:00",25,"Site 2",30.5498,-96.4115,75,13.5,0.271,0.284,0.286,0.364,28.47,25.2,21.23,19.8,306.3,391.3,556.7,872,12.94,13.62,13.78,19.13,2492,2525,2532,2733
"2023-03-25 17:00:00",26,"Site 2",30.5498,-96.4115,75,13.48,0.27,0.285,0.287,0.364,29.23,26.2,21.97,19.8,308.7,392,564,871,12.9,13.72,13.82,19.13,2490,2529,2534,2732
"2023-03-25 18:00:00",27,"Site 2",30.5498,-96.4115,75,13.46,0.271,0.283,0.287,0.364,29.17,26.8,22.6,19.8,308.7,389.3,565.7,869,12.94,13.56,13.83,19.14,2492,2522,2534,2733
"2023-03-25 19:00:00",28,"Site 2",30.5498,-96.4115,75,13.46,0.27,0.282,0.287,0.364,28.4,26.83,23.13,19.8,301.7,393.7,565.3,869,12.85,13.55,13.82,19.11,2488,2521,2534,2732
"2023-03-25 20:00:00",29,"Site 2",30.5498,-96.4115,75,12.77,0.271,0.286,0.288,0.364,26.9,26.37,23.47,19.8,302,391,568,872,12.93,13.73,13.86,19.12,2492,2529,2535,2732
"2023-03-25 21:00:00",30,"Site 2",30.5498,-96.4115,75,12.69,0.272,0.287,0.288,0.364,25.03,25.37,23.6,19.83,298.3,387.7,565.3,873,13,13.8,13.87,19.12,2495,2533,2536,2732
"2023-03-25 22:00:00",31,"Site 2",30.5498,-96.4115,75,12.63,0.272,0.286,0.288,0.365,23.5,24.33,23.47,19.9,302,387.3,561.7,874,12.96,13.78,13.85,19.16,2493,2532,2535,2733
"2023-03-25 23:00:00",32,"Site 2",30.5498,-96.4115,75,12.59,0.272,0.286,0.287,0.365,22.33,23.4,23.2,20,297.3,383.3,561.7,872,12.98,13.75,13.79,19.21,2494,2530,2532,2735
"2023-03-26 00:00:00",33,"Site 2",30.5498,-96.4115,75,12.56,0.271,0.286,0.287,0.365,21.4,22.53,22.9,20.07,294.7,381.7,562.3,872,12.93,13.73,13.8,19.16,2492,2530,2533,2733
"2023-03-26 01:00:00",34,"Site 2",30.5498,-96.4115,75,12.52,0.272,0.286,0.286,0.365,20.6,21.87,22.57,20.13,295.7,383.7,562.3,875,13,13.77,13.77,19.16,2495,2531,2532,2733
"2023-03-26 02:00:00",35,"Site 2",30.5498,-96.4115,75,12.48,0.273,0.285,0.287,0.365,19.87,21.2,22.2,20.2,294,384,560.3,873,13.03,13.71,13.78,19.18,2497,2529,2532,2734
"2023-03-26 03:00:00",36,"Site 2",30.5498,-96.4115,75,12.45,0.273,0.284,0.285,0.365,19.2,20.6,21.9,20.23,292.3,381.3,559,875,13.06,13.66,13.72,19.17,2498,2526,2529,2734
"2023-03-26 04:00:00",37,"Site 2",30.5498,-96.4115,75,12.41,0.273,0.285,0.286,0.365,18.6,20.03,21.5,20.3,292.3,379.7,552,874,13.06,13.71,13.76,19.21,2498,2529,2531,2735
"2023-03-26 05:00:00",38,"Site 2",30.5498,-96.4115,75,12.37,0.274,0.286,0.286,0.366,18.13,19.53,21.2,20.3,291.3,377.7,552,874,13.07,13.73,13.73,19.27,2498,2529,2530,2737
"2023-03-26 06:00:00",39,"Site 2",30.5498,-96.4115,75,12.34,0.273,0.285,0.285,0.366,17.8,19.13,20.87,20.3,288,377,556.7,873,13.02,13.7,13.72,19.25,2496,2528,2529,2736
"2023-03-26 07:00:00",40,"Site 2",30.5498,-96.4115,75,12.32,0.274,0.285,0.285,0.365,17.4,18.77,20.5,20.37,285.7,375.3,551.7,875,13.1,13.71,13.7,19.21,2500,2529,2528,2735
"2023-03-26 08:00:00",41,"Site 2",30.5498,-96.4115,75,12.36,0.273,0.286,0.285,0.365,17.1,18.4,20.23,20.3,287.7,379.3,549,873,13.02,13.73,13.68,19.22,2496,2529,2527,2735
"2023-03-26 09:00:00",42,"Site 2",30.5498,-96.4115,75,12.67,0.274,0.285,0.285,0.366,17.07,18.13,20,20.3,287.3,379.3,552.3,872,13.1,13.7,13.69,19.27,2500,2528,2528,2737
"2023-03-26 10:00:00",43,"Site 2",30.5498,-96.4115,75,12.42,0.274,0.285,0.285,0.366,17.73,18.3,19.73,20.3,292,370.3,552.7,873,13.08,13.69,13.7,19.28,2499,2528,2528,2737
"2023-03-26 11:00:00",44,"Site 2",30.5498,-96.4115,75,12.62,0.271,0.285,0.285,0.366,18.17,18.5,19.6,20.3,288,378.3,551,873,12.95,13.69,13.69,19.25,2493,2528,2528,2736
"2023-03-26 12:00:00",45,"Site 2",30.5498,-96.4115,75,12.84,0.272,0.285,0.285,0.365,18.6,18.8,19.53,20.23,291.7,376,550.3,873,12.99,13.69,13.68,19.19,2495,2528,2527,2734
"2023-03-26 13:00:00",46,"Site 2",30.5498,-96.4115,75,12.89,0.27,0.285,0.284,0.366,19,19,19.5,20.2,289.7,379.7,551,872,12.86,13.68,13.65,19.24,2488,2527,2526,2736
"2023-03-26 14:00:00",47,"Site 2",30.5498,-96.4115,75,12.87,0.27,0.284,0.284,0.365,19.57,19.37,19.6,20.2,291.3,376,548.7,868,12.88,13.62,13.66,19.19,2490,2524,2526,2734
"2023-03-26 15:00:00",48,"Site 2",30.5498,-96.4115,75,13.44,0.269,0.284,0.284,0.365,20.1,19.73,19.63,20.1,289.7,379,548.7,867,12.83,13.63,13.65,19.18,2487,2525,2526,2734
"2023-03-26 16:00:00",49,"Site 2",30.5498,-96.4115,75,13.15,0.272,0.284,0.285,0.365,21.13,20.3,19.77,20.1,293,377.3,548,868,12.98,13.63,13.69,19.15,2494,2525,2528,2733
"2023-03-26 17:00:00",50,"Site 2",30.5498,-96.4115,75,13.48,0.272,0.284,0.285,0.364,21.73,20.83,19.97,20,293,381.3,543.3,871,12.97,13.65,13.68,19.14,2494,2526,2527,2733
"2023-03-26 18:00:00",51,"Site 2",30.5498,-96.4115,75,13.56,0.27,0.284,0.284,0.364,22.27,21.27,20.2,20,292.3,385,549,870,12.88,13.62,13.62,19.11,2489,2524,2525,2732
"2023-03-26 19:00:00",52,"Site 2",30.5498,-96.4115,75,13.55,0.269,0.283,0.285,0.364,22.57,21.7,20.4,19.97,293.7,380.7,555.3,872,12.8,13.56,13.67,19.12,2485,2522,2527,2732
"2023-03-26 20:00:00",53,"Site 2",30.5498,-96.4115,75,12.76,0.271,0.283,0.284,0.364,22.17,21.77,20.63,19.9,295.3,382.7,549.3,870,12.93,13.59,13.66,19.12,2492,2523,2526,2732
"2023-03-26 21:00:00",54,"Site 2",30.5498,-96.4115,75,12.7,0.272,0.284,0.284,0.364,21.33,21.47,20.77,19.9,292.3,382.3,555.3,871,12.96,13.64,13.67,19.09,2493,2525,2526,2731
"2023-03-26 22:00:00",55,"Site 2",30.5498,-96.4115,75,12.65,0.271,0.283,0.284,0.364,20.73,21.1,20.8,19.9,292.7,382.7,556.7,870,12.92,13.58,13.65,19.08,2491,2523,2526,2731
"2023-03-26 23:00:00",56,"Site 2",30.5498,-96.4115,75,12.62,0.269,0.283,0.285,0.363,20.57,20.83,20.7,19.9,291.3,380,553,871,12.85,13.61,13.68,19.05,2488,2524,2527,2730
"2023-03-27 00:00:00",57,"Site 2",30.5498,-96.4115,75,12.58,0.272,0.283,0.284,0.364,20.43,20.67,20.67,19.9,291.7,379,547.7,871,12.97,13.59,13.66,19.09,2494,2523,2526,2731
"2023-03-27 01:00:00",58,"Site 2",30.5498,-96.4115,75,12.55,0.272,0.283,0.284,0.364,20.27,20.53,20.6,19.9,291,376,554.3,868,12.98,13.58,13.65,19.11,2494,2523,2526,2732
"2023-03-27 02:00:00",59,"Site 2",30.5498,-96.4115,75,12.5,0.271,0.284,0.284,0.364,19.9,20.37,20.5,19.9,290.7,377.3,554.7,868,12.93,13.63,13.65,19.11,2492,2525,2526,2732
"2023-03-27 03:00:00",60,"Site 2",30.5498,-96.4115,75,12.46,0.27,0.283,0.283,0.364,19.37,20.03,20.43,19.9,292.7,375,547,869,12.89,13.59,13.6,19.08,2490,2523,2523,2731
"2023-03-27 04:00:00",61,"Site 2",30.5498,-96.4115,75,12.42,0.271,0.283,0.283,0.364,18.8,19.63,20.33,19.9,291,372.7,554.3,869,12.94,13.56,13.59,19.11,2492,2522,2523,2732
"2023-03-27 05:00:00",62,"Site 2",30.5498,-96.4115,75,12.38,0.272,0.283,0.284,0.364,18.33,19.27,20.17,19.9,291,376,541.3,867,13,13.61,13.62,19.12,2495,2524,2524,2732
"2023-03-27 06:00:00",63,"Site 2",30.5498,-96.4115,75,12.35,0.272,0.283,0.284,0.364,17.9,18.9,19.97,19.9,287.7,375.3,551,867,12.98,13.58,13.65,19.13,2494,2523,2526,2732
"2023-03-27 07:00:00",64,"Site 2",30.5498,-96.4115,75,12.33,0.271,0.284,0.283,0.364,17.6,18.6,19.77,19.9,286.3,370.3,550.3,869,12.93,13.62,13.6,19.12,2492,2525,2524,2732
"2023-03-27 08:00:00",65,"Site 2",30.5498,-96.4115,75,12.34,0.27,0.283,0.284,0.364,17.3,18.3,19.57,19.9,286,376.3,538.3,868,12.9,13.59,13.63,19.13,2491,2523,2525,2732
"2023-03-27 09:00:00",66,"Site 2",30.5498,-96.4115,75,12.48,0.272,0.284,0.283,0.363,17.27,18.1,19.4,19.9,286.3,373.7,543,868,12.97,13.63,13.58,19.03,2494,2525,2523,2729
"2023-03-27 10:00:00",67,"Site 2",30.5498,-96.4115,75,12.99,0.272,0.283,0.283,0.364,17.8,18.2,19.23,19.9,284.7,373.7,546,868,12.96,13.6,13.6,19.09,2493,2524,2523,2731
"2023-03-27 11:00:00",68,"Site 2",30.5498,-96.4115,75,13.03,0.271,0.283,0.283,0.364,18.87,18.57,19.13,19.83,291,372,545.7,868,12.92,13.58,13.58,19.1,2492,2523,2522,2731
"2023-03-27 12:00:00",69,"Site 2",30.5498,-96.4115,75,13.49,0.271,0.282,0.282,0.364,20.6,19.47,19.23,19.8,288.7,373.3,548.7,867,12.91,13.54,13.56,19.07,2491,2521,2521,2731
"2023-03-27 13:00:00",70,"Site 2",30.5498,-96.4115,75,13.56,0.269,0.282,0.283,0.363,21.87,20.4,19.4,19.8,290,378,540.3,867,12.82,13.55,13.58,19.05,2486,2521,2523,2730
"2023-03-27 14:00:00",71,"Site 2",30.5498,-96.4115,75,13.52,0.268,0.282,0.283,0.363,23.87,21.57,19.73,19.8,295.3,384.7,550.3,868,12.77,13.54,13.59,19.06,2484,2521,2523,2730
"2023-03-27 15:00:00",72,"Site 2",30.5498,-96.4115,75,13.48,0.267,0.282,0.283,0.364,25.77,22.93,20.2,19.73,298,383.7,548.3,868,12.72,13.55,13.61,19.1,2481,2521,2524,2731
"2023-03-27 16:00:00",73,"Site 2",30.5498,-96.4115,75,13.48,0.266,0.282,0.283,0.363,27.13,24.27,20.8,19.7,298.7,384.7,552.3,865,12.68,13.54,13.6,19.01,2480,2521,2524,2729
"2023-03-27 17:00:00",74,"Site 2",30.5498,-96.4115,75,13.46,0.266,0.281,0.284,0.363,27.73,25.13,21.4,19.7,294,387,550,867,12.68,13.46,13.61,19.01,2480,2517,2524,2729
"2023-03-27 18:00:00",75,"Site 2",30.5498,-96.4115,75,13.45,0.267,0.282,0.283,0.363,27.87,25.7,22,19.7,300.3,387.3,553.3,866,12.71,13.52,13.59,19.02,2481,2520,2523,2729
"2023-03-27 19:00:00",76,"Site 2",30.5498,-96.4115,75,13.51,0.264,0.28,0.284,0.363,27.2,25.77,22.47,19.7,299,387,560,864,12.56,13.39,13.62,19.06,2474,2514,2524,2730
"2023-03-27 20:00:00",77,"Site 2",30.5498,-96.4115,75,12.76,0.266,0.281,0.284,0.363,26.07,25.4,22.77,19.7,297,386.3,558.7,865,12.68,13.47,13.63,18.99,2480,2517,2525,2728
"2023-03-27 21:00:00",78,"Site 2",30.5498,-96.4115,75,12.7,0.267,0.282,0.283,0.364,24.8,24.73,22.9,19.8,297,383,559,867,12.71,13.52,13.6,19.08,2481,2520,2524,2731
"2023-03-27 22:00:00",79,"Site 2",30.5498,-96.4115,75,12.66,0.266,0.282,0.283,0.363,23.8,24.03,22.9,19.8,297.3,377.3,559,867,12.66,13.55,13.6,19,2478,2521,2524,2728
"2023-03-27 23:00:00",80,"Site 2",30.5498,-96.4115,75,12.64,0.267,0.28,0.284,0.363,23.1,23.43,22.77,19.9,293.7,378.7,558.7,869,12.71,13.43,13.64,19.06,2481,2516,2525,2730
"2023-03-28 00:00:00",81,"Site 2",30.5498,-96.4115,75,12.61,0.267,0.281,0.283,0.364,22.67,23,22.6,19.97,292.7,381.7,557.7,869,12.72,13.47,13.61,19.11,2482,2518,2524,2732
"2023-03-28 01:00:00",82,"Site 2",30.5498,-96.4115,75,12.59,0.267,0.281,0.283,0.364,22.27,22.63,22.43,20.03,291,377.7,557.3,869,12.74,13.47,13.57,19.11,2482,2517,2522,2732
"2023-03-28 02:00:00",83,"Site 2",30.5498,-96.4115,75,12.56,0.266,0.28,0.284,0.365,21.83,22.3,22.27,20.1,288,378.3,555.3,869,12.67,13.43,13.62,19.18,2479,2515,2524,2734
"2023-03-28 03:00:00",84,"Site 2",30.5498,-96.4115,75,12.53,0.266,0.281,0.283,0.364,21.4,21.93,22.13,20.17,288.3,377.3,556.3,868,12.68,13.46,13.58,19.06,2480,2517,2523,2730
"2023-03-28 04:00:00",85,"Site 2",30.5498,-96.4115,75,12.49,0.267,0.281,0.283,0.364,21.1,21.67,21.93,20.2,289,373.3,551.7,866,12.73,13.5,13.56,19.08,2482,2519,2522,2731
"2023-03-28 05:00:00",86,"Site 2",30.5498,-96.4115,75,12.46,0.269,0.281,0.282,0.365,20.77,21.4,21.77,20.27,289.3,378.7,553.3,869,12.81,13.48,13.55,19.15,2486,2518,2521,2733
"2023-03-28 06:00:00",87,"Site 2",30.5498,-96.4115,75,12.42,0.267,0.281,0.282,0.364,20.4,21.1,21.63,20.3,289,377,552.3,865,12.7,13.47,13.55,19.07,2481,2517,2521,2731
"2023-03-28 07:00:00",88,"Site 2",30.5498,-96.4115,75,12.39,0.268,0.281,0.283,0.364,20,20.8,21.43,20.3,288.3,374,555.7,864,12.75,13.45,13.59,19.11,2483,2516,2523,2732
"2023-03-28 08:00:00",89,"Site 2",30.5498,-96.4115,75,12.39,0.267,0.281,0.282,0.365,19.7,20.5,21.23,20.3,286,371.3,550.3,865,12.74,13.45,13.55,19.16,2483,2516,2521,2733
"2023-03-28 09:00:00",90,"Site 2",30.5498,-96.4115,75,12.58,0.268,0.281,0.282,0.364,19.4,20.2,21.07,20.33,288.3,370.7,552,865,12.8,13.48,13.52,19.12,2485,2518,2520,2732
"2023-03-28 10:00:00",91,"Site 2",30.5498,-96.4115,75,12.92,0.266,0.28,0.283,0.364,19.33,20,20.87,20.4,284.3,374.7,547.7,868,12.68,13.43,13.56,19.14,2480,2515,2522,2733
"2023-03-28 11:00:00",92,"Site 2",30.5498,-96.4115,75,13.15,0.266,0.281,0.282,0.365,19.7,20,20.73,20.4,286.7,373.3,547,869,12.65,13.46,13.53,19.19,2478,2517,2520,2734
"2023-03-28 12:00:00",93,"Site 2",30.5498,-96.4115,75,13.59,0.267,0.279,0.282,0.365,20.93,20.47,20.6,20.4,286.7,375.3,545.3,865,12.74,13.38,13.52,19.16,2483,2513,2520,2733
"2023-03-28 13:00:00",94,"Site 2",30.5498,-96.4115,75,13.61,0.265,0.279,0.282,0.365,22.47,21.23,20.67,20.4,289,377,551,866,12.63,13.36,13.52,19.2,2477,2512,2520,2735
"2023-03-28 14:00:00",95,"Site 2",30.5498,-96.4115,75,13.59,0.265,0.279,0.281,0.365,23.97,22.23,20.9,20.3,291.3,379,546,868,12.59,13.35,13.5,19.16,2475,2512,2519,2733
"2023-03-28 15:00:00",96,"Site 2",30.5498,-96.4115,75,13.6,0.264,0.279,0.282,0.365,25.57,23.3,21.23,20.3,292.3,379.7,554,866,12.55,13.37,13.51,19.16,2473,2513,2519,2733
"2023-03-28 16:00:00",97,"Site 2",30.5498,-96.4115,75,13.57,0.262,0.278,0.281,0.365,26.9,24.47,21.67,20.3,295.3,379.3,554.7,863,12.46,13.29,13.5,19.18,2469,2509,2519,2734
"2023-03-28 17:00:00",98,"Site 2",30.5498,-96.4115,75,13.58,0.263,0.278,0.282,0.365,27.47,25.27,22.17,20.3,295,383.7,555.3,863,12.49,13.31,13.53,19.18,2470,2510,2520,2734
"2023-03-28 18:00:00",99,"Site 2",30.5498,-96.4115,75,13.57,0.263,0.278,0.282,0.364,27.1,25.6,22.63,20.3,294.7,387,559.3,864,12.53,13.32,13.55,19.12,2472,2511,2521,2732
"2023-03-28 19:00:00",100,"Site 2",30.5498,-96.4115,75,13,0.263,0.278,0.282,0.364,26,25.33,22.97,20.3,295.7,384.7,557,865,12.49,13.31,13.51,19.14,2470,2510,2519,2733
"2023-03-28 20:00:00",101,"Site 2",30.5498,-96.4115,75,12.73,0.262,0.279,0.282,0.365,24.53,24.7,23.1,20.3,291,381.3,559,864,12.46,13.38,13.55,19.15,2469,2513,2521,2733
"2023-03-28 21:00:00",102,"Site 2",30.5498,-96.4115,75,12.68,0.261,0.279,0.282,0.364,23.1,23.8,23.07,20.37,290,381.3,556,864,12.42,13.35,13.53,19.1,2467,2512,2520,2732
"2023-03-28 22:00:00",103,"Site 2",30.5498,-96.4115,75,12.64,0.265,0.279,0.282,0.365,22.17,23,22.9,20.4,286.7,378.7,552.7,867,12.6,13.34,13.52,19.18,2476,2511,2520,2734
"2023-03-28 23:00:00",104,"Site 2",30.5498,-96.4115,75,12.61,0.264,0.277,0.281,0.364,21.43,22.3,22.6,20.47,286,374,552.7,866,12.58,13.28,13.5,19.13,2475,2508,2519,2733
"2023-03-29 00:00:00",105,"Site 2",30.5498,-96.4115,75,12.59,0.265,0.278,0.281,0.365,20.77,21.77,22.37,20.5,286.7,376.3,553.3,868,12.64,13.33,13.49,19.16,2478,2511,2519,2733
"2023-03-29 01:00:00",106,"Site 2",30.5498,-96.4115,75,12.56,0.264,0.279,0.281,0.365,20.23,21.23,22.1,20.5,284.3,370.3,552.7,869,12.59,13.34,13.48,19.15,2475,2511,2518,2733
"2023-03-29 02:00:00",107,"Site 2",30.5498,-96.4115,75,12.53,0.265,0.279,0.281,0.365,19.73,20.83,21.8,20.6,286.3,372.7,549.3,869,12.6,13.36,13.49,19.18,2476,2512,2519,2734
"2023-03-29 03:00:00",108,"Site 2",30.5498,-96.4115,75,12.5,0.265,0.278,0.281,0.365,19.4,20.4,21.5,20.6,284.3,367,550.3,868,12.6,13.32,13.48,19.19,2476,2511,2518,2734
"2023-03-29 04:00:00",109,"Site 2",30.5498,-96.4115,75,12.46,0.266,0.279,0.281,0.365,19.1,20.1,21.3,20.6,283,374,549,867,12.64,13.34,13.47,19.21,2478,2512,2517,2735
"2023-03-29 05:00:00",110,"Site 2",30.5498,-96.4115,75,12.43,0.265,0.279,0.281,0.365,18.8,19.8,21.03,20.6,284.3,370.7,546.7,865,12.63,13.36,13.49,19.18,2477,2512,2518,2734
"2023-03-29 06:00:00",111,"Site 2",30.5498,-96.4115,75,12.4,0.266,0.278,0.281,0.365,18.57,19.5,20.8,20.6,281,365.3,543.3,865,12.66,13.3,13.46,19.18,2479,2510,2517,2734
"2023-03-29 07:00:00",112,"Site 2",30.5498,-96.4115,75,12.37,0.265,0.278,0.28,0.365,18.37,19.3,20.6,20.6,281.7,371,543.3,868,12.6,13.29,13.44,19.18,2476,2509,2516,2734
"2023-03-29 08:00:00",113,"Site 2",30.5498,-96.4115,75,12.35,0.265,0.278,0.281,0.365,18.1,19.1,20.4,20.6,283,372,547.3,867,12.62,13.31,13.45,19.22,2476,2510,2516,2735
"2023-03-29 09:00:00",114,"Site 2",30.5498,-96.4115,75,12.37,0.265,0.278,0.28,0.365,17.93,18.87,20.23,20.6,280.7,368,543.3,867,12.63,13.31,13.42,19.17,2477,2510,2515,2734
"2023-03-29 10:00:00",115,"Site 2",30.5498,-96.4115,75,12.85,0.265,0.278,0.281,0.364,17.93,18.73,20.03,20.6,279.7,365.3,540.7,865,12.6,13.29,13.45,19.12,2476,2509,2517,2732
"2023-03-29 11:00:00",116,"Site 2",30.5498,-96.4115,75,12.91,0.264,0.278,0.28,0.365,18.53,18.8,19.87,20.5,280.7,365,541.7,865,12.56,13.29,13.41,19.17,2474,2509,2515,2734
"2023-03-29 12:00:00",117,"Site 2",30.5498,-96.4115,75,13.25,0.263,0.278,0.281,0.364,20.23,19.5,19.8,20.5,285.7,369.3,546.7,867,12.51,13.31,13.45,19.09,2471,2510,2517,2731
"2023-03-29 13:00:00",118,"Site 2",30.5498,-96.4115,75,13.57,0.263,0.277,0.28,0.365,22.53,20.7,19.93,20.5,285.3,372.7,547.3,863,12.51,13.26,13.43,19.15,2471,2508,2516,2733
"2023-03-29 14:00:00",119,"Site 2",30.5498,-96.4115,75,13.56,0.261,0.276,0.28,0.365,24.3,22.1,20.3,20.43,286.3,374,547.3,862,12.41,13.17,13.44,19.15,2466,2504,2516,2733
"2023-03-29 15:00:00",120,"Site 2",30.5498,-96.4115,75,13.57,0.26,0.277,0.28,0.364,25,23.07,20.77,20.4,289.3,376.3,547.3,859,12.33,13.27,13.43,19.08,2463,2508,2515,2731
"2023-03-29 16:00:00",121,"Site 2",30.5498,-96.4115,75,13.56,0.261,0.276,0.28,0.364,25.13,23.57,21.23,20.37,286.3,377.7,547,861,12.43,13.22,13.4,19.09,2467,2506,2514,2731
"2023-03-29 17:00:00",122,"Site 2",30.5498,-96.4115,75,13.62,0.261,0.276,0.28,0.364,24.77,23.7,21.6,20.3,289,379.7,551.3,864,12.42,13.22,13.43,19.11,2467,2506,2516,2732
"2023-03-29 18:00:00",123,"Site 2",30.5498,-96.4115,75,13.1,0.261,0.276,0.28,0.363,24.23,23.63,21.87,20.3,288,375,549.3,865,12.39,13.21,13.39,19.05,2465,2505,2514,2730
"2023-03-29 19:00:00",124,"Site 2",30.5498,-96.4115,75,12.78,0.262,0.275,0.28,0.364,23.6,23.3,22,20.3,283,375.7,553,863,12.45,13.16,13.41,19.1,2468,2503,2515,2731
"2023-03-29 20:00:00",125,"Site 2",30.5498,-96.4115,75,12.72,0.261,0.277,0.28,0.364,22.9,22.97,22.1,20.3,283.7,376.7,552.7,862,12.39,13.25,13.41,19.09,2465,2507,2515,2731
"2023-03-29 21:00:00",126,"Site 2",30.5498,-96.4115,75,12.68,0.261,0.277,0.28,0.363,22.2,22.53,22.03,20.3,283.7,370,553.7,864,12.4,13.25,13.4,19.04,2466,2507,2514,2730
"2023-03-29 22:00:00",127,"Site 2",30.5498,-96.4115,75,12.65,0.261,0.275,0.28,0.364,21.7,22.1,21.93,20.33,283,373.3,551,863,12.42,13.16,13.41,19.12,2467,2503,2515,2732
"2023-03-29 23:00:00",128,"Site 2",30.5498,-96.4115,75,12.61,0.26,0.275,0.279,0.363,21.23,21.73,21.83,20.4,281.7,368,545,860,12.36,13.15,13.36,19.02,2464,2502,2512,2729
"2023-03-30 00:00:00",129,"Site 2",30.5498,-96.4115,75,12.59,0.259,0.276,0.282,0.363,20.9,21.4,21.67,20.4,283,366.7,551,863,12.3,13.19,13.55,19.04,2461,2504,2521,2730
"2023-03-30 01:00:00",130,"Site 2",30.5498,-96.4115,75,12.56,0.259,0.275,0.28,0.364,20.53,21.1,21.53,20.4,279.3,371.7,546.3,863,12.3,13.15,13.4,19.06,2461,2502,2514,2730
"2023-03-30 02:00:00",131,"Site 2",30.5498,-96.4115,75,12.53,0.262,0.276,0.28,0.364,20.2,20.87,21.37,20.5,278.7,371,548,864,12.43,13.19,13.4,19.13,2467,2504,2514,2732
"2023-03-30 03:00:00",132,"Site 2",30.5498,-96.4115,75,12.49,0.263,0.276,0.279,0.364,19.8,20.57,21.2,20.5,282.7,370.3,542.3,861,12.49,13.2,13.39,19.11,2470,2505,2514,2732
"2023-03-30 04:00:00",133,"Site 2",30.5498,-96.4115,75,12.46,0.262,0.275,0.279,0.364,19.63,20.3,21.03,20.5,280.3,366,546.3,860,12.44,13.15,13.35,19.11,2468,2503,2512,2732
"2023-03-30 05:00:00",134,"Site 2",30.5498,-96.4115,75,12.43,0.261,0.276,0.279,0.364,19.53,20.13,20.87,20.5,281.7,366.3,543,860,12.42,13.18,13.35,19.09,2467,2504,2512,2731
"2023-03-30 06:00:00",135,"Site 2",30.5498,-96.4115,75,12.4,0.261,0.275,0.279,0.364,19.43,20,20.73,20.5,281.3,368.3,544.3,861,12.43,13.17,13.37,19.09,2467,2503,2513,2731
"2023-03-30 07:00:00",136,"Site 2",30.5498,-96.4115,75,12.37,0.26,0.276,0.278,0.364,19.4,19.9,20.63,20.5,281.3,368.3,540.3,861,12.37,13.2,13.33,19.13,2464,2505,2511,2732
"2023-03-30 08:00:00",137,"Site 2",30.5498,-96.4115,75,12.37,0.261,0.276,0.279,0.364,19.3,19.8,20.5,20.5,277.7,368,547.7,861,12.41,13.17,13.36,19.09,2466,2504,2512,2731
"2023-03-30 09:00:00",138,"Site 2",30.5498,-96.4115,75,12.59,0.259,0.275,0.279,0.364,19.4,19.8,20.4,20.5,278.7,367.7,543.3,859,12.29,13.15,13.37,19.08,2460,2502,2513,2731
"2023-03-30 10:00:00",139,"Site 2",30.5498,-96.4115,75,13.01,0.262,0.275,0.279,0.364,19.93,19.9,20.33,20.5,281.3,368.3,542,860,12.43,13.15,13.34,19.08,2467,2503,2511,2731
"2023-03-30 11:00:00",140,"Site 2",30.5498,-96.4115,75,12.93,0.26,0.275,0.278,0.364,21,20.4,20.33,20.43,278.3,368.3,540.7,861,12.36,13.13,13.33,19.09,2464,2501,2511,2731
"2023-03-30 12:00:00",141,"Site 2",30.5498,-96.4115,75,13.03,0.259,0.274,0.278,0.363,21.43,20.9,20.43,20.4,282,370,541.3,860,12.28,13.09,13.32,19.04,2460,2500,2510,2730
"2023-03-30 13:00:00",142,"Site 2",30.5498,-96.4115,75,13.05,0.261,0.274,0.278,0.364,21.93,21.23,20.57,20.4,280.3,369,538.3,860,12.41,13.09,13.31,19.06,2466,2499,2510,2730
"2023-03-30 14:00:00",143,"Site 2",30.5498,-96.4115,75,13.31,0.259,0.274,0.278,0.363,22.3,21.6,20.73,20.4,278.7,369.7,547.7,858,12.31,13.11,13.33,19.05,2461,2500,2511,2730
"2023-03-30 15:00:00",144,"Site 2",30.5498,-96.4115,75,13.38,0.258,0.274,0.278,0.364,22.7,21.9,20.93,20.4,283,369.3,544.3,859,12.25,13.11,13.33,19.11,2458,2501,2511,2732
"2023-03-30 16:00:00",145,"Site 2",30.5498,-96.4115,75,13.36,0.26,0.273,0.278,0.364,23.33,22.37,21.1,20.33,281.7,373.7,547,858,12.36,13.06,13.29,19.1,2464,2498,2509,2731
"2023-03-30 17:00:00",146,"Site 2",30.5498,-96.4115,75,12.99,0.259,0.275,0.278,0.364,23.47,22.63,21.3,20.3,281.3,374.3,547.3,859,12.29,13.14,13.33,19.09,2460,2502,2511,2731
"2023-03-30 18:00:00",147,"Site 2",30.5498,-96.4115,75,13.12,0.258,0.273,0.279,0.363,23.4,22.8,21.5,20.3,283.3,368.3,549.7,856,12.28,13.03,13.34,19.06,2460,2497,2511,2730
"2023-03-30 19:00:00",148,"Site 2",30.5498,-96.4115,75,12.8,0.259,0.274,0.278,0.364,23.27,22.8,21.63,20.3,281.7,370,549.7,854,12.28,13.1,13.32,19.06,2460,2500,2510,2730
"2023-03-30 20:00:00",149,"Site 2",30.5498,-96.4115,75,12.73,0.259,0.274,0.278,0.363,22.97,22.7,21.73,20.3,283.7,372,548,858,12.28,13.09,13.29,19.05,2460,2500,2509,2730
"2023-03-30 21:00:00",150,"Site 2",30.5498,-96.4115,75,12.68,0.26,0.273,0.278,0.363,22.53,22.5,21.8,20.37,282,373.7,551,856,12.34,13.05,13.31,19,2463,2498,2510,2729
"2023-03-30 22:00:00",151,"Site 2",30.5498,-96.4115,75,12.64,0.258,0.274,0.279,0.363,22.13,22.27,21.8,20.4,279.7,372.7,551.3,858,12.28,13.08,13.35,18.99,2460,2499,2512,2728
"2023-03-30 23:00:00",152,"Site 2",30.5498,-96.4115,75,12.6,0.259,0.275,0.278,0.363,21.83,22,21.7,20.4,279,368.7,549,857,12.28,13.13,13.3,19.02,2460,2502,2509,2729
"2023-03-31 00:00:00",153,"Site 2",30.5498,-96.4115,75,12.57,0.257,0.273,0.279,0.363,21.67,21.83,21.7,20.4,279.7,368,546.7,859,12.22,13.04,13.34,18.99,2457,2497,2511,2728
"2023-03-31 01:00:00",154,"Site 2",30.5498,-96.4115,75,12.54,0.259,0.275,0.278,0.363,21.53,21.7,21.6,20.4,276.7,363,543,858,12.29,13.13,13.33,19,2460,2501,2511,2729
"2023-03-31 02:00:00",155,"Site 2",30.5498,-96.4115,75,12.51,0.259,0.274,0.279,0.363,21.5,21.6,21.53,20.5,279,365.7,547.7,860,12.3,13.12,13.35,19.05,2461,2501,2512,2730
"2023-03-31 03:00:00",156,"Site 2",30.5498,-96.4115,75,12.48,0.259,0.273,0.278,0.363,21.57,21.6,21.5,20.5,279.7,366.3,547,860,12.28,13.05,13.31,19.05,2460,2498,2510,2730
"2023-03-31 04:00:00",157,"Site 2",30.5498,-96.4115,75,12.45,0.257,0.274,0.278,0.363,21.5,21.6,21.47,20.5,280.3,362,546.3,856,12.21,13.12,13.33,19.03,2456,2501,2511,2729
"2023-03-31 05:00:00",158,"Site 2",30.5498,-96.4115,75,12.42,0.259,0.272,0.278,0.364,21.43,21.53,21.4,20.5,278.3,361.3,547.7,859,12.29,12.98,13.29,19.07,2460,2494,2509,2730
"2023-03-31 06:00:00",159,"Site 2",30.5498,-96.4115,75,12.4,0.257,0.273,0.277,0.364,21.4,21.5,21.4,20.5,279,366.7,543.3,854,12.21,13.05,13.27,19.07,2456,2497,2508,2731
"2023-03-31 07:00:00",160,"Site 2",30.5498,-96.4115,75,12.38,0.258,0.273,0.277,0.364,21.4,21.5,21.4,20.5,279.7,367.3,547.3,859,12.28,13.05,13.28,19.07,2460,2498,2509,2731
"2023-03-31 08:00:00",161,"Site 2",30.5498,-96.4115,75,12.39,0.258,0.273,0.277,0.364,21.4,21.4,21.4,20.5,277,367,536.3,858,12.27,13.01,13.27,19.1,2459,2496,2508,2732
"2023-03-31 09:00:00",162,"Site 2",30.5498,-96.4115,75,12.49,0.26,0.272,0.278,0.364,21.5,21.43,21.3,20.5,277.3,370.7,542.3,857,12.34,12.96,13.32,19.07,2463,2493,2510,2731
"2023-03-31 10:00:00",163,"Site 2",30.5498,-96.4115,75,12.87,0.257,0.272,0.277,0.364,21.9,21.6,21.3,20.5,280,366,541.7,859,12.19,12.96,13.27,19.08,2455,2493,2508,2731
"2023-03-31 11:00:00",164,"Site 2",30.5498,-96.4115,75,13.06,0.258,0.273,0.278,0.364,22.5,21.93,21.4,20.57,282.3,368.3,544.3,857,12.23,13.02,13.3,19.07,2457,2496,2509,2731
"2023-03-31 12:00:00",165,"Site 2",30.5498,-96.4115,75,13.27,0.258,0.271,0.278,0.364,23.33,22.37,21.47,20.6,283,371,546,858,12.28,12.92,13.28,19.08,2460,2491,2509,2731
"2023-03-31 13:00:00",166,"Site 2",30.5498,-96.4115,75,13.47,0.258,0.273,0.278,0.363,24.3,23,21.63,20.6,280.3,371.7,545.7,857,12.25,13.06,13.29,19.03,2458,2498,2509,2729
"2023-03-31 14:00:00",167,"Site 2",30.5498,-96.4115,75,13.09,0.256,0.271,0.277,0.364,25.23,23.67,21.9,20.6,283.3,372.3,545,856,12.14,12.95,13.28,19.08,2453,2493,2508,2731
"2023-03-31 15:00:00",168,"Site 2",30.5498,-96.4115,75,13.45,0.256,0.272,0.277,0.364,25.7,24.23,22.2,20.6,285.3,373.7,546,857,12.17,13,13.26,19.09,2454,2495,2508,2731
"2023-03-31 16:00:00",169,"Site 2",30.5498,-96.4115,75,13.43,0.254,0.27,0.278,0.364,27.47,25.07,22.5,20.6,284.3,373.3,546.3,857,12.07,12.86,13.28,19.1,2449,2489,2509,2732
"2023-03-31 17:00:00",170,"Site 2",30.5498,-96.4115,75,13.43,0.253,0.272,0.278,0.364,28.7,26.2,22.9,20.6,286,378,549,857,12,12.96,13.3,19.12,2445,2493,2510,2732
"2023-03-31 18:00:00",171,"Site 2",30.5498,-96.4115,75,13.42,0.255,0.271,0.278,0.364,28.97,26.83,23.37,20.6,285.7,379.3,552.3,856,12.1,12.93,13.29,19.08,2450,2492,2509,2731
"2023-03-31 19:00:00",172,"Site 2",30.5498,-96.4115,75,13.41,0.255,0.27,0.278,0.364,28.57,27,23.8,20.67,284.3,373,552.7,856,12.09,12.88,13.32,19.09,2450,2489,2510,2731
"2023-03-31 20:00:00",173,"Site 2",30.5498,-96.4115,75,12.78,0.255,0.271,0.278,0.364,27.5,26.77,24.1,20.7,286.3,378.3,553.3,858,12.1,12.95,13.33,19.08,2451,2493,2511,2731
"2023-03-31 21:00:00",174,"Site 2",30.5498,-96.4115,75,12.73,0.254,0.27,0.278,0.364,26.4,26.2,24.27,20.73,286.7,376.3,553.7,858,12.07,12.86,13.33,19.08,2449,2488,2511,2731
"2023-03-31 22:00:00",175,"Site 2",30.5498,-96.4115,75,12.68,0.255,0.273,0.278,0.364,25.5,25.6,24.27,20.8,284.3,371.3,552.7,861,12.12,13.02,13.3,19.09,2452,2496,2510,2731
"2023-03-31 23:00:00",176,"Site 2",30.5498,-96.4115,75,12.65,0.255,0.27,0.277,0.364,24.63,25,24.13,20.87,280.3,371.7,550.7,860,12.12,12.86,13.26,19.1,2452,2488,2508,2732
"2023-04-01 00:00:00",177,"Site 2",30.5498,-96.4115,75,12.61,0.256,0.271,0.277,0.364,23.9,24.4,23.97,20.93,280.3,371.3,549.3,859,12.18,12.91,13.28,19.11,2454,2491,2508,2732
"2023-04-01 01:00:00",178,"Site 2",30.5498,-96.4115,75,12.58,0.256,0.271,0.278,0.365,23.3,23.9,23.8,21,279.3,372,550.3,860,12.17,12.92,13.32,19.17,2454,2491,2510,2734
"2023-04-01 02:00:00",179,"Site 2",30.5498,-96.4115,75,12.55,0.257,0.272,0.278,0.365,22.7,23.43,23.57,21.07,278.3,364.7,548.7,860,12.18,13.01,13.32,19.17,2455,2496,2510,2734
"2023-04-01 03:00:00",180,"Site 2",30.5498,-96.4115,75,12.52,0.255,0.272,0.278,0.365,22.17,22.97,23.33,21.1,277,369.3,549.7,859,12.12,13,13.29,19.16,2452,2495,2509,2733
"2023-04-01 04:00:00",181,"Site 2",30.5498,-96.4115,75,12.48,0.254,0.271,0.278,0.365,21.67,22.53,23.1,21.2,275.7,365.7,550.3,859,12.07,12.95,13.3,19.23,2449,2493,2509,2735
"2023-04-01 05:00:00",182,"Site 2",30.5498,-96.4115,75,12.45,0.257,0.27,0.278,0.365,21.1,22.07,22.87,21.2,272.3,364.7,547.3,860,12.2,12.89,13.29,19.21,2456,2490,2509,2735
"2023-04-01 06:00:00",183,"Site 2",30.5498,-96.4115,75,12.41,0.254,0.271,0.277,0.365,20.57,21.63,22.6,21.23,273,366.7,547.7,859,12.07,12.96,13.23,19.19,2449,2493,2506,2734
"2023-04-01 07:00:00",184,"Site 2",30.5498,-96.4115,75,12.37,0.254,0.272,0.276,0.365,20.07,21.2,22.33,21.3,275.3,361.3,544.7,859,12.06,12.98,13.22,19.23,2448,2494,2506,2735
"2023-04-01 08:00:00",185,"Site 2",30.5498,-96.4115,75,12.39,0.254,0.272,0.277,0.365,19.53,20.77,22.1,21.3,274.3,362.3,543.7,859,12.06,12.97,13.24,19.22,2449,2494,2507,2735
"2023-04-01 09:00:00",186,"Site 2",30.5498,-96.4115,75,12.57,0.257,0.271,0.277,0.365,19.23,20.33,21.8,21.3,275,360,541.7,861,12.21,12.94,13.23,19.21,2456,2492,2506,2735
"2023-04-01 10:00:00",187,"Site 2",30.5498,-96.4115,75,12.72,0.253,0.272,0.277,0.366,20.1,20.37,21.57,21.3,275,360.7,538,857,11.99,12.97,13.26,19.25,2445,2494,2508,2736
"2023-04-01 11:00:00",188,"Site 2",30.5498,-96.4115,75,12.77,0.254,0.271,0.276,0.365,21.73,21.07,21.4,21.3,274.7,362.7,542,859,12.03,12.92,13.21,19.21,2447,2491,2505,2735
"2023-04-01 12:00:00",189,"Site 2",30.5498,-96.4115,75,13.06,0.254,0.27,0.277,0.365,23.6,22.1,21.5,21.3,277.3,367,539.3,859,12.04,12.87,13.23,19.16,2448,2489,2506,2733
"2023-04-01 13:00:00",190,"Site 2",30.5498,-96.4115,75,13.6,0.252,0.271,0.276,0.365,25.8,23.43,21.73,21.3,283.3,373,544.7,858,11.97,12.94,13.18,19.2,2444,2492,2504,2734
"2023-04-01 14:00:00",191,"Site 2",30.5498,-96.4115,75,13.44,0.251,0.271,0.277,0.364,28,24.97,22.2,21.2,282.7,373.3,545.7,859,11.9,12.93,13.26,19.11,2441,2492,2507,2732
"2023-04-01 15:00:00",192,"Site 2",30.5498,-96.4115,75,13.45,0.251,0.269,0.276,0.365,29.57,26.43,22.8,21.2,284.3,378,548,855,11.88,12.82,13.22,19.17,2439,2486,2506,2734
"2023-04-01 16:00:00",193,"Site 2",30.5498,-96.4115,75,13.45,0.251,0.267,0.276,0.364,29.67,27.27,23.47,21.2,286,379.3,551.7,858,11.91,12.74,13.19,19.14,2441,2483,2504,2733
"2023-04-01 17:00:00",194,"Site 2",30.5498,-96.4115,75,13.48,0.25,0.268,0.277,0.364,29.03,27.4,24.03,21.2,283.7,376.3,553,858,11.87,12.75,13.26,19.15,2439,2483,2508,2733
"2023-04-01 18:00:00",195,"Site 2",30.5498,-96.4115,75,12.96,0.251,0.266,0.277,0.365,28.57,27.37,24.4,21.2,281.7,375.7,547,857,11.91,12.66,13.26,19.16,2441,2479,2508,2733
"2023-04-01 19:00:00",196,"Site 2",30.5498,-96.4115,75,12.94,0.25,0.27,0.277,0.364,27.57,27,24.63,21.2,281.7,372.7,551.7,860,11.86,12.88,13.27,19.12,2439,2489,2508,2732
"2023-04-01 20:00:00",197,"Site 2",30.5498,-96.4115,75,12.73,0.251,0.267,0.277,0.364,26.5,26.4,24.7,21.23,282.3,374.7,554,859,11.89,12.72,13.24,19.08,2440,2482,2507,2731
"2023-04-01 21:00:00",198,"Site 2",30.5498,-96.4115,75,12.68,0.251,0.27,0.277,0.364,25.37,25.73,24.67,21.3,277,373.7,554,858,11.91,12.89,13.24,19.14,2441,2490,2507,2733
"2023-04-01 22:00:00",199,"Site 2",30.5498,-96.4115,75,12.64,0.249,0.267,0.277,0.365,24.4,25,24.53,21.37,276.3,368,551.3,858,11.81,12.74,13.24,19.18,2436,2483,2507,2734
"2023-04-01 23:00:00",200,"Site 2",30.5498,-96.4115,75,12.6,0.25,0.27,0.277,0.365,23.53,24.33,24.3,21.4,275,372,551,856,11.87,12.89,13.23,19.17,2439,2490,2506,2734
"2023-04-02 00:00:00",201,"Site 2",30.5498,-96.4115,75,12.58,0.252,0.271,0.277,0.365,22.9,23.73,24.07,21.5,271.7,367,547,861,11.93,12.95,13.24,19.19,2442,2493,2507,2734
"2023-04-02 01:00:00",202,"Site 2",30.5498,-96.4115,75,12.55,0.251,0.269,0.277,0.365,22.5,23.27,23.8,21.53,269.7,367.7,547,861,11.91,12.84,13.24,19.19,2441,2487,2507,2734
"2023-04-02 02:00:00",203,"Site 2",30.5498,-96.4115,75,12.52,0.25,0.269,0.276,0.365,22.1,22.9,23.5,21.6,273.3,363.3,545,859,11.86,12.81,13.22,19.17,2439,2486,2506,2734
"2023-04-02 03:00:00",204,"Site 2",30.5498,-96.4115,75,12.48,0.25,0.268,0.276,0.366,21.7,22.53,23.3,21.6,270,365.7,544.3,860,11.87,12.77,13.19,19.24,2439,2484,2504,2736
"2023-04-02 04:00:00",205,"Site 2",30.5498,-96.4115,75,12.44,0.25,0.27,0.276,0.365,21.27,22.2,23.03,21.67,267.7,364.3,547,858,11.86,12.87,13.19,19.19,2438,2489,2504,2734
"2023-04-02 05:00:00",206,"Site 2",30.5498,-96.4115,75,12.41,0.251,0.269,0.276,0.365,20.97,21.8,22.8,21.7,270.7,360.7,546.3,860,11.92,12.82,13.18,19.22,2442,2486,2504,2735
"2023-04-02 06:00:00",207,"Site 2",30.5498,-96.4115,75,12.39,0.25,0.268,0.276,0.366,20.7,21.6,22.57,21.7,268,361,542.7,862,11.86,12.76,13.18,19.24,2439,2484,2504,2736
"2023-04-02 07:00:00",208,"Site 2",30.5498,-96.4115,75,12.37,0.252,0.27,0.275,0.365,20.47,21.3,22.37,21.7,268,365.7,545.3,861,11.92,12.85,13.15,19.22,2442,2488,2502,2735
"2023-04-02 08:00:00",209,"Site 2",30.5498,-96.4115,75,12.39,0.253,0.269,0.275,0.366,20.2,21.1,22.17,21.7,266.7,360.7,542.3,862,12,12.83,13.17,19.25,2445,2487,2503,2736
"2023-04-02 09:00:00",210,"Site 2",30.5498,-96.4115,75,12.44,0.251,0.268,0.275,0.365,20.2,20.9,22,21.7,266,362,539.7,860,11.91,12.8,13.16,19.23,2441,2485,2503,2735
"2023-04-02 10:00:00",211,"Site 2",30.5498,-96.4115,75,13.02,0.251,0.268,0.275,0.366,20.73,21,21.83,21.7,267.3,364.7,540,859,11.91,12.78,13.17,19.26,2441,2485,2503,2736
"2023-04-02 11:00:00",212,"Site 2",30.5498,-96.4115,75,13.05,0.252,0.269,0.276,0.365,21.6,21.4,21.73,21.67,268,363.3,539,859,11.95,12.81,13.18,19.19,2443,2486,2504,2734
"2023-04-02 12:00:00",213,"Site 2",30.5498,-96.4115,75,13.01,0.247,0.267,0.275,0.365,22.5,21.9,21.77,21.6,269,363.3,541.3,859,11.71,12.72,13.14,19.23,2431,2482,2502,2735
"2023-04-02 13:00:00",214,"Site 2",30.5498,-96.4115,75,13.06,0.251,0.267,0.275,0.365,23,22.4,21.87,21.6,267.7,365,544,857,11.9,12.72,13.14,19.21,2440,2482,2502,2735
"2023-04-02 14:00:00",215,"Site 2",30.5498,-96.4115,75,13.42,0.249,0.269,0.275,0.365,23.4,22.7,22.03,21.6,268.3,365.3,544.3,857,11.77,12.81,13.15,19.21,2434,2486,2502,2735
"2023-04-02 15:00:00",216,"Site 2",30.5498,-96.4115,75,13.51,0.25,0.269,0.275,0.365,24.1,23.17,22.2,21.53,267.7,366.3,543,860,11.83,12.81,13.14,19.19,2437,2486,2502,2734
"2023-04-02 16:00:00",217,"Site 2",30.5498,-96.4115,75,13.47,0.248,0.266,0.275,0.365,24.87,23.7,22.37,21.5,269.3,365.3,543.3,858,11.77,12.65,13.15,19.15,2434,2478,2502,2733
"2023-04-02 17:00:00",218,"Site 2",30.5498,-96.4115,75,13.47,0.246,0.267,0.275,0.365,25.67,24.3,22.6,21.5,270.3,366.7,543.3,855,11.67,12.72,13.15,19.15,2429,2482,2502,2733
"2023-04-02 18:00:00",219,"Site 2",30.5498,-96.4115,75,13.41,0.247,0.267,0.275,0.364,25.8,24.73,22.9,21.5,269.7,366.3,546.7,856,11.7,12.72,13.15,19.14,2430,2481,2502,2733
"2023-04-02 19:00:00",220,"Site 2",30.5498,-96.4115,75,13.5,0.248,0.265,0.274,0.364,25.43,24.77,23.13,21.5,274.7,362.7,546.3,856,11.75,12.61,13.1,19.11,2433,2476,2500,2732
"2023-04-02 20:00:00",221,"Site 2",30.5498,-96.4115,75,12.78,0.247,0.267,0.274,0.364,25,24.6,23.3,21.5,271.3,363.7,546.7,854,11.7,12.71,13.11,19.09,2430,2481,2501,2731
"2023-04-02 21:00:00",222,"Site 2",30.5498,-96.4115,75,12.73,0.249,0.267,0.275,0.364,24.3,24.3,23.4,21.5,270.3,366.7,547.7,856,11.77,12.72,13.13,19.13,2434,2482,2502,2733
"2023-04-02 22:00:00",223,"Site 2",30.5498,-96.4115,75,12.69,0.247,0.265,0.275,0.364,23.73,23.9,23.37,21.5,269.3,362.7,546,855,11.71,12.63,13.13,19.13,2431,2477,2501,2732
"2023-04-02 23:00:00",224,"Site 2",30.5498,-96.4115,75,12.65,0.249,0.266,0.276,0.364,23.33,23.6,23.27,21.5,270.7,364.3,536.7,855,11.81,12.64,13.18,19.12,2436,2478,2504,2732
"2023-04-03 00:00:00",225,"Site 2",30.5498,-96.4115,75,12.62,0.25,0.265,0.276,0.364,22.8,23.23,23.17,21.5,270.7,363.7,546,855,11.83,12.61,13.18,19.08,2437,2476,2504,2731
"2023-04-03 01:00:00",226,"Site 2",30.5498,-96.4115,75,12.59,0.25,0.266,0.274,0.364,22.4,22.9,23.03,21.53,268,360.7,545,855,11.82,12.67,13.11,19.12,2436,2479,2501,2732
"2023-04-03 02:00:00",227,"Site 2",30.5498,-96.4115,75,12.56,0.248,0.265,0.274,0.365,22.1,22.6,22.87,21.6,264.7,364.7,543.7,855,11.76,12.61,13.12,19.17,2433,2476,2501,2734
"2023-04-03 03:00:00",228,"Site 2",30.5498,-96.4115,75,12.53,0.248,0.266,0.275,0.365,21.8,22.33,22.73,21.6,267,365,541.7,855,11.75,12.68,13.13,19.15,2433,2480,2502,2733
"2023-04-03 04:00:00",229,"Site 2",30.5498,-96.4115,75,12.51,0.249,0.266,0.275,0.364,21.8,22.2,22.57,21.6,264.7,361.3,543,857,11.82,12.69,13.14,19.13,2436,2480,2502,2732
"2023-04-03 05:00:00",230,"Site 2",30.5498,-96.4115,75,12.48,0.247,0.267,0.275,0.364,21.83,22.1,22.47,21.6,266.7,364,543,858,11.69,12.73,13.13,19.11,2429,2482,2501,2732
"2023-04-03 06:00:00",231,"Site 2",30.5498,-96.4115,75,12.45,0.251,0.266,0.274,0.364,21.9,22.1,22.4,21.6,268.7,364.3,539.7,857,11.89,12.65,13.11,19.14,2440,2478,2500,2733
"2023-04-03 07:00:00",232,"Site 2",30.5498,-96.4115,75,12.42,0.247,0.266,0.274,0.365,21.9,22.1,22.3,21.6,269.3,363.3,542.3,854,11.69,12.67,13.11,19.17,2430,2479,2500,2734
"2023-04-03 08:00:00",233,"Site 2",30.5498,-96.4115,75,12.44,0.247,0.266,0.275,0.364,21.9,22.1,22.3,21.6,269.7,366,546,856,11.69,12.68,13.13,19.13,2430,2480,2501,2733
"2023-04-03 09:00:00",234,"Site 2",30.5498,-96.4115,75,12.63,0.25,0.265,0.275,0.365,22.03,22.1,22.2,21.6,265.3,364.7,544,858,11.83,12.63,13.13,19.18,2437,2477,2501,2734
"2023-04-03 10:00:00",235,"Site 2",30.5498,-96.4115,75,12.9,0.251,0.266,0.274,0.364,22.47,22.27,22.2,21.6,267.3,358.7,540,858,11.88,12.69,13.07,19.13,2439,2480,2498,2732
"2023-04-03 11:00:00",236,"Site 2",30.5498,-96.4115,75,13.15,0.249,0.266,0.274,0.365,23,22.57,22.23,21.6,268.7,363.7,541,858,11.8,12.67,13.11,19.18,2436,2479,2500,2734
"2023-04-03 12:00:00",237,"Site 2",30.5498,-96.4115,75,13.45,0.246,0.266,0.274,0.364,24.13,23.03,22.3,21.6,273.3,364.7,542.3,856,11.67,12.68,13.09,19.12,2429,2480,2500,2732
"2023-04-03 13:00:00",238,"Site 2",30.5498,-96.4115,75,13.42,0.249,0.265,0.274,0.365,26.2,24.13,22.5,21.6,271.3,368.3,541.3,852,11.79,12.64,13.09,19.18,2435,2478,2500,2734
"2023-04-03 14:00:00",239,"Site 2",30.5498,-96.4115,75,13.41,0.246,0.266,0.274,0.365,28.33,25.5,22.87,21.6,274.7,368,542,854,11.66,12.67,13.11,19.16,2428,2479,2501,2733
"2023-04-03 15:00:00",240,"Site 2",30.5498,-96.4115,75,13.41,0.246,0.265,0.275,0.365,30.37,27.07,23.4,21.6,278.3,375.7,546.3,855,11.64,12.62,13.15,19.17,2427,2477,2503,2734
"2023-04-03 16:00:00",241,"Site 2",30.5498,-96.4115,75,13.41,0.244,0.264,0.275,0.364,31.5,28.37,24.1,21.6,276,379,548,856,11.53,12.55,13.13,19.14,2421,2473,2501,2733
"2023-04-03 17:00:00",242,"Site 2",30.5498,-96.4115,75,13.41,0.245,0.264,0.274,0.364,32,29.17,24.77,21.6,277.7,372.7,547.3,854,11.59,12.58,13.12,19.13,2424,2475,2501,2733
"2023-04-03 18:00:00",243,"Site 2",30.5498,-96.4115,75,13.39,0.244,0.264,0.275,0.364,31.8,29.57,25.33,21.6,280,376.7,553.7,853,11.55,12.57,13.14,19.14,2422,2474,2502,2733
"2023-04-03 19:00:00",244,"Site 2",30.5498,-96.4115,75,13.45,0.245,0.264,0.275,0.365,30.83,29.47,25.8,21.6,276,375,551.3,852,11.58,12.58,13.15,19.15,2424,2475,2502,2733
"2023-04-03 20:00:00",245,"Site 2",30.5498,-96.4115,75,12.76,0.245,0.264,0.275,0.364,29.4,28.87,26.07,21.67,271.3,367.7,552,856,11.59,12.54,13.13,19.13,2424,2473,2501,2732
"2023-04-03 21:00:00",246,"Site 2",30.5498,-96.4115,75,12.72,0.247,0.266,0.275,0.364,27.93,28,26.1,21.7,275.3,370.3,550.7,855,11.71,12.67,13.13,19.14,2431,2479,2501,2733
"2023-04-03 22:00:00",247,"Site 2",30.5498,-96.4115,75,12.68,0.247,0.266,0.275,0.365,26.83,27.2,26.03,21.8,271.7,369,549.7,854,11.67,12.64,13.14,19.18,2429,2478,2502,2734
"2023-04-03 23:00:00",248,"Site 2",30.5498,-96.4115,75,12.65,0.247,0.265,0.275,0.365,26.03,26.5,25.8,21.9,271.3,370.3,552.7,856,11.7,12.63,13.15,19.22,2430,2477,2502,2735
"2023-04-04 00:00:00",249,"Site 2",30.5498,-96.4115,75,12.62,0.246,0.267,0.275,0.365,25.43,25.93,25.6,21.97,270,367.3,550,855,11.67,12.72,13.13,19.18,2428,2482,2502,2734
"2023-04-04 01:00:00",250,"Site 2",30.5498,-96.4115,75,12.6,0.245,0.266,0.275,0.366,24.93,25.47,25.33,22.07,269.3,366.7,550.3,855,11.61,12.65,13.14,19.25,2425,2478,2502,2736
"2023-04-04 02:00:00",251,"Site 2",30.5498,-96.4115,75,12.58,0.247,0.266,0.275,0.366,24.6,25.1,25.1,22.13,266.3,366.7,548.7,857,11.7,12.65,13.12,19.27,2430,2478,2501,2737
"2023-04-04 03:00:00",252,"Site 2",30.5498,-96.4115,75,12.55,0.248,0.264,0.275,0.366,24.33,24.8,24.9,22.2,268.7,363.7,542.3,859,11.74,12.56,13.15,19.25,2432,2474,2503,2736
"2023-04-04 04:00:00",253,"Site 2",30.5498,-96.4115,75,12.53,0.247,0.264,0.275,0.365,24.2,24.57,24.73,22.3,267,362,547.7,857,11.69,12.56,13.15,19.21,2430,2474,2503,2735
"2023-04-04 05:00:00",254,"Site 2",30.5498,-96.4115,75,12.5,0.248,0.266,0.273,0.366,24,24.4,24.53,22.3,268.3,365.7,546.7,858,11.73,12.64,13.06,19.29,2432,2478,2498,2737
"2023-04-04 06:00:00",255,"Site 2",30.5498,-96.4115,75,12.47,0.246,0.267,0.274,0.366,23.7,24.17,24.37,22.33,266,365.3,542,856,11.67,12.72,13.09,19.3,2428,2482,2499,2738
"2023-04-04 07:00:00",256,"Site 2",30.5498,-96.4115,75,12.44,0.249,0.264,0.274,0.366,23.43,23.93,24.23,22.4,265.7,360,538.7,860,11.81,12.56,13.11,19.3,2436,2474,2501,2738
"2023-04-04 08:00:00",257,"Site 2",30.5498,-96.4115,75,12.48,0.247,0.266,0.275,0.366,23.23,23.73,24.07,22.4,266.7,366.3,545,860,11.68,12.68,13.13,19.26,2429,2479,2501,2736
"2023-04-04 09:00:00",258,"Site 2",30.5498,-96.4115,75,12.81,0.246,0.267,0.273,0.366,23.3,23.6,23.93,22.4,267.7,361.7,544.3,859,11.67,12.73,13.03,19.26,2428,2482,2497,2736
"2023-04-04 10:00:00",259,"Site 2",30.5498,-96.4115,75,13.13,0.248,0.266,0.274,0.367,23.73,23.7,23.83,22.4,265,366.3,545.7,859,11.73,12.67,13.07,19.32,2431,2479,2499,2738
"2023-04-04 11:00:00",260,"Site 2",30.5498,-96.4115,75,13.24,0.248,0.267,0.273,0.366,24.5,24,23.8,22.4,266,361.7,545.7,859,11.74,12.72,13.04,19.3,2432,2481,2497,2737
"2023-04-04 12:00:00",261,"Site 2",30.5498,-96.4115,75,13.53,0.246,0.267,0.274,0.366,25.37,24.5,23.83,22.4,271,363.7,547.3,860,11.63,12.7,13.08,19.28,2427,2481,2499,2737
"2023-04-04 13:00:00",262,"Site 2",30.5498,-96.4115,75,13.47,0.245,0.265,0.274,0.367,26.6,25.2,23.93,22.4,273.3,367,543.3,861,11.58,12.62,13.1,19.33,2424,2477,2500,2739
