"TOA5","3","CR300","7201","CR300.Std.07.00","CPU:Site 3 (Field).CR300","44992","Hydraprobe"
"TIMESTAMP","RECORD","station","latitude","longitude","altitude","BattV","Hydraprobe_5_VWC_Avg","Hydraprobe_10_VWC_Avg","Hydraprobe_20_VWC_Avg","Hydraprobe_50_VWC_Avg","Hydraprobe_5_T_DegC_Avg","Hydraprobe_10_T_DegC_Avg","Hydraprobe_20_T_DegC_Avg","Hydraprobe_50_T_DegC_Avg","Hydraprobe_5_T_DegF_Avg","Hydraprobe_10_T_DegF_Avg","Hydraprobe_20_T_DegF_Avg","Hydraprobe_50_T_DegF_Avg","Hydraprobe_5_EC_uncorrected_Avg","Hydraprobe_10_EC_uncorrected_Avg","Hydraprobe_20_EC_uncorrected_Avg","Hydraprobe_50_EC_uncorrected_Avg","Hydraprobe_5_EC_corrected_Avg","Hydraprobe_10_EC_corrected_Avg","Hydraprobe_20_EC_corrected_Avg","Hydraprobe_50_EC_corrected_Avg","Hydraprobe_5_Perm_real_Avg","Hydraprobe_10_Perm_real_Avg","Hydraprobe_20_Perm_real_Avg","Hydraprobe_50_Perm_real_Avg","Hydraprobe_5_Perm_imaginary_Avg","Hydraprobe_10_Perm_imaginary_Avg","Hydraprobe_20_Perm_imaginary_Avg","Hydraprobe_50_Perm_imaginary_Avg"
"TS","RN","name","decdegrees","decdegrees","m","Volts","m^3 /m^3","m^3 /m^3","m^3 /m^3","m^3 /m^3","Deg C","Deg C","Deg C","Deg C","Deg F","Deg F","Deg F","Deg F","S/m","S/m","S/m","S/m","S/m","S/m","S/m","S/m","unitless","unitless","unitless","unitless","unitless","unitless","unitless","unitless"
"","","Smp","Smp","Smp","Smp","Smp","Avg","Avg","Avg","Avg","Avg","Avg","Avg","Avg","Avg","Avg","Avg","Avg","Avg","Avg","Avg","Avg","Avg","Avg","Avg","Avg","Avg","Avg","Avg","Avg","Avg","Avg","Avg","Avg"
"2023-03-31 16:00:00",0,"Site 3",30.55886,-96.41177,75,13.44,0.095,0.115,0.145,0.442,26,24.4,21.43,19.5,78.77,75.93,70.57,67.1,0.005,0.005,0.007,0.071,0.005,0.005,0.008,0.077,6.303,7.267,8.86,32.45,1.649,1.803,2.687,25.67
"2023-03-31 17:00:00",1,"Site 3",30.55886,-96.41177,75,13.44,0.096,0.116,0.144,0.442,26.9,25.5,22,19.5,80.5,77.95,71.7,67.1,0.005,0.005,0.008,0.071,0.005,0.005,0.008,0.077,6.372,7.309,8.83,32.46,1.619,1.786,2.736,25.67
"2023-03-31 18:00:00",2,"Site 3",30.55886,-96.41177,75,13.44,0.095,0.115,0.145,0.442,27.1,25.9,22.37,19.7,80.8,78.6,72.27,67.5,0.004,0.005,0.008,0.071,0.004,0.005,0.008,0.077,6.328,7.279,8.83,32.46,1.621,1.805,2.772,25.67
"2023-04-01 13:00:00",3,"Site 3",30.55886,-96.41177,75,13.46,0.094,0.112,0.143,0.441,23.05,22.05,20.4,20.1,73.45,71.7,68.7,68.2,0.004,0.005,0.007,0.073,0.004,0.005,0.008,0.078,6.271,7.104,8.74,32.39,1.513,1.734,2.589,26.16
"2023-04-01 14:00:00",4,"Site 3",30.55886,-96.41177,75,13.42,0.094,0.113,0.143,0.441,25.13,23.57,20.7,20.1,77.27,74.4,69.23,68.2,0.004,0.005,0.007,0.073,0.004,0.005,0.008,0.078,6.258,7.171,8.72,32.38,1.549,1.758,2.614,26.15
"2023-04-01 15:00:00",5,"Site 3",30.55886,-96.41177,75,13.42,0.094,0.112,0.141,0.441,26.6,25.07,21.3,20.1,79.83,77.13,70.33,68.2,0.005,0.005,0.007,0.073,0.004,0.005,0.008,0.078,6.283,7.131,8.64,32.38,1.583,1.815,2.692,26.15
"2023-04-01 17:00:00",6,"Site 3",30.55886,-96.41177,75,13.48,0.092,0.115,0.144,0.441,25.9,25.1,22.5,20.1,78.6,77.3,72.45,68.2,0.004,0.005,0.008,0.073,0.004,0.005,0.008,0.078,6.173,7.264,8.78,32.38,1.568,1.755,2.702,26.15
"2023-04-02 15:00:00",7,"Site 3",30.55886,-96.41177,75,13.53,0.09,0.11,0.14,0.441,22.8,21.9,20.9,20.3,73,71.5,69.6,68.5,0.004,0.005,0.007,0.073,0.004,0.005,0.008,0.078,6.079,7.043,8.58,32.39,1.463,1.679,2.593,26.16
"2023-04-02 16:00:00",8,"Site 3",30.55886,-96.41177,75,13.51,0.09,0.109,0.14,0.441,23.5,22.6,21.1,20.3,74.3,72.6,70,68.5,0.004,0.005,0.007,0.073,0.004,0.005,0.008,0.078,6.075,6.971,8.58,32.39,1.462,1.761,2.594,26.16
"2023-04-03 13:00:00",9,"Site 3",30.55886,-96.41177,75,13.44,0.094,0.113,0.14,0.44,25.6,24.2,21.7,20.5,78.2,75.5,71.1,68.9,0.005,0.005,0.007,0.074,0.005,0.005,0.008,0.079,6.255,7.192,8.57,32.27,1.671,1.838,2.592,26.62
"2023-04-03 14:00:00",10,"Site 3",30.55886,-96.41177,75,13.42,0.095,0.115,0.14,0.441,26.93,25.13,21.9,20.5,80.5,77.3,71.5,68.9,0.005,0.005,0.007,0.074,0.004,0.005,0.008,0.079,6.336,7.252,8.57,32.32,1.652,1.847,2.593,26.47
"2023-04-03 15:00:00",11,"Site 3",30.55886,-96.41177,75,13.42,0.093,0.115,0.14,0.441,28.3,26.5,22.6,20.5,83,79.7,72.63,68.9,0.005,0.005,0.007,0.074,0.005,0.005,0.007,0.079,6.216,7.287,8.58,32.32,1.744,1.883,2.594,26.47
"2023-04-03 16:00:00",12,"Site 3",30.55886,-96.41177,75,13.42,0.095,0.116,0.139,0.441,29,27.5,23.1,20.5,84.2,81.5,73.57,68.9,0.005,0.005,0.007,0.073,0.004,0.005,0.008,0.078,6.308,7.315,8.51,32.36,1.679,1.918,2.69,26.32
"2023-04-03 17:00:00",13,"Site 3",30.55886,-96.41177,75,13.42,0.093,0.115,0.139,0.44,29.2,27.93,23.7,20.5,84.6,82.3,74.7,68.9,0.005,0.005,0.007,0.074,0.005,0.005,0.008,0.079,6.24,7.294,8.51,32.28,1.715,1.947,2.691,26.63
"2023-04-03 18:00:00",14,"Site 3",30.55886,-96.41177,75,13.41,0.093,0.116,0.138,0.44,28.9,28,24.1,20.5,84,82.5,75.37,68.9,0.005,0.005,0.008,0.074,0.004,0.005,0.008,0.079,6.221,7.345,8.47,32.28,1.697,1.891,2.756,26.63
"2023-04-04 12:00:00",15,"Site 3",30.55886,-96.41177,75,13.51,0.093,0.112,0.138,0.446,24.2,23.5,22.6,21.3,75.5,74.3,72.6,70.3,0.004,0.005,0.007,0.074,0.004,0.005,0.008,0.078,6.233,7.126,8.44,32.89,1.484,1.781,2.626,26.51
"2023-04-04 13:00:00",16,"Site 3",30.55886,-96.41177,75,13.48,0.089,0.112,0.138,0.446,24.9,24.2,22.8,21.3,76.8,75.5,73,70.3,0.004,0.005,0.007,0.074,0.004,0.005,0.008,0.078,6.039,7.13,8.44,32.89,1.594,1.782,2.627,26.51
