"TOA5","CR300-23667","CR300","23666","CR300-CELL205.Std.10.02","CPU:Testbed_code_site_3.CR300","28349","Table_GroPoint"
"TIMESTAMP","RECORD","station","latitude","longitude","altitude","GroPoint_VWC_0_15_Avg","GroPoint_VWC_15_30_Avg","GroPoint_VWC_30_45_Avg","GroPoint_Temp_3_Avg","GroPoint_Temp_10_Avg","GroPoint_Temp_20_Avg","GroPoint_Temp_30_Avg","GroPoint_Temp_40_Avg","GroPoint_Temp_45_Avg"
"TS","RN","name","decdegrees","decdegrees","m","%","%","%","Deg c","Deg c","Deg c","Deg c","Deg c","Deg c"
"","","Smp","Smp","Smp","Smp","Avg","Avg","Avg","Avg","Avg","Avg","Avg","Avg","Avg"
"2022-10-06 09:00:00",0,"Site 1",39.10236,-96.60097,335,"NAN","NAN","NAN","NAN","NAN","NAN","NAN","NAN","NAN"
"2022-10-06 10:00:00",1,"Site 1",39.10236,-96.60097,335,13.45,3.6,18.5,16.25,17.5,17,18.5,19,19
"2022-10-06 11:00:00",2,"Site 1",39.10236,-96.60097,335,13.57,3.6,18.5,17.33,17.67,17,18.5,19,19
"2022-10-06 12:00:00",3,"Site 1",39.10236,-96.60097,335,13.7,3.6,18.5,18,18,17,18.5,19,19
"2022-10-06 13:00:00",4,"Site 1",39.10236,-96.60097,335,13.9,3.6,18.5,19.17,18.17,17,18.33,19,19
"2022-10-06 14:00:00",5,"Site 1",39.10236,-96.60097,335,14.13,3.7,18.5,20.17,18.83,17.5,18,19,19
"2022-10-06 15:00:00",6,"Site 1",39.10236,-96.60097,335,14.33,3.767,18.57,20.83,19.33,17.5,18.17,19,19
"2022-10-06 16:00:00",7,"Site 1",39.10236,-96.60097,335,14.4,3.8,18.6,21,19.83,17.67,18.17,19,18.83
"2022-10-06 17:00:00",8,"Site 1",39.10236,-96.60097,335,14.4,3.9,18.6,20.67,20,18,18.33,19,18.83
"2022-10-06 18:00:00",9,"Site 1",39.10236,-96.60097,335,14.4,3.9,18.6,20.17,20.5,18,18.5,19,18.5
"2022-10-06 19:00:00",10,"Site 1",39.10236,-96.60097,335,14.3,3.9,18.6,19.67,20.5,18.33,18.5,19,18.5
"2022-10-06 20:00:00",11,"Site 1",39.10236,-96.60097,335,14.23,3.9,18.6,19,20.17,18.5,18.5,19,18.67
"2022-10-06 21:00:00",12,"Site 1",39.10236,-96.60097,335,14.13,3.9,18.6,18.5,20,18.5,18.5,19,18.5
"2022-10-06 22:00:00",13,"Site 1",39.10236,-96.60097,335,14.03,3.9,18.6,18.5,19.83,18.5,18.5,19,18.67
"2022-10-06 23:00:00",14,"Site 1",39.10236,-96.60097,335,13.93,3.9,18.57,17.83,19.5,18.5,18.5,19,18.5
"2022-10-07 00:00:00",15,"Site 1",39.10236,-96.60097,335,13.8,3.867,18.5,17.5,19.33,18.5,18.5,19,18.67
"2022-10-07 01:00:00",16,"Site 1",39.10236,-96.60097,335,13.7,3.8,18.5,17,19,18.5,18.5,19,19
"2022-10-07 02:00:00",17,"Site 1",39.10236,-96.60097,335,13.6,3.8,18.5,16.67,19,18.17,18.5,19,19
"2022-10-07 03:00:00",18,"Site 1",39.10236,-96.60097,335,13.5,3.7,18.43,16.17,18.5,18,18.5,19,19
"2022-10-07 04:00:00",19,"Site 1",39.10236,-96.60097,335,13.4,3.7,18.4,15.83,18.5,18,18.5,19,19
"2022-10-07 05:00:00",20,"Site 1",39.10236,-96.60097,335,13.3,3.633,18.4,15.5,18,17.83,18.5,19,19
"2022-10-07 06:00:00",21,"Site 1",39.10236,-96.60097,335,13.23,3.6,18.3,15,18,17.5,18.5,19,19
"2022-10-07 07:00:00",22,"Site 1",39.10236,-96.60097,335,13.13,3.5,18.3,15,17.5,17.5,18.5,19,19
"2022-10-07 08:00:00",23,"Site 1",39.10236,-96.60097,335,13.1,3.5,18.27,14.83,17.5,17.33,18.5,19,19
"2022-10-07 09:00:00",24,"Site 1",39.10236,-96.60097,335,13.1,3.433,18.2,15,17.33,17,18.5,19,19
"2022-10-07 10:00:00",25,"Site 1",39.10236,-96.60097,335,13.07,3.4,18.2,15,17,17,18.5,19,19
"2022-10-07 11:00:00",26,"Site 1",39.10236,-96.60097,335,13.03,3.4,18.2,15,17,17,18.17,19,19
"2022-10-07 12:00:00",27,"Site 1",39.10236,-96.60097,335,13.1,3.4,18.17,15.33,17,17,18,19,18.67
"2022-10-07 13:00:00",28,"Site 1",39.10236,-96.60097,335,13.1,3.4,18.13,15.5,17,16.83,18,19,18.5
"2022-10-07 14:00:00",29,"Site 1",39.10236,-96.60097,335,13.1,3.333,18.1,15.5,17.33,16.5,18,19,18.5
"2022-10-07 15:00:00",30,"Site 1",39.10236,-96.60097,335,13.13,3.367,18.1,15.67,17.5,16.5,18,19,18.5
"2022-10-07 16:00:00",31,"Site 1",39.10236,-96.60097,335,13.2,3.3,18.1,16,17.5,16.5,18,19,18.5
"2022-10-07 17:00:00",32,"Site 1",39.10236,-96.60097,335,13.2,3.4,18.1,15.83,17.5,16.5,18,19,18.5
"2022-10-07 18:00:00",33,"Site 1",39.10236,-96.60097,335,13.13,3.3,18.1,15.5,17.5,16.5,18,19,18.5
"2022-10-07 19:00:00",34,"Site 1",39.10236,-96.60097,335,13.07,3.3,18.1,14.83,17.17,16.5,18,18.5,18.5
"2022-10-07 20:00:00",35,"Site 1",39.10236,-96.60097,335,12.97,3.3,18.07,14.33,17,16.5,18,18.5,18.5
"2022-10-07 21:00:00",36,"Site 1",39.10236,-96.60097,335,12.83,3.267,18,13.83,16.67,16.5,18,18.5,18.5
"2022-10-07 22:00:00",37,"Site 1",39.10236,-96.60097,335,12.77,3.2,18,13.5,16.5,16.5,17.5,18.5,18.5
"2022-10-07 23:00:00",38,"Site 1",39.10236,-96.60097,335,12.67,3.167,17.9,13.33,16.33,16.33,17.5,18.5,18.5
"2022-10-08 00:00:00",39,"Site 1",39.10236,-96.60097,335,12.6,3.1,17.9,13,16,16,17.5,18.5,18.5
"2022-10-08 01:00:00",40,"Site 1",39.10236,-96.60097,335,12.6,3.1,17.83,13,16,16,17.5,18.5,18.5
"2022-10-08 02:00:00",41,"Site 1",39.10236,-96.60097,335,12.5,3.033,17.8,13,15.83,16,17.5,18.5,18.5
"2022-10-08 03:00:00",42,"Site 1",39.10236,-96.60097,335,12.5,3,17.8,13,15.5,15.5,17.5,18.5,18.5
"2022-10-08 04:00:00",43,"Site 1",39.10236,-96.60097,335,12.5,3,17.77,12.5,15.5,15.5,17.5,18.5,18.5
"2022-10-08 05:00:00",44,"Site 1",39.10236,-96.60097,335,12.5,2.9,17.7,12.5,15.5,15.5,17.17,18.5,18.33
"2022-10-08 06:00:00",45,"Site 1",39.10236,-96.60097,335,12.5,2.9,17.7,12.5,15.33,15.5,17,18.5,18.33
"2022-10-08 07:00:00",46,"Site 1",39.10236,-96.60097,335,12.4,2.9,17.63,12.33,15,15.17,17,18.5,18
"2022-10-08 08:00:00",47,"Site 1",39.10236,-96.60097,335,12.4,2.8,17.6,12.5,15,15,17,18.33,18
"2022-10-08 09:00:00",48,"Site 1",39.10236,-96.60097,335,12.43,2.8,17.6,12.67,15,15,17,18.17,18
"2022-10-08 10:00:00",49,"Site 1",39.10236,-96.60097,335,12.5,2.8,17.6,13.17,15,15,17,18,18
"2022-10-08 11:00:00",50,"Site 1",39.10236,-96.60097,335,12.5,2.8,17.6,13.83,15.33,15,17,18,18
"2022-10-08 12:00:00",51,"Site 1",39.10236,-96.60097,335,12.63,2.8,17.6,14.83,15.5,15.17,16.83,18,18
"2022-10-08 13:00:00",52,"Site 1",39.10236,-96.60097,335,12.83,2.867,17.6,16,15.83,15,16.5,18,18
"2022-10-08 14:00:00",53,"Site 1",39.10236,-96.60097,335,13.03,2.9,17.6,17.17,16.33,15,16.5,18,18
"2022-10-08 15:00:00",54,"Site 1",39.10236,-96.60097,335,13.17,3,17.63,17.5,16.83,15.33,16.5,18,18
"2022-10-08 16:00:00",55,"Site 1",39.10236,-96.60097,335,13.27,3.067,17.7,17.5,17,15.5,16.5,18,18
"2022-10-08 17:00:00",56,"Site 1",39.10236,-96.60097,335,13.3,3.1,17.7,17.33,17.5,15.67,16.5,18,18
"2022-10-08 18:00:00",57,"Site 1",39.10236,-96.60097,335,13.2,3.1,17.7,16.67,17.5,16,16.67,18,18
"2022-10-08 19:00:00",58,"Site 1",39.10236,-96.60097,335,13.13,3.1,17.7,15.83,17.5,16,17,18,18
"2022-10-08 20:00:00",59,"Site 1",39.10236,-96.60097,335,13.03,3.1,17.7,15.17,17.17,16,17,18,17.5
"2022-10-08 21:00:00",60,"Site 1",39.10236,-96.60097,335,12.87,3.1,17.63,14.33,17,16,17,18,17.5
"2022-10-08 22:00:00",61,"Site 1",39.10236,-96.60097,335,12.77,3.033,17.6,13.83,16.5,16,17.17,18,17.67
"2022-10-08 23:00:00",62,"Site 1",39.10236,-96.60097,335,12.67,3,17.6,13.33,16.33,16,17,18,17.5
"2022-10-09 00:00:00",63,"Site 1",39.10236,-96.60097,335,12.57,2.933,17.5,13,16,15.5,17,18,17.5
"2022-10-09 01:00:00",64,"Site 1",39.10236,-96.60097,335,12.5,2.9,17.5,12.5,15.67,15.5,17,18,17.5
"2022-10-09 02:00:00",65,"Site 1",39.10236,-96.60097,335,12.5,2.833,17.5,12.17,15.5,15.5,17,18,17.5
"2022-10-09 03:00:00",66,"Site 1",39.10236,-96.60097,335,12.4,2.8,17.4,12,15.17,15.17,16.83,18,17.5
"2022-10-09 04:00:00",67,"Site 1",39.10236,-96.60097,335,12.3,2.733,17.4,11.5,15,15,16.67,17.83,17.5
"2022-10-09 05:00:00",68,"Site 1",39.10236,-96.60097,335,12.2,2.7,17.33,11.5,14.83,15.17,16.5,17.67,17.5
"2022-10-09 06:00:00",69,"Site 1",39.10236,-96.60097,335,12.17,2.667,17.3,11,14.5,15,16.5,17.5,17.5
"2022-10-09 07:00:00",70,"Site 1",39.10236,-96.60097,335,12.1,2.6,17.27,11,14.5,14.83,16.67,17.5,17.5
"2022-10-09 08:00:00",71,"Site 1",39.10236,-96.60097,335,12.1,2.567,17.2,11,14,14.67,16.83,17.5,17.5
"2022-10-09 09:00:00",72,"Site 1",39.10236,-96.60097,335,12.1,2.5,17.2,11.67,14,14.83,16.67,17.5,17.5
"2022-10-09 10:00:00",73,"Site 1",39.10236,-96.60097,335,12.23,2.5,17.2,12.67,14.17,14.33,16.5,17.5,17.5
"2022-10-09 11:00:00",74,"Site 1",39.10236,-96.60097,335,12.37,2.5,17.2,13.83,14.5,14.33,16.5,17.5,17.5
"2022-10-09 12:00:00",75,"Site 1",39.10236,-96.60097,335,12.5,2.6,17.2,14.67,15,14.33,16.5,17.5,17.5
"2022-10-09 13:00:00",76,"Site 1",39.10236,-96.60097,335,12.7,2.6,17.2,16.5,15.33,14.67,16.5,17.5,17.5
"2022-10-09 14:00:00",77,"Site 1",39.10236,-96.60097,335,12.97,2.7,17.27,17.5,15.83,14.5,16.5,17.5,17.5
"2022-10-09 15:00:00",78,"Site 1",39.10236,-96.60097,335,13.17,2.767,17.3,18.17,16.67,14.67,16.17,17.5,17.5
"2022-10-09 16:00:00",79,"Site 1",39.10236,-96.60097,335,13.3,2.867,17.37,18.33,17,15.17,16.33,17.5,17.33
"2022-10-09 17:00:00",80,"Site 1",39.10236,-96.60097,335,13.3,2.9,17.4,18,17.5,15.17,16.33,17.33,17.33
"2022-10-09 18:00:00",81,"Site 1",39.10236,-96.60097,335,13.3,3,17.4,17.5,17.5,15.5,16.17,17.5,17.17
"2022-10-09 19:00:00",82,"Site 1",39.10236,-96.60097,335,13.2,3,17.4,16.67,17.5,15.5,16,17.33,17
"2022-10-09 20:00:00",83,"Site 1",39.10236,-96.60097,335,13.07,3,17.4,15.83,17.5,16,16.67,17,17
"2022-10-09 21:00:00",84,"Site 1",39.10236,-96.60097,335,12.97,3,17.4,15.17,17,16,17,17.5,17
"2022-10-09 22:00:00",85,"Site 1",39.10236,-96.60097,335,12.83,2.967,17.37,14.67,17,16,16.83,17.5,17
"2022-10-09 23:00:00",86,"Site 1",39.10236,-96.60097,335,12.73,2.9,17.3,14.17,16.5,15.5,16.5,17.5,17
"2022-10-10 00:00:00",87,"Site 1",39.10236,-96.60097,335,12.67,2.933,17.3,13.67,16.5,15.5,16.67,17.5,17
"2022-10-10 01:00:00",88,"Site 1",39.10236,-96.60097,335,12.53,2.867,17.3,13.33,16,15.5,16.67,17.5,17
"2022-10-10 02:00:00",89,"Site 1",39.10236,-96.60097,335,12.5,2.8,17.23,12.83,15.83,15.5,16.5,17.5,17
"2022-10-10 03:00:00",90,"Site 1",39.10236,-96.60097,335,12.43,2.767,17.2,12.5,15.5,15.17,16.83,17.5,17
"2022-10-10 04:00:00",91,"Site 1",39.10236,-96.60097,335,12.33,2.7,17.2,12,15.33,15,16.67,17.5,17
"2022-10-10 05:00:00",92,"Site 1",39.10236,-96.60097,335,12.27,2.7,17.1,11.83,15,15,16.83,17.5,17
"2022-10-10 06:00:00",93,"Site 1",39.10236,-96.60097,335,12.17,2.6,17.1,11.5,15,14.83,16.83,17.5,17
"2022-10-10 07:00:00",94,"Site 1",39.10236,-96.60097,335,12.1,2.6,17.07,11.17,14.5,14.67,16.5,17.5,17
"2022-10-10 08:00:00",95,"Site 1",39.10236,-96.60097,335,12.03,2.5,17,11.17,14.5,14.67,16.5,17.5,17
"2022-10-10 09:00:00",96,"Site 1",39.10236,-96.60097,335,12.1,2.5,17,11.67,14,14.67,16.33,17.17,17
"2022-10-10 10:00:00",97,"Site 1",39.10236,-96.60097,335,12.17,2.5,17,12.83,14.5,14.5,16.33,17.17,17
"2022-10-10 11:00:00",98,"Site 1",39.10236,-96.60097,335,12.33,2.5,17,13.83,14.5,14.17,16.17,17,17
"2022-10-10 12:00:00",99,"Site 1",39.10236,-96.60097,335,12.5,2.5,17,15,15,14.33,16.33,17,17
"2022-10-10 13:00:00",100,"Site 1",39.10236,-96.60097,335,12.7,2.567,17,16.5,15.33,14.67,16.17,17,17
"2022-10-10 14:00:00",101,"Site 1",39.10236,-96.60097,335,12.9,2.633,17.1,17.5,16,14.83,16.33,17,17
"2022-10-10 15:00:00",102,"Site 1",39.10236,-96.60097,335,13.1,2.7,17.13,18.33,16.67,14.83,16.33,17,17
"2022-10-10 16:00:00",103,"Site 1",39.10236,-96.60097,335,13.2,2.8,17.2,18.17,17.17,15,16.5,17,17
"2022-10-10 17:00:00",104,"Site 1",39.10236,-96.60097,335,13.3,2.867,17.2,18,17.5,15.17,16.5,17,17
"2022-10-10 18:00:00",105,"Site 1",39.10236,-96.60097,335,13.3,2.9,17.23,17.83,17.67,15.5,16.5,17,17
"2022-10-10 19:00:00",106,"Site 1",39.10236,-96.60097,335,13.23,2.933,17.27,17.33,18,15.5,16.5,17,17
"2022-10-10 20:00:00",107,"Site 1",39.10236,-96.60097,335,13.2,3,17.2,17.17,17.83,16,16.17,17,17
"2022-10-10 21:00:00",108,"Site 1",39.10236,-96.60097,335,13.13,3,17.23,16.83,17.5,16,16.33,17,17
"2022-10-10 22:00:00",109,"Site 1",39.10236,-96.60097,335,13.1,3,17.2,16.33,17.5,16,16.83,17,17
"2022-10-10 23:00:00",110,"Site 1",39.10236,-96.60097,335,13,3,17.2,16.5,17.5,16,16.5,17,17
"2022-10-11 00:00:00",111,"Site 1",39.10236,-96.60097,335,13,3,17.2,16.17,17.5,16,16.5,17,17
"2022-10-11 01:00:00",112,"Site 1",39.10236,-96.60097,335,13,3,17.2,16,17.33,16,16.5,17,17
"2022-10-11 02:00:00",113,"Site 1",39.10236,-96.60097,335,13,3,17.2,16,17.17,16,16.5,17,17
"2022-10-11 03:00:00",114,"Site 1",39.10236,-96.60097,335,13,3,17.2,16,17,16,16.67,17,17
"2022-10-11 04:00:00",115,"Site 1",39.10236,-96.60097,335,12.97,3,17.2,16,17,16,16.5,17,17
"2022-10-11 05:00:00",116,"Site 1",39.10236,-96.60097,335,12.9,2.9,17.2,16,17,16,16.5,17,17
"2022-10-11 06:00:00",117,"Site 1",39.10236,-96.60097,335,12.9,2.9,17.2,15.83,17,16,16.83,17.33,17
"2022-10-11 07:00:00",118,"Site 1",39.10236,-96.60097,335,12.9,2.9,17.2,15.5,17,16,16.67,17.33,17
"2022-10-11 08:00:00",119,"Site 1",39.10236,-96.60097,335,12.9,2.9,17.2,15.83,17,16,17,17.33,17
"2022-10-11 09:00:00",120,"Site 1",39.10236,-96.60097,335,12.9,2.9,17.2,16,17,16,16.83,17.5,17
"2022-10-11 10:00:00",121,"Site 1",39.10236,-96.60097,335,13,2.9,17.2,16.67,17,16,16.83,17.5,17
"2022-10-11 11:00:00",122,"Site 1",39.10236,-96.60097,335,13.07,2.967,17.2,17.33,17.17,16,16.83,17.5,17
"2022-10-11 12:00:00",123,"Site 1",39.10236,-96.60097,335,13.17,3,17.3,18,17.5,16,16.83,17.5,17
"2022-10-11 13:00:00",124,"Site 1",39.10236,-96.60097,335,13.37,3.033,17.3,18.83,17.83,16,16.5,17.5,17
"2022-10-11 14:00:00",125,"Site 1",39.10236,-96.60097,335,13.57,3.1,17.37,19.67,18.33,16.17,16.5,17.5,17
"2022-10-11 15:00:00",126,"Site 1",39.10236,-96.60097,335,13.7,3.167,17.47,20,18.83,16.5,16.83,17.5,17
"2022-10-11 16:00:00",127,"Site 1",39.10236,-96.60097,335,13.8,3.233,17.5,20.5,19.17,16.67,16.67,17.5,17
"2022-10-11 17:00:00",128,"Site 1",39.10236,-96.60097,335,13.8,3.3,17.5,20.17,19.5,17,17,17.5,17
"2022-10-11 18:00:00",129,"Site 1",39.10236,-96.60097,335,13.8,3.3,17.5,19.83,19.5,17.17,17,17.5,17
"2022-10-11 19:00:00",130,"Site 1",39.10236,-96.60097,335,13.73,3.4,17.5,19.33,19.5,17.5,17,17.5,17
"2022-10-11 20:00:00",131,"Site 1",39.10236,-96.60097,335,13.7,3.4,17.5,19,19.5,17.5,17,17.5,17
"2022-10-11 21:00:00",132,"Site 1",39.10236,-96.60097,335,13.6,3.4,17.5,18.67,19.5,17.5,17,17.5,17
"2022-10-11 22:00:00",133,"Site 1",39.10236,-96.60097,335,13.6,3.4,17.5,18.5,19.5,17.5,17.17,17.5,17.5
"2022-10-11 23:00:00",134,"Site 1",39.10236,-96.60097,335,13.5,3.4,17.5,18.17,19.5,17.5,17.5,17.5,17.5
"2022-10-12 00:00:00",135,"Site 1",39.10236,-96.60097,335,13.5,3.4,17.5,18.33,19,17.5,17.67,17.5,17.5
"2022-10-12 01:00:00",136,"Site 1",39.10236,-96.60097,335,13.4,3.4,17.5,18.17,19,17.5,17.5,17.5,17.5
"2022-10-12 02:00:00",137,"Site 1",39.10236,-96.60097,335,21.73,7.433,25.97,17,18.83,17.33,17.5,17.83,17.5
"2022-10-12 03:00:00",138,"Site 1",39.10236,-96.60097,335,20.87,5.367,24.5,17,18.5,17.5,17.5,17.83,17.5
"2022-10-12 04:00:00",139,"Site 1",39.10236,-96.60097,335,20.53,5.167,24.1,16.5,18.33,17.5,17.5,18,17.5
"2022-10-12 05:00:00",140,"Site 1",39.10236,-96.60097,335,20.37,5.033,23.83,16.33,18,17,17.5,18,17.5
"2022-10-12 06:00:00",141,"Site 1",39.10236,-96.60097,335,20.27,4.933,23.63,15.83,18,17,17.5,18,17.5
"2022-10-12 07:00:00",142,"Site 1",39.10236,-96.60097,335,20.17,4.8,23.43,15.33,17.5,17,17.5,18,17.5
"2022-10-12 08:00:00",143,"Site 1",39.10236,-96.60097,335,20.07,4.7,23.3,15,17.5,17,17.5,18,17.5
"2022-10-12 09:00:00",144,"Site 1",39.10236,-96.60097,335,20,4.6,23.2,15,17,16.5,17.5,18,17.5
"2022-10-12 10:00:00",145,"Site 1",39.10236,-96.60097,335,20,4.533,23.07,15.17,17,16.5,17.5,18,17.5
"2022-10-12 11:00:00",146,"Site 1",39.10236,-96.60097,335,20,4.5,23,15.67,17,16.5,17.5,18,17.5
"2022-10-12 12:00:00",147,"Site 1",39.10236,-96.60097,335,20.07,4.4,22.9,16.17,17,16.5,17.5,18,17.5
"2022-10-12 13:00:00",148,"Site 1",39.10236,-96.60097,335,20.1,4.4,22.83,17,17.33,16.5,17,18,17.5
"2022-10-12 14:00:00",149,"Site 1",39.10236,-96.60097,335,20.2,4.4,22.8,17.67,17.5,16.5,17,18,17.5
"2022-10-12 15:00:00",150,"Site 1",39.10236,-96.60097,335,20.3,4.4,22.77,18.17,18,16.5,17,18,17.5
"2022-10-12 16:00:00",151,"Site 1",39.10236,-96.60097,335,20.3,4.4,22.7,18,18.17,16.5,17,18,17.5
"2022-10-12 17:00:00",152,"Site 1",39.10236,-96.60097,335,20.3,4.4,22.67,18,18.5,16.67,17,18,17.5
"2022-10-12 18:00:00",153,"Site 1",39.10236,-96.60097,335,20.2,4.4,22.6,17.33,18.5,17,17,18,17.5
"2022-10-12 19:00:00",154,"Site 1",39.10236,-96.60097,335,20.17,4.367,22.53,16.83,18,17,17,18,17.5
"2022-10-12 20:00:00",155,"Site 1",39.10236,-96.60097,335,20.07,4.3,22.43,16.33,18,17,17,18,17.5
"2022-10-12 21:00:00",156,"Site 1",39.10236,-96.60097,335,19.97,4.267,22.37,15.83,17.67,16.83,17,18,17.5
"2022-10-12 22:00:00",157,"Site 1",39.10236,-96.60097,335,19.87,4.2,22.27,15.17,17.5,16.5,17.17,18,17.5
"2022-10-12 23:00:00",158,"Site 1",39.10236,-96.60097,335,19.73,4.1,22.17,14.33,17,16.5,17,18,17.5
"2022-10-13 00:00:00",159,"Site 1",39.10236,-96.60097,335,19.6,4.1,22.07,13.83,16.67,16.5,17,18,17.5
"2022-10-13 01:00:00",160,"Site 1",39.10236,-96.60097,335,19.47,4.033,21.97,13.33,16.33,16.17,17.17,18,17.5
"2022-10-13 02:00:00",161,"Site 1",39.10236,-96.60097,335,19.37,3.933,21.87,12.83,16,16,17,18,17.5
"2022-10-13 03:00:00",162,"Site 1",39.10236,-96.60097,335,19.23,3.833,21.77,12.33,15.5,15.83,17,18,17.5
"2022-10-13 04:00:00",163,"Site 1",39.10236,-96.60097,335,19.1,3.733,21.63,12,15.33,15.5,17,17.83,17.5
"2022-10-13 05:00:00",164,"Site 1",39.10236,-96.60097,335,19,3.667,21.53,11.5,15,15.33,17,17.67,17.5
"2022-10-13 06:00:00",165,"Site 1",39.10236,-96.60097,335,18.9,3.567,21.43,11.17,14.67,15,17,17.5,17.5
"2022-10-13 07:00:00",166,"Site 1",39.10236,-96.60097,335,18.83,3.467,21.33,11,14.5,15.17,16.5,17.5,17.5
"2022-10-13 08:00:00",167,"Site 1",39.10236,-96.60097,335,18.73,3.4,21.23,11,14,14.67,16.5,17.5,17.5
"2022-10-13 09:00:00",168,"Site 1",39.10236,-96.60097,335,18.7,3.3,21.13,11,14,14.5,16.67,17.5,17.5
"2022-10-13 10:00:00",169,"Site 1",39.10236,-96.60097,335,18.7,3.3,21.03,11.5,14,14.5,16.67,17.5,17.5
"2022-10-13 11:00:00",170,"Site 1",39.10236,-96.60097,335,18.7,3.2,21,12.17,14,14.33,16.5,17.5,17.5
"2022-10-13 12:00:00",171,"Site 1",39.10236,-96.60097,335,18.8,3.2,20.9,12.67,14.33,14.33,16.17,17.5,17.5
"2022-10-13 13:00:00",172,"Site 1",39.10236,-96.60097,335,18.83,3.2,20.9,13.67,14.5,14.33,16.5,17.5,17.33
"2022-10-13 14:00:00",173,"Site 1",39.10236,-96.60097,335,18.9,3.3,20.87,14.33,14.83,14.5,16.17,17.33,17
"2022-10-13 15:00:00",174,"Site 1",39.10236,-96.60097,335,19,3.3,20.8,14.83,15.17,14.33,16.33,17.17,17
"2022-10-13 16:00:00",175,"Site 1",39.10236,-96.60097,335,19,3.3,20.8,15,15.5,14.5,16.33,17,17
"2022-10-13 17:00:00",176,"Site 1",39.10236,-96.60097,335,19,3.3,20.8,14.5,15.5,14.5,16.5,17,17
"2022-10-13 18:00:00",177,"Site 1",39.10236,-96.60097,335,18.97,3.3,20.8,14.17,15.5,14.67,16.5,17,17
"2022-10-13 19:00:00",178,"Site 1",39.10236,-96.60097,335,18.9,3.3,20.77,13.67,15.5,14.67,16.5,17,17
"2022-10-13 20:00:00",179,"Site 1",39.10236,-96.60097,335,18.83,3.3,20.7,12.83,15.5,14.5,16.5,17,17
"2022-10-13 21:00:00",180,"Site 1",39.10236,-96.60097,335,18.73,3.2,20.6,12.33,15,14.5,16.33,17,17
"2022-10-13 22:00:00",181,"Site 1",39.10236,-96.60097,335,18.6,3.2,20.53,11.67,14.83,14.5,16.5,17,17
"2022-10-13 23:00:00",182,"Site 1",39.10236,-96.60097,335,18.47,3.1,20.43,11.17,14.5,14.5,16.5,17,17
"2022-10-14 00:00:00",183,"Site 1",39.10236,-96.60097,335,18.37,3.067,20.33,10.83,14,14.17,16.5,17,17
"2022-10-14 01:00:00",184,"Site 1",39.10236,-96.60097,335,18.27,3,20.27,10.33,13.83,14.5,16,17,17
"2022-10-14 02:00:00",185,"Site 1",39.10236,-96.60097,335,18.17,2.9,20.17,10,13.5,14.33,16,17,17
"2022-10-14 03:00:00",186,"Site 1",39.10236,-96.60097,335,18.07,2.833,20.1,9.67,13.17,14,16,17,16.67
"2022-10-14 04:00:00",187,"Site 1",39.10236,-96.60097,335,17.97,2.8,20,9.5,13,14,15.83,17,16.5
"2022-10-14 05:00:00",188,"Site 1",39.10236,-96.60097,335,17.9,2.7,19.93,9,12.83,13.67,16,16.5,16.5
"2022-10-14 06:00:00",189,"Site 1",39.10236,-96.60097,335,17.8,2.667,19.83,9.5,12.5,13.5,16,16.5,16.5
"2022-10-14 07:00:00",190,"Site 1",39.10236,-96.60097,335,17.73,2.6,19.77,9,12.5,13.5,15.5,16.5,16.5
"2022-10-14 08:00:00",191,"Site 1",39.10236,-96.60097,335,17.7,2.533,19.7,9.33,12,13,15.5,16.5,16.5
"2022-10-14 09:00:00",192,"Site 1",39.10236,-96.60097,335,17.7,2.5,19.6,9.33,12,13,15.5,16.5,16.5
"2022-10-14 10:00:00",193,"Site 1",39.10236,-96.60097,335,17.7,2.5,19.53,9.83,12.17,13,15.5,16.5,16.5
"2022-10-14 11:00:00",194,"Site 1",39.10236,-96.60097,335,17.73,2.5,19.5,10.67,12.5,13,15.5,16.5,16.5
"2022-10-14 12:00:00",195,"Site 1",39.10236,-96.60097,335,17.83,2.5,19.5,11.33,12.67,13,15.33,16.5,16.5
"2022-10-14 13:00:00",196,"Site 1",39.10236,-96.60097,335,17.93,2.533,19.5,12.5,13.17,13,15,16.33,16.5
"2022-10-14 14:00:00",197,"Site 1",39.10236,-96.60097,335,18.07,2.6,19.5,13.33,13.5,13,15,16,16.17
"2022-10-14 15:00:00",198,"Site 1",39.10236,-96.60097,335,18.2,2.667,19.5,14,14,13,15,16,16
"2022-10-14 16:00:00",199,"Site 1",39.10236,-96.60097,335,18.3,2.7,19.5,14.33,14.33,13.5,15,16,16
"2022-10-14 17:00:00",200,"Site 1",39.10236,-96.60097,335,18.37,2.767,19.5,14.5,14.5,13.5,15,16,16
"2022-10-14 18:00:00",201,"Site 1",39.10236,-96.60097,335,18.4,2.8,19.5,14.5,15,13.83,15,16,16
"2022-10-14 19:00:00",202,"Site 1",39.10236,-96.60097,335,18.4,2.8,19.43,14,15,14,15,16,16
"2022-10-14 20:00:00",203,"Site 1",39.10236,-96.60097,335,18.33,2.8,19.4,13.83,15,14,15,16,16
"2022-10-14 21:00:00",204,"Site 1",39.10236,-96.60097,335,18.3,2.867,19.4,13.5,15,14,15.17,16,16
"2022-10-14 22:00:00",205,"Site 1",39.10236,-96.60097,335,18.27,2.833,19.37,13,15,13.83,15.5,16.17,16
"2022-10-14 23:00:00",206,"Site 1",39.10236,-96.60097,335,18.2,2.8,19.3,12.67,14.5,13.83,15.5,16,16
"2022-10-15 00:00:00",207,"Site 1",39.10236,-96.60097,335,18.13,2.8,19.27,12.17,14.5,14,15.5,16,16
"2022-10-15 01:00:00",208,"Site 1",39.10236,-96.60097,335,18.03,2.8,19.2,11.83,14.33,13.83,15.5,16,16
"2022-10-15 02:00:00",209,"Site 1",39.10236,-96.60097,335,17.97,2.7,19.17,11.33,14,14,15.5,16,16
"2022-10-15 03:00:00",210,"Site 1",39.10236,-96.60097,335,17.87,2.7,19.1,11,14,14,15.5,16,16
"2022-10-15 04:00:00",211,"Site 1",39.10236,-96.60097,335,17.77,2.667,19.03,10.5,13.5,14,15.5,16,16
"2022-10-15 05:00:00",212,"Site 1",39.10236,-96.60097,335,17.67,2.6,18.97,10,13.33,13.67,15.5,16.17,16
"2022-10-15 06:00:00",213,"Site 1",39.10236,-96.60097,335,17.6,2.533,18.9,9.83,13,13.5,15.5,16,16
"2022-10-15 07:00:00",214,"Site 1",39.10236,-96.60097,335,17.5,2.5,18.83,9.5,12.83,13.5,15.17,16,16
"2022-10-15 08:00:00",215,"Site 1",39.10236,-96.60097,335,17.4,2.433,18.77,9.33,12.5,13.17,15,16.17,16
"2022-10-15 09:00:00",216,"Site 1",39.10236,-96.60097,335,17.4,2.4,18.7,9.5,12.5,13,15,16.17,16
"2022-10-15 10:00:00",217,"Site 1",39.10236,-96.60097,335,17.3,2.4,18.63,10.17,12.5,13,15,16.33,16
"2022-10-15 11:00:00",218,"Site 1",39.10236,-96.60097,335,17.4,2.4,18.6,11,12.5,13,15,16.17,16
"2022-10-15 12:00:00",219,"Site 1",39.10236,-96.60097,335,17.47,2.4,18.6,11.83,13,12.83,15,16.17,15.67
"2022-10-15 13:00:00",220,"Site 1",39.10236,-96.60097,335,17.63,2.4,18.6,12.83,13.17,13,15,15.67,15.83
"2022-10-15 14:00:00",221,"Site 1",39.10236,-96.60097,335,17.77,2.5,18.63,13.67,13.67,13,14.83,15.83,15.5
"2022-10-15 15:00:00",222,"Site 1",39.10236,-96.60097,335,17.87,2.533,18.7,14,14.17,13,14.67,15.67,15.5
"2022-10-15 16:00:00",223,"Site 1",39.10236,-96.60097,335,17.97,2.6,18.7,14.5,14.5,13.33,14.67,15.67,15.5
"2022-10-15 17:00:00",224,"Site 1",39.10236,-96.60097,335,18,2.667,18.7,14.5,14.67,13.5,15,15.83,15.5
"2022-10-15 18:00:00",225,"Site 1",39.10236,-96.60097,335,18.07,2.7,18.7,14.33,15,13.5,15,15.83,15.5
"2022-10-15 19:00:00",226,"Site 1",39.10236,-96.60097,335,18.07,2.7,18.7,14,15,14,15,15.67,15.5
"2022-10-15 20:00:00",227,"Site 1",39.10236,-96.60097,335,18,2.7,18.6,13.5,15,14,15,16,15.5
"2022-10-15 21:00:00",228,"Site 1",39.10236,-96.60097,335,17.97,2.7,18.6,13,14.83,13.67,15,15.83,15.5
"2022-10-15 22:00:00",229,"Site 1",39.10236,-96.60097,335,17.9,2.7,18.53,12.67,14.5,13.83,15,15.67,15.5
"2022-10-15 23:00:00",230,"Site 1",39.10236,-96.60097,335,17.8,2.7,18.5,12.33,14.5,14,15,15.67,15.5
"2022-10-16 00:00:00",231,"Site 1",39.10236,-96.60097,335,17.73,2.7,18.5,12,14.33,14,15,15.67,15.5
"2022-10-16 01:00:00",232,"Site 1",39.10236,-96.60097,335,17.67,2.633,18.4,11.5,14,14,15,15.67,15.5
"2022-10-16 02:00:00",233,"Site 1",39.10236,-96.60097,335,17.6,2.6,18.4,11.17,13.83,14,15,15.83,15.5
"2022-10-16 03:00:00",234,"Site 1",39.10236,-96.60097,335,17.5,2.6,18.33,10.83,13.5,13.5,15,16,15.5
"2022-10-16 04:00:00",235,"Site 1",39.10236,-96.60097,335,17.4,2.533,18.3,10.5,13.5,13.5,15,15.83,15.5
"2022-10-16 05:00:00",236,"Site 1",39.10236,-96.60097,335,17.33,2.5,18.23,10.17,13.17,13.5,15,15.83,15.5
"2022-10-16 06:00:00",237,"Site 1",39.10236,-96.60097,335,17.27,2.467,18.2,9.83,13,13.5,15,15.83,15.5
"2022-10-16 07:00:00",238,"Site 1",39.10236,-96.60097,335,17.17,2.4,18.1,9.5,12.83,13,15,15.83,15.5
"2022-10-16 08:00:00",239,"Site 1",39.10236,-96.60097,335,17.1,2.367,18.07,9.5,12.5,13,15,15.5,15.5
"2022-10-16 09:00:00",240,"Site 1",39.10236,-96.60097,335,17.03,2.3,18,9.5,12.5,13,14.83,15.83,15.5
"2022-10-16 10:00:00",241,"Site 1",39.10236,-96.60097,335,17,2.3,18,10.17,12.5,12.83,14.83,15.83,15.5
"2022-10-16 11:00:00",242,"Site 1",39.10236,-96.60097,335,17.07,2.3,18,11.17,12.5,12.5,14.5,15.67,15.5
"2022-10-16 12:00:00",243,"Site 1",39.10236,-96.60097,335,17.17,2.3,18,12,12.83,12.5,14.5,16,15.5
"2022-10-16 13:00:00",244,"Site 1",39.10236,-96.60097,335,17.33,2.4,18,13.17,13.33,12.67,14.5,16,15.5
"2022-10-16 14:00:00",245,"Site 1",39.10236,-96.60097,335,17.47,2.467,18,13.83,13.83,13,14.5,16,15.5
"2022-10-16 15:00:00",246,"Site 1",39.10236,-96.60097,335,17.57,2.5,18,14.33,14.17,13,14.5,16,15.5
"2022-10-16 16:00:00",247,"Site 1",39.10236,-96.60097,335,17.67,2.6,18.1,14.5,14.5,13.33,14.5,16,15.5
"2022-10-16 17:00:00",248,"Site 1",39.10236,-96.60097,335,17.7,2.6,18.1,14.17,14.5,13.5,14.5,16,15.5
"2022-10-16 18:00:00",249,"Site 1",39.10236,-96.60097,335,17.7,2.6,18.07,13.83,14.5,13.5,14.5,16,15
"2022-10-16 19:00:00",250,"Site 1",39.10236,-96.60097,335,17.6,2.667,18,13.17,14.5,13.5,14.5,15.5,15.33
"2022-10-16 20:00:00",251,"Site 1",39.10236,-96.60097,335,17.57,2.667,18,12.67,14.5,13.67,14.5,15.5,15.17
"2022-10-16 21:00:00",252,"Site 1",39.10236,-96.60097,335,17.47,2.6,17.97,12.17,14.5,13.5,14.5,15.5,15
"2022-10-16 22:00:00",253,"Site 1",39.10236,-96.60097,335,17.37,2.6,17.9,11.83,14,13.5,14.5,16,15
"2022-10-16 23:00:00",254,"Site 1",39.10236,-96.60097,335,17.3,2.6,17.9,11.33,14,13.5,14.83,15.5,15
"2022-10-17 00:00:00",255,"Site 1",39.10236,-96.60097,335,17.2,2.5,17.8,10.83,13.5,13.5,14.5,15.83,15
"2022-10-17 01:00:00",256,"Site 1",39.10236,-96.60097,335,17.1,2.5,17.8,10.33,13.33,13.5,14.5,15.83,15.17
"2022-10-17 02:00:00",257,"Site 1",39.10236,-96.60097,335,16.97,2.433,17.7,9.83,13,13.33,14.5,15.67,15
"2022-10-17 03:00:00",258,"Site 1",39.10236,-96.60097,335,16.87,2.4,17.7,9.33,12.83,13,14.5,15.67,15
"2022-10-17 04:00:00",259,"Site 1",39.10236,-96.60097,335,16.77,2.3,17.6,9.33,12.5,13,14.5,15.67,15
"2022-10-17 05:00:00",260,"Site 1",39.10236,-96.60097,335,16.67,2.267,17.53,8.83,12,12.83,14.5,15.5,15
"2022-10-17 06:00:00",261,"Site 1",39.10236,-96.60097,335,16.6,2.2,17.5,8.5,11.83,12.5,14.5,15.67,15
"2022-10-17 07:00:00",262,"Site 1",39.10236,-96.60097,335,16.57,2.133,17.4,8,11.5,12.5,14.5,15.5,15
"2022-10-17 08:00:00",263,"Site 1",39.10236,-96.60097,335,16.43,2.1,17.33,8,11.17,12,14.5,15.5,15
"2022-10-17 09:00:00",264,"Site 1",39.10236,-96.60097,335,16.4,2,17.3,8,11,12,14.5,15.5,15
"2022-10-17 10:00:00",265,"Site 1",39.10236,-96.60097,335,16.3,2,17.3,8.5,11,11.83,14,15.5,15
"2022-10-17 11:00:00",266,"Site 1",39.10236,-96.60097,335,16.3,2,17.2,9,11,11.5,14,15.33,15
"2022-10-17 12:00:00",267,"Site 1",39.10236,-96.60097,335,16.3,2,17.2,9.33,11,11.5,14,15.5,15
"2022-10-17 13:00:00",268,"Site 1",39.10236,-96.60097,335,16.37,2,17.2,10,11.5,11.5,14,15.5,15
"2022-10-17 14:00:00",269,"Site 1",39.10236,-96.60097,335,16.47,2.033,17.2,10.83,11.67,11.5,14,15.5,15
"2022-10-17 15:00:00",270,"Site 1",39.10236,-96.60097,335,16.6,2.1,17.23,11.5,12,11.5,14,15.5,15
"2022-10-17 16:00:00",271,"Site 1",39.10236,-96.60097,335,16.6,2.1,17.3,11.5,12.5,12,13.83,15.33,15
"2022-10-17 17:00:00",272,"Site 1",39.10236,-96.60097,335,16.6,2.167,17.3,11.17,12.5,12,13.83,15.33,15
"2022-10-17 18:00:00",273,"Site 1",39.10236,-96.60097,335,16.6,2.2,17.2,10.67,12.5,12,13.5,15,14.83
"2022-10-17 19:00:00",274,"Site 1",39.10236,-96.60097,335,16.6,2.2,17.2,10.17,12.5,12,13.5,15,14.5
"2022-10-17 20:00:00",275,"Site 1",39.10236,-96.60097,335,16.53,2.1,17.2,9.5,12.33,12,13.5,15,14.5
"2022-10-17 21:00:00",276,"Site 1",39.10236,-96.60097,335,16.43,2.1,17.1,9.33,12,12,13.5,15,14.5
"2022-10-17 22:00:00",277,"Site 1",39.10236,-96.60097,335,16.33,2.067,17.1,8.67,11.67,12,13.5,15,14.5
"2022-10-17 23:00:00",278,"Site 1",39.10236,-96.60097,335,16.23,2,17,8.33,11.5,11.83,13.5,15,14.5
"2022-10-18 00:00:00",279,"Site 1",39.10236,-96.60097,335,16.13,1.967,16.97,8,11,11.5,13.5,15,14.5
"2022-10-18 01:00:00",280,"Site 1",39.10236,-96.60097,335,16.03,1.9,16.9,7.5,11,11.5,13.5,15,14.5
"2022-10-18 02:00:00",281,"Site 1",39.10236,-96.60097,335,15.97,1.867,16.87,7.333,10.5,11.5,13.5,15,14.5
"2022-10-18 03:00:00",282,"Site 1",39.10236,-96.60097,335,15.9,1.8,16.8,7,10.5,11,13.5,15,14.5
"2022-10-18 04:00:00",283,"Site 1",39.10236,-96.60097,335,15.8,1.8,16.8,6.667,10.17,11,13.5,15,14.5
"2022-10-18 05:00:00",284,"Site 1",39.10236,-96.60097,335,15.73,1.7,16.7,6.5,10,10.83,13.5,15,14.5
"2022-10-18 06:00:00",285,"Site 1",39.10236,-96.60097,335,15.67,1.667,16.7,6,9.83,10.5,13.33,15,14.5
"2022-10-18 07:00:00",286,"Site 1",39.10236,-96.60097,335,15.57,1.6,16.6,5.667,9.5,10.5,13,14.83,14.5
"2022-10-18 08:00:00",287,"Site 1",39.10236,-96.60097,335,15.47,1.533,16.6,5.5,9.17,10.33,13,14.67,14.5
"2022-10-18 09:00:00",288,"Site 1",39.10236,-96.60097,335,15.4,1.5,16.6,5.5,9,10,13,14.5,14.5
"2022-10-18 10:00:00",289,"Site 1",39.10236,-96.60097,335,15.33,1.5,16.53,6,9,10,13,14.5,14.33
"2022-10-18 11:00:00",290,"Site 1",39.10236,-96.60097,335,15.37,1.5,16.5,6.5,9,10,12.83,14.5,14.17
"2022-10-18 12:00:00",291,"Site 1",39.10236,-96.60097,335,15.43,1.5,16.5,7.167,9,9.67,12.5,14.5,14
"2022-10-18 13:00:00",292,"Site 1",39.10236,-96.60097,335,15.43,1.5,16.5,8.33,9.5,9.5,12.5,14.5,14
"2022-10-18 14:00:00",293,"Site 1",39.10236,-96.60097,335,15.53,1.5,16.5,9.17,9.83,9.5,12.5,14.5,14
"2022-10-18 15:00:00",294,"Site 1",39.10236,-96.60097,335,15.67,1.6,16.6,9.33,10.17,10,12.5,14.5,14
"2022-10-18 16:00:00",295,"Site 1",39.10236,-96.60097,335,15.7,1.6,16.6,9.17,10.5,10,12.5,14.33,14
"2022-10-18 17:00:00",296,"Site 1",39.10236,-96.60097,335,15.8,1.667,16.6,9.33,10.5,10,12.5,14,14
"2022-10-18 18:00:00",297,"Site 1",39.10236,-96.60097,335,15.73,1.7,16.6,8.83,10.5,10.17,12.5,14,14
"2022-10-18 19:00:00",298,"Site 1",39.10236,-96.60097,335,15.7,1.7,16.53,8.33,10.5,10,12.5,14,14
"2022-10-18 20:00:00",299,"Site 1",39.10236,-96.60097,335,15.67,1.6,16.5,7.667,10.5,10.17,12.5,14,13.83
"2022-10-18 21:00:00",300,"Site 1",39.10236,-96.60097,335,15.57,1.6,16.43,7,10,10,12.5,14,13.5
"2022-10-18 22:00:00",301,"Site 1",39.10236,-96.60097,335,15.47,1.567,16.4,6.5,9.83,10,12.5,14,13.5
"2022-10-18 23:00:00",302,"Site 1",39.10236,-96.60097,335,15.37,1.5,16.33,6,9.5,10,12.5,14,13.5
"2022-10-19 00:00:00",303,"Site 1",39.10236,-96.60097,335,15.27,1.467,16.3,5.5,9.17,10,12.5,14,13.5
"2022-10-19 01:00:00",304,"Site 1",39.10236,-96.60097,335,15.17,1.4,16.23,5,9,9.5,12,14,13.5
"2022-10-19 02:00:00",305,"Site 1",39.10236,-96.60097,335,15.07,1.333,16.2,4.667,8.67,9.5,12,14,13.5
"2022-10-19 03:00:00",306,"Site 1",39.10236,-96.60097,335,15,1.3,16.13,4.5,8.5,9.33,12,14,13.5
"2022-10-19 04:00:00",307,"Site 1",39.10236,-96.60097,335,14.9,1.233,16.1,4,8,9,12,14,13.5
"2022-10-19 05:00:00",308,"Site 1",39.10236,-96.60097,335,14.83,1.2,16,4,8,9,12,13.83,13.5
"2022-10-19 06:00:00",309,"Site 1",39.10236,-96.60097,335,14.77,1.133,16,3.5,7.833,8.83,12,13.5,13.5
"2022-10-19 07:00:00",310,"Site 1",39.10236,-96.60097,335,14.7,1.1,15.9,3.5,7.5,8.5,11.83,13.5,13.5
"2022-10-19 08:00:00",311,"Site 1",39.10236,-96.60097,335,14.63,1.033,15.87,3.5,7.5,8.5,11.5,13.5,13.5
"2022-10-19 09:00:00",312,"Site 1",39.10236,-96.60097,335,14.6,1,15.8,3.667,7.167,8.33,11.5,13.5,13.5
"2022-10-19 10:00:00",313,"Site 1",39.10236,-96.60097,335,14.6,1,15.8,4.333,7,8,11.5,13.5,13.17
"2022-10-19 11:00:00",314,"Site 1",39.10236,-96.60097,335,14.6,1,15.8,5.167,7.5,8.17,11.5,13.5,13
"2022-10-19 12:00:00",315,"Site 1",39.10236,-96.60097,335,14.67,1,15.8,6.5,7.667,8,11.17,13.5,13
"2022-10-19 13:00:00",316,"Site 1",39.10236,-96.60097,335,14.83,1.1,15.8,7.833,8.17,8,11,13.33,13
"2022-10-19 14:00:00",317,"Site 1",39.10236,-96.60097,335,15,1.133,15.87,9,8.67,8,11,13,13
"2022-10-19 15:00:00",318,"Site 1",39.10236,-96.60097,335,15.23,1.233,15.9,9.5,9.33,8.5,11,13,13
"2022-10-19 16:00:00",319,"Site 1",39.10236,-96.60097,335,15.37,1.3,15.97,9.67,9.83,8.5,11,13,13
"2022-10-19 17:00:00",320,"Site 1",39.10236,-96.60097,335,15.47,1.4,16,9.83,10.33,9,11,13,13
"2022-10-19 18:00:00",321,"Site 1",39.10236,-96.60097,335,15.5,1.467,16,9.67,10.5,9.17,11,13,12.83
"2022-10-19 19:00:00",322,"Site 1",39.10236,-96.60097,335,15.5,1.5,16,9,10.5,9.5,11,13,13
"2022-10-19 20:00:00",323,"Site 1",39.10236,-96.60097,335,15.5,1.5,16,8.83,10.5,9.5,11,13,12.83
"2022-10-19 21:00:00",324,"Site 1",39.10236,-96.60097,335,15.43,1.5,16,8.33,10.33,9.5,11.33,13,12.67
"2022-10-19 22:00:00",325,"Site 1",39.10236,-96.60097,335,15.4,1.5,16,7.833,10,9.5,11.5,13,12.5
"2022-10-19 23:00:00",326,"Site 1",39.10236,-96.60097,335,15.3,1.5,15.93,7.5,10,9.5,11.5,13,12.67
"2022-10-20 00:00:00",327,"Site 1",39.10236,-96.60097,335,15.23,1.433,15.9,7,9.83,9.5,11.5,13,12.67
"2022-10-20 01:00:00",328,"Site 1",39.10236,-96.60097,335,15.2,1.4,15.9,6.833,9.5,9.5,11.5,13,12.5
"2022-10-20 02:00:00",329,"Site 1",39.10236,-96.60097,335,15.1,1.4,15.83,6.5,9.5,9.5,11.5,13,12.5
"2022-10-20 03:00:00",330,"Site 1",39.10236,-96.60097,335,15.07,1.367,15.8,6.333,9,9.5,11.5,13,12.67
"2022-10-20 04:00:00",331,"Site 1",39.10236,-96.60097,335,15,1.3,15.8,6,9,9.17,11.5,13,12.5
"2022-10-20 05:00:00",332,"Site 1",39.10236,-96.60097,335,14.93,1.3,15.77,6,9,9,11.5,13,12.67
"2022-10-20 06:00:00",333,"Site 1",39.10236,-96.60097,335,14.9,1.267,15.7,5.833,8.67,9,11.5,13,12.5
"2022-10-20 07:00:00",334,"Site 1",39.10236,-96.60097,335,14.83,1.2,15.7,5.5,8.5,9,11.5,13,12.67
"2022-10-20 08:00:00",335,"Site 1",39.10236,-96.60097,335,14.8,1.2,15.67,5.5,8.5,8.67,11,13,12.67
"2022-10-20 09:00:00",336,"Site 1",39.10236,-96.60097,335,14.73,1.2,15.6,6,8.5,8.5,11,13,12.83
"2022-10-20 10:00:00",337,"Site 1",39.10236,-96.60097,335,14.7,1.2,15.6,6.667,8.5,8.5,11,13,12.67
"2022-10-20 11:00:00",338,"Site 1",39.10236,-96.60097,335,14.77,1.2,15.6,7.667,8.83,8.5,11,13,12.5
"2022-10-20 12:00:00",339,"Site 1",39.10236,-96.60097,335,14.93,1.267,15.7,9,9.17,8.5,11,13,12.83
"2022-10-20 13:00:00",340,"Site 1",39.10236,-96.60097,335,15.1,1.333,15.7,10,9.67,8.83,11,12.67,12.67
"2022-10-20 14:00:00",341,"Site 1",39.10236,-96.60097,335,15.33,1.433,15.8,11,10.33,9,11,12.5,12.67
"2022-10-20 15:00:00",342,"Site 1",39.10236,-96.60097,335,15.57,1.533,15.87,12,11,9.17,11,12.5,12.67
"2022-10-20 16:00:00",343,"Site 1",39.10236,-96.60097,335,15.73,1.633,15.9,12.5,11.5,9.5,11,12.5,12.67
"2022-10-20 17:00:00",344,"Site 1",39.10236,-96.60097,335,15.83,1.733,16,12.5,12,10,11,12.5,12.67
"2022-10-20 18:00:00",345,"Site 1",39.10236,-96.60097,335,15.9,1.833,16,11.83,12.17,10.17,11.17,12.5,12.83
"2022-10-20 19:00:00",346,"Site 1",39.10236,-96.60097,335,15.9,1.9,16,11.33,12.5,10.5,11.5,12.5,12.83
"2022-10-20 20:00:00",347,"Site 1",39.10236,-96.60097,335,15.9,1.933,16,10.67,12,10.5,11.5,12.5,12.67
"2022-10-20 21:00:00",348,"Site 1",39.10236,-96.60097,335,15.83,1.9,16,10.17,12,10.5,11.5,12.67,12.5
"2022-10-20 22:00:00",349,"Site 1",39.10236,-96.60097,335,15.77,1.9,16,9.67,12,10.5,11.5,12.67,12.83
"2022-10-20 23:00:00",350,"Site 1",39.10236,-96.60097,335,15.7,1.9,16,9.5,11.5,10.67,11.5,13,12.67
"2022-10-21 00:00:00",351,"Site 1",39.10236,-96.60097,335,15.6,1.8,16,9.17,11.5,10.5,11.5,13,12.83
"2022-10-21 01:00:00",352,"Site 1",39.10236,-96.60097,335,15.53,1.8,16,9.17,11.33,10.5,12,13,12.67
"2022-10-21 02:00:00",353,"Site 1",39.10236,-96.60097,335,15.43,1.8,15.93,8.83,11,10.5,12,13,12.5
"2022-10-21 03:00:00",354,"Site 1",39.10236,-96.60097,335,15.4,1.8,15.9,9,11,10.5,12,13,12.83
"2022-10-21 04:00:00",355,"Site 1",39.10236,-96.60097,335,15.33,1.8,15.9,9,11,10.5,12,13,12.83
"2022-10-21 05:00:00",356,"Site 1",39.10236,-96.60097,335,15.3,1.8,15.9,8.83,11,10.5,12,13,12.83
"2022-10-21 06:00:00",357,"Site 1",39.10236,-96.60097,335,15.3,1.7,15.9,9,11,10.5,12,13,12.67
"2022-10-21 07:00:00",358,"Site 1",39.10236,-96.60097,335,15.2,1.7,15.9,9,11,10.5,12,13,12.67
"2022-10-21 08:00:00",359,"Site 1",39.10236,-96.60097,335,15.2,1.7,15.9,9,11,10.5,12,13,12.83
"2022-10-21 09:00:00",360,"Site 1",39.10236,-96.60097,335,15.2,1.7,15.9,9.33,11,10.5,12,13,12.5
"2022-10-21 10:00:00",361,"Site 1",39.10236,-96.60097,335,15.2,1.733,15.9,9.67,11,10.33,12,13,12.5
"2022-10-21 11:00:00",362,"Site 1",39.10236,-96.60097,335,15.3,1.8,15.9,10.67,11.17,10.5,12,13,12.67
"2022-10-21 12:00:00",363,"Site 1",39.10236,-96.60097,335,15.43,1.8,15.97,11.5,11.5,10.5,12,13,12.83
"2022-10-21 13:00:00",364,"Site 1",39.10236,-96.60097,335,15.63,1.9,16,13,12,10.5,12,13,12.5
"2022-10-21 14:00:00",365,"Site 1",39.10236,-96.60097,335,15.83,2,16.07,14,12.67,10.67,12,13,12.5
"2022-10-21 15:00:00",366,"Site 1",39.10236,-96.60097,335,16.03,2.1,16.13,14.83,13.17,11,12,13,12.67
"2022-10-21 16:00:00",367,"Site 1",39.10236,-96.60097,335,16.17,2.167,16.2,15,13.67,11.33,12,13,12.67
"2022-10-21 17:00:00",368,"Site 1",39.10236,-96.60097,335,16.23,2.267,16.27,15,14,11.5,12,13,12.5
"2022-10-21 18:00:00",369,"Site 1",39.10236,-96.60097,335,16.3,2.333,16.3,14.5,14.33,11.83,12,13,12.5
"2022-10-21 19:00:00",370,"Site 1",39.10236,-96.60097,335,16.27,2.4,16.3,14,14.5,12,12.33,13,12.5
"2022-10-21 20:00:00",371,"Site 1",39.10236,-96.60097,335,16.2,2.4,16.3,13.5,14,12.5,12.5,13,12.83
"2022-10-21 21:00:00",372,"Site 1",39.10236,-96.60097,335,16.13,2.4,16.3,13.17,14,12.5,12.5,13.17,12.67
"2022-10-21 22:00:00",373,"Site 1",39.10236,-96.60097,335,16.07,2.4,16.37,13,14,12.5,12.5,13.5,12.5
"2022-10-21 23:00:00",374,"Site 1",39.10236,-96.60097,335,16,2.4,16.4,13,14,12.5,12.5,13.5,12.5
"2022-10-22 00:00:00",375,"Site 1",39.10236,-96.60097,335,15.93,2.4,16.4,12.67,14,12.5,12.83,13.5,13.17
"2022-10-22 01:00:00",376,"Site 1",39.10236,-96.60097,335,15.9,2.4,16.4,12.5,14,12.5,13,13.5,13
"2022-10-22 02:00:00",377,"Site 1",39.10236,-96.60097,335,15.8,2.4,16.4,12.5,13.67,12.5,13,13.5,13
"2022-10-22 03:00:00",378,"Site 1",39.10236,-96.60097,335,15.8,2.4,16.4,12.33,13.5,12.5,13,13.5,13
"2022-10-22 04:00:00",379,"Site 1",39.10236,-96.60097,335,15.73,2.4,16.4,12,13.5,12.5,13,13.5,13
"2022-10-22 05:00:00",380,"Site 1",39.10236,-96.60097,335,15.7,2.4,16.4,12,13.5,12.5,13,13.5,13
"2022-10-22 06:00:00",381,"Site 1",39.10236,-96.60097,335,15.7,2.4,16.4,12,13.5,12.5,13,13.5,13
"2022-10-22 07:00:00",382,"Site 1",39.10236,-96.60097,335,15.6,2.4,16.4,12,13.5,12.5,13,13.5,13
"2022-10-22 08:00:00",383,"Site 1",39.10236,-96.60097,335,15.6,2.4,16.4,11.5,13.5,12.5,13,13.5,13
"2022-10-22 09:00:00",384,"Site 1",39.10236,-96.60097,335,15.6,2.4,16.4,12,13.33,12.5,13,14,13
"2022-10-22 10:00:00",385,"Site 1",39.10236,-96.60097,335,15.6,2.4,16.4,12.5,13.33,12.5,13,14,13
"2022-10-22 11:00:00",386,"Site 1",39.10236,-96.60097,335,15.7,2.4,16.4,13.17,13.5,12.5,13,14,13
"2022-10-22 12:00:00",387,"Site 1",39.10236,-96.60097,335,15.83,2.467,16.4,14,13.67,12.5,13,14,13
"2022-10-22 13:00:00",388,"Site 1",39.10236,-96.60097,335,15.97,2.5,16.5,15.17,14.17,12.5,13,14,13
"2022-10-22 14:00:00",389,"Site 1",39.10236,-96.60097,335,16.17,2.6,16.53,16.17,14.67,12.67,13,14,13
"2022-10-22 15:00:00",390,"Site 1",39.10236,-96.60097,335,16.33,2.667,16.6,16.67,15.17,13,13,14,13.17
"2022-10-22 16:00:00",391,"Site 1",39.10236,-96.60097,335,16.4,2.767,16.6,17,15.5,13.17,13.33,14,13.33
"2022-10-22 17:00:00",392,"Site 1",39.10236,-96.60097,335,16.5,2.8,16.6,16.83,16,13.5,13.5,14,13.33
"2022-10-22 18:00:00",393,"Site 1",39.10236,-96.60097,335,16.47,2.9,16.6,16.33,16,13.5,13.5,14,13.5
"2022-10-22 19:00:00",394,"Site 1",39.10236,-96.60097,335,16.4,2.9,16.67,15.83,16,13.67,13.5,14,13.5
"2022-10-22 20:00:00",395,"Site 1",39.10236,-96.60097,335,16.37,2.9,16.7,15.5,16,14,13.5,14,13.5
"2022-10-22 21:00:00",396,"Site 1",39.10236,-96.60097,335,16.3,2.9,16.7,15,16,14,13.83,14,13.5
"2022-10-22 22:00:00",397,"Site 1",39.10236,-96.60097,335,16.2,2.9,16.6,15,15.5,14,14,14,13.5
"2022-10-22 23:00:00",398,"Site 1",39.10236,-96.60097,335,16.17,2.9,16.67,15,15.5,13.83,14,14,13.5
"2022-10-23 00:00:00",399,"Site 1",39.10236,-96.60097,335,16.1,2.933,16.7,15,15.5,13.83,14,14.5,13.5
"2022-10-23 01:00:00",400,"Site 1",39.10236,-96.60097,335,16.1,3,16.7,15,15.5,14,14,14.5,13.5
"2022-10-23 02:00:00",401,"Site 1",39.10236,-96.60097,335,16.1,3,16.7,15,15.5,13.83,14,14.5,13.5
"2022-10-23 03:00:00",402,"Site 1",39.10236,-96.60097,335,16.03,3,16.7,14.5,15.5,13.67,14,14.5,13.5
"2022-10-23 04:00:00",403,"Site 1",39.10236,-96.60097,335,16,3,16.7,14.5,15.5,13.67,14,14.5,13.5
"2022-10-23 05:00:00",404,"Site 1",39.10236,-96.60097,335,16,3,16.7,14.5,15.5,13.67,14,14.5,14
"2022-10-23 06:00:00",405,"Site 1",39.10236,-96.60097,335,16,3,16.7,14.5,15.5,13.67,14.17,14.5,13.83
"2022-10-23 07:00:00",406,"Site 1",39.10236,-96.60097,335,16,3,16.7,14.5,15.5,14,14.5,14.5,14
"2022-10-23 08:00:00",407,"Site 1",39.10236,-96.60097,335,16,3,16.7,14.5,15.5,14,14.5,14.5,14
"2022-10-23 09:00:00",408,"Site 1",39.10236,-96.60097,335,16,3,16.77,14.83,15.5,13.5,14.5,14.5,14
"2022-10-23 10:00:00",409,"Site 1",39.10236,-96.60097,335,16,3,16.8,15.33,15.5,13.67,14.5,14.5,14
"2022-10-23 11:00:00",410,"Site 1",39.10236,-96.60097,335,16.1,3.033,16.8,16,15.5,14,14.5,14.67,14
"2022-10-23 12:00:00",411,"Site 1",39.10236,-96.60097,335,16.2,3.1,16.83,16.83,16,14.17,14.5,15,14
"2022-10-23 13:00:00",412,"Site 1",39.10236,-96.60097,335,16.3,3.1,16.9,17,16.33,14.33,14.5,15,14
"2022-10-23 14:00:00",413,"Site 1",39.10236,-96.60097,335,16.37,3.2,16.9,17.33,16.5,14.17,14.5,15,14
"2022-10-23 15:00:00",414,"Site 1",39.10236,-96.60097,335,16.43,3.233,16.93,17.67,16.83,14.5,14.5,15,14
"2022-10-23 16:00:00",415,"Site 1",39.10236,-96.60097,335,16.5,3.3,17,17.5,17,14.5,14.5,15,14
"2022-10-23 17:00:00",416,"Site 1",39.10236,-96.60097,335,16.5,3.333,17,17.5,17.33,14.5,14.67,15,14
"2022-10-23 18:00:00",417,"Site 1",39.10236,-96.60097,335,16.5,3.4,17.1,17.83,17.5,14.83,15,15,14
"2022-10-23 19:00:00",418,"Site 1",39.10236,-96.60097,335,16.5,3.4,17.1,17.67,17.5,15,15,15,14
"2022-10-23 20:00:00",419,"Site 1",39.10236,-96.60097,335,16.5,3.4,17.1,17.5,17.5,15,15,15,14.17
"2022-10-23 21:00:00",420,"Site 1",39.10236,-96.60097,335,16.4,3.5,17.1,17.33,17.5,15,15,15,14.33
"2022-10-23 22:00:00",421,"Site 1",39.10236,-96.60097,335,16.4,3.5,17.1,17.17,17.5,15,15,15,14.5
"2022-10-23 23:00:00",422,"Site 1",39.10236,-96.60097,335,16.4,3.5,17.1,17,17.5,15.17,15,15,14.5
"2022-10-24 00:00:00",423,"Site 1",39.10236,-96.60097,335,16.37,3.5,17.13,17,17.5,15.17,15.33,15.5,14.5
"2022-10-24 01:00:00",424,"Site 1",39.10236,-96.60097,335,16.3,3.5,17.2,17,17.5,15,15.5,15.5,14.5
"2022-10-24 02:00:00",425,"Site 1",39.10236,-96.60097,335,16.3,3.5,17.2,17,17.5,15.5,15.33,15.5,14.5
"2022-10-24 03:00:00",426,"Site 1",39.10236,-96.60097,335,16.3,3.5,17.2,17,17.5,15.5,15.5,15.5,14.5
"2022-10-24 04:00:00",427,"Site 1",39.10236,-96.60097,335,16.3,3.5,17.2,16.83,17.33,15.5,15.33,15.5,14.5
"2022-10-24 05:00:00",428,"Site 1",39.10236,-96.60097,335,16.2,3.5,17.2,16.5,17.33,15.5,15.5,15.33,14.5
"2022-10-24 06:00:00",429,"Site 1",39.10236,-96.60097,335,16.17,3.5,17.2,16.17,17,15.5,15.5,15.33,14.5
"2022-10-24 07:00:00",430,"Site 1",39.10236,-96.60097,335,16.1,3.5,17.2,15.83,17,15.33,15.5,15.33,14.5
"2022-10-24 08:00:00",431,"Site 1",39.10236,-96.60097,335,16.03,3.5,17.2,15.5,17,15.33,15.5,15.5,14.67
"2022-10-24 09:00:00",432,"Site 1",39.10236,-96.60097,335,15.93,3.5,17.2,15,16.5,15,15.33,15.5,15
"2022-10-24 10:00:00",433,"Site 1",39.10236,-96.60097,335,15.9,3.4,17.13,15,16.5,15,15.5,15.33,15
"2022-10-24 11:00:00",434,"Site 1",39.10236,-96.60097,335,15.8,3.4,17.1,14.5,16.5,15,15.5,15.5,15
"2022-10-24 12:00:00",435,"Site 1",39.10236,-96.60097,335,15.73,3.4,17.1,14.33,16,15.17,15.5,15.67,15
"2022-10-24 13:00:00",436,"Site 1",39.10236,-96.60097,335,15.67,3.4,17.1,14,16,15,15.17,15.67,15
"2022-10-24 14:00:00",437,"Site 1",39.10236,-96.60097,335,15.6,3.3,17.1,14,15.83,14.67,15.5,15.83,15
"2022-10-24 15:00:00",438,"Site 1",39.10236,-96.60097,335,15.57,3.3,17.1,14,15.5,14.5,15.5,15.67,15
"2022-10-24 16:00:00",439,"Site 1",39.10236,-96.60097,335,15.5,3.3,17.1,14,15.5,14.5,15.5,15.83,15
"2022-10-24 17:00:00",440,"Site 1",39.10236,-96.60097,335,15.5,3.3,17.1,14,15.5,14.5,15.5,15.5,15
"2022-10-24 18:00:00",441,"Site 1",39.10236,-96.60097,335,15.5,3.3,17.1,13.5,15.5,14.5,15.33,15.83,15
"2022-10-24 19:00:00",442,"Site 1",39.10236,-96.60097,335,15.5,3.233,17.1,13.17,15.33,14.5,15.5,15.83,15
"2022-10-24 20:00:00",443,"Site 1",39.10236,-96.60097,335,15.4,3.2,17.1,12.67,15,14.17,15.33,15.67,15
"2022-10-24 21:00:00",444,"Site 1",39.10236,-96.60097,335,15.37,3.2,17.03,12.17,15,14.17,15.5,15.67,15
"2022-10-24 22:00:00",445,"Site 1",39.10236,-96.60097,335,15.3,3.1,17,11.67,14.5,14.33,15.5,15.67,15
"2022-10-24 23:00:00",446,"Site 1",39.10236,-96.60097,335,15.2,3.1,17,11.17,14.33,14.17,15.5,15.67,15
"2022-10-25 00:00:00",447,"Site 1",39.10236,-96.60097,335,15.1,3,16.9,10.83,14,13.83,15.33,15.83,15
"2022-10-25 01:00:00",448,"Site 1",39.10236,-96.60097,335,15.03,2.933,16.9,10.5,13.67,13.67,15,15.83,15
"2022-10-25 02:00:00",449,"Site 1",39.10236,-96.60097,335,14.97,2.9,16.87,10.33,13.5,13.83,15,15.67,15
"2022-10-25 03:00:00",450,"Site 1",39.10236,-96.60097,335,14.9,2.833,16.8,10,13.33,13.5,15,15.5,15
"2022-10-25 04:00:00",451,"Site 1",39.10236,-96.60097,335,14.8,2.8,16.8,9.83,13,13.5,15,15,15
"2022-10-25 05:00:00",452,"Site 1",39.10236,-96.60097,335,14.73,2.733,16.7,9.67,13,13.33,15,15.17,15
"2022-10-25 06:00:00",453,"Site 1",39.10236,-96.60097,335,14.7,2.7,16.7,9.5,12.5,13,15,15.5,15
"2022-10-25 07:00:00",454,"Site 1",39.10236,-96.60097,335,14.6,2.633,16.67,9,12.5,13,14.5,15.5,15
"2022-10-25 08:00:00",455,"Site 1",39.10236,-96.60097,335,14.53,2.7,16.6,9.17,12.17,12.83,14.5,15.33,15
"2022-10-25 09:00:00",456,"Site 1",39.10236,-96.60097,335,14.47,2.567,16.6,9,12,12.5,14.5,15.5,15
"2022-10-25 10:00:00",457,"Site 1",39.10236,-96.60097,335,14.4,2.5,16.6,9.33,12,12.5,14.5,15.5,15
"2022-10-25 11:00:00",458,"Site 1",39.10236,-96.60097,335,14.4,2.5,16.6,9.83,12,12.5,14.5,15.5,14.5
"2022-10-25 12:00:00",459,"Site 1",39.10236,-96.60097,335,14.5,2.5,16.6,10.33,12,12,14,15.5,14.5
"2022-10-25 13:00:00",460,"Site 1",39.10236,-96.60097,335,14.57,2.5,16.6,11.33,12.33,12,14,15.33,14.5
"2022-10-25 14:00:00",461,"Site 1",39.10236,-96.60097,335,14.73,2.533,16.6,12.17,12.67,12,14,15,14.5
"2022-10-25 15:00:00",462,"Site 1",39.10236,-96.60097,335,14.8,2.6,16.6,12.5,13,12.5,14,15,14.5
"2022-10-25 16:00:00",463,"Site 1",39.10236,-96.60097,335,14.9,2.6,16.6,12.5,13.33,12.5,14,15,14.5
"2022-10-25 17:00:00",464,"Site 1",39.10236,-96.60097,335,14.9,2.667,16.6,12.5,13.5,12.5,14,15,14.5
"2022-10-25 18:00:00",465,"Site 1",39.10236,-96.60097,335,14.9,2.7,16.6,12,13.5,12.5,14,15,14.5
"2022-10-25 19:00:00",466,"Site 1",39.10236,-96.60097,335,14.8,2.7,16.6,11.33,13.5,12.5,14,15,14.5
"2022-10-25 20:00:00",467,"Site 1",39.10236,-96.60097,335,14.77,2.7,16.6,10.83,13.33,12.5,14,15,14.5
"2022-10-25 21:00:00",468,"Site 1",39.10236,-96.60097,335,14.7,2.6,16.6,10.33,13,12.5,14,15,14.5
"2022-10-25 22:00:00",469,"Site 1",39.10236,-96.60097,335,14.6,2.6,16.6,9.67,12.83,12.5,14,15,14.5
"2022-10-25 23:00:00",470,"Site 1",39.10236,-96.60097,335,14.5,2.533,16.6,9.17,12.5,12.5,14,15,14.33
"2022-10-26 00:00:00",471,"Site 1",39.10236,-96.60097,335,14.43,2.5,16.53,9.17,12.17,12.5,14,15,14.33
"2022-10-26 01:00:00",472,"Site 1",39.10236,-96.60097,335,14.33,2.467,16.5,8.67,12,12.17,14,15,14.33
"2022-10-26 02:00:00",473,"Site 1",39.10236,-96.60097,335,14.23,2.4,16.43,8.5,11.5,12,13.83,15,14.5
"2022-10-26 03:00:00",474,"Site 1",39.10236,-96.60097,335,14.17,2.367,16.4,8.17,11.5,12,13.5,15,14.17
"2022-10-26 04:00:00",475,"Site 1",39.10236,-96.60097,335,14.07,2.3,16.4,8,11.17,11.5,13.5,14.67,14
"2022-10-26 05:00:00",476,"Site 1",39.10236,-96.60097,335,14,2.233,16.3,7.5,11,11.5,13.5,14.5,14
"2022-10-26 06:00:00",477,"Site 1",39.10236,-96.60097,335,13.9,2.2,16.3,7.5,10.83,11.5,13.5,14.5,14
"2022-10-26 07:00:00",478,"Site 1",39.10236,-96.60097,335,13.83,2.133,16.23,7,10.5,11,13.5,14.5,14
"2022-10-26 08:00:00",479,"Site 1",39.10236,-96.60097,335,13.77,2.1,16.2,7,10.5,11,13.5,14.5,14
"2022-10-26 09:00:00",480,"Site 1",39.10236,-96.60097,335,13.7,2.1,16.2,7.333,10,11,13.17,14.5,14
"2022-10-26 10:00:00",481,"Site 1",39.10236,-96.60097,335,13.7,2.033,16.13,7.833,10,10.5,13,14.5,14
"2022-10-26 11:00:00",482,"Site 1",39.10236,-96.60097,335,13.73,2,16.1,8.5,10.33,10.5,13,14.5,14
"2022-10-26 12:00:00",483,"Site 1",39.10236,-96.60097,335,13.87,2.067,16.17,9.33,10.5,10.5,13,14.5,14
"2022-10-26 13:00:00",484,"Site 1",39.10236,-96.60097,335,14.03,2.1,16.2,10.33,11,10.5,13,14.5,14
"2022-10-26 14:00:00",485,"Site 1",39.10236,-96.60097,335,14.17,2.133,16.2,11.17,11.5,10.67,12.83,14,14
"2022-10-26 15:00:00",486,"Site 1",39.10236,-96.60097,335,14.33,2.2,16.27,11.83,12,11,12.83,14,13.67
"2022-10-26 16:00:00",487,"Site 1",39.10236,-96.60097,335,14.4,2.3,16.3,12,12.33,11,12.5,14,13.5
"2022-10-26 17:00:00",488,"Site 1",39.10236,-96.60097,335,14.47,2.3,16.3,12,12.5,11.17,12.67,14,13.5
"2022-10-26 18:00:00",489,"Site 1",39.10236,-96.60097,335,14.43,2.367,16.3,11.5,12.5,11.5,12.67,14,13.5
"2022-10-26 19:00:00",490,"Site 1",39.10236,-96.60097,335,14.4,2.4,16.3,11.17,12.5,11.5,13,14,13.5
"2022-10-26 20:00:00",491,"Site 1",39.10236,-96.60097,335,14.4,2.4,16.3,10.67,12.5,11.5,13,14,13.5
"2022-10-26 21:00:00",492,"Site 1",39.10236,-96.60097,335,14.3,2.4,16.3,10.5,12.5,11.5,13,14,13.5
"2022-10-26 22:00:00",493,"Site 1",39.10236,-96.60097,335,14.3,2.4,16.3,10.33,12.5,11.5,13,14,13.5
"2022-10-26 23:00:00",494,"Site 1",39.10236,-96.60097,335,14.2,2.4,16.3,10,12.17,11.5,13,14,13.5
"2022-10-27 00:00:00",495,"Site 1",39.10236,-96.60097,335,14.2,2.3,16.3,9.67,12,11.5,13,14,13.5
"2022-10-27 01:00:00",496,"Site 1",39.10236,-96.60097,335,14.1,2.3,16.27,9.5,12,11.5,13,14,13.5
"2022-10-27 02:00:00",497,"Site 1",39.10236,-96.60097,335,14.1,2.3,16.2,9.5,12,11.5,13,14,13.5
"2022-10-27 03:00:00",498,"Site 1",39.10236,-96.60097,335,14,2.3,16.2,9,11.67,11.5,13,14,13.5
"2022-10-27 04:00:00",499,"Site 1",39.10236,-96.60097,335,14,2.3,16.2,9,11.5,11.5,13,14,13.5
"2022-10-27 05:00:00",500,"Site 1",39.10236,-96.60097,335,14,2.2,16.2,9,11.5,11.33,13,14,13.5
"2022-10-27 06:00:00",501,"Site 1",39.10236,-96.60097,335,13.9,2.2,16.2,8.83,11.5,11.17,13,14,13.5
"2022-10-27 07:00:00",502,"Site 1",39.10236,-96.60097,335,13.9,2.2,16.2,8.67,11.5,11,13,14,13.5
"2022-10-27 08:00:00",503,"Site 1",39.10236,-96.60097,335,13.9,2.2,16.13,9,11.17,11,12.67,14,13.5
"2022-10-27 09:00:00",504,"Site 1",39.10236,-96.60097,335,13.9,2.2,16.1,9.17,11,11,12.67,14,13.5
"2022-10-27 10:00:00",505,"Site 1",39.10236,-96.60097,335,13.9,2.2,16.1,9.33,11,11,12.5,14,13.5
"2022-10-27 11:00:00",506,"Site 1",39.10236,-96.60097,335,14,2.2,16.1,10.17,11.5,11,12.5,14,13.5
"2022-10-27 12:00:00",507,"Site 1",39.10236,-96.60097,335,14.07,2.2,16.1,10.67,11.67,11,12.5,14,13.5
"2022-10-27 13:00:00",508,"Site 1",39.10236,-96.60097,335,14.17,2.233,16.2,11.67,12,11,12.5,14,13.5
"2022-10-27 14:00:00",509,"Site 1",39.10236,-96.60097,335,14.3,2.3,16.2,12,12.33,11.17,12.5,14,13.5
"2022-10-27 15:00:00",510,"Site 1",39.10236,-96.60097,335,14.33,2.3,16.2,12,12.5,11.5,12.5,14,13.5
"2022-10-27 16:00:00",511,"Site 1",39.10236,-96.60097,335,14.4,2.4,16.27,12,12.83,11.5,12.5,14,13.33
"2022-10-27 17:00:00",512,"Site 1",39.10236,-96.60097,335,14.4,2.4,16.3,12,13,11.5,12.5,14,13.5
"2022-10-27 18:00:00",513,"Site 1",39.10236,-96.60097,335,14.4,2.4,16.3,11.83,13,11.67,12.5,14,13.17
"2022-10-27 19:00:00",514,"Site 1",39.10236,-96.60097,335,14.3,2.4,16.3,11.5,13,12,12.83,13.5,13.33
"2022-10-27 20:00:00",515,"Site 1",39.10236,-96.60097,335,14.3,2.5,16.3,11.5,13,12,12.83,14,13
"2022-10-27 21:00:00",516,"Site 1",39.10236,-96.60097,335,14.3,2.5,16.3,11,13,12,13,14,13
"2022-10-27 22:00:00",517,"Site 1",39.10236,-96.60097,335,14.3,2.5,16.3,11,13,12,13,14,13.33
"2022-10-27 23:00:00",518,"Site 1",39.10236,-96.60097,335,14.27,2.5,16.3,11,12.83,12,13,14,13
"2022-10-28 00:00:00",519,"Site 1",39.10236,-96.60097,335,14.2,2.467,16.3,11,12.5,12,13,13.83,13.33
"2022-10-28 01:00:00",520,"Site 1",39.10236,-96.60097,335,14.2,2.4,16.3,10.67,12.5,12,13,14,13.33
"2022-10-28 02:00:00",521,"Site 1",39.10236,-96.60097,335,14.2,2.4,16.3,10.5,12.5,12,13,14,13
"2022-10-28 03:00:00",522,"Site 1",39.10236,-96.60097,335,14.2,2.4,16.3,10.5,12.5,12,13,14,13.33
"2022-10-28 04:00:00",523,"Site 1",39.10236,-96.60097,335,14.2,2.4,16.3,10.5,12.5,12,13,14,13.33
"2022-10-28 05:00:00",524,"Site 1",39.10236,-96.60097,335,14.13,2.4,16.3,10.17,12.5,11.67,13,14,13.5
"2022-10-28 06:00:00",525,"Site 1",39.10236,-96.60097,335,14.1,2.4,16.27,9.67,12.33,11.83,13,14,13
"2022-10-28 07:00:00",526,"Site 1",39.10236,-96.60097,335,14.03,2.4,16.2,9.5,12,11.5,13,14,13.17
"2022-10-28 08:00:00",527,"Site 1",39.10236,-96.60097,335,14,2.333,16.2,9.33,12,11.5,13,14,13.33
"2022-10-28 09:00:00",528,"Site 1",39.10236,-96.60097,335,14,2.3,16.2,9.5,11.83,11.5,13,14,13.33
"2022-10-28 10:00:00",529,"Site 1",39.10236,-96.60097,335,14,2.3,16.2,9.83,11.67,11.5,13,14,13.17
"2022-10-28 11:00:00",530,"Site 1",39.10236,-96.60097,335,14.03,2.3,16.2,10.33,12,11.5,13,14,13.5
"2022-10-28 12:00:00",531,"Site 1",39.10236,-96.60097,335,14.13,2.3,16.2,11.17,12,11.5,13,14,13
"2022-10-28 13:00:00",532,"Site 1",39.10236,-96.60097,335,14.23,2.367,16.2,12.17,12.33,11.5,12.83,14,13.17
"2022-10-28 14:00:00",533,"Site 1",39.10236,-96.60097,335,14.37,2.4,16.3,12.83,12.67,11.5,12.67,14,13
"2022-10-28 15:00:00",534,"Site 1",39.10236,-96.60097,335,14.5,2.5,16.3,13.33,13,11.5,13,14,13
"2022-10-28 16:00:00",535,"Site 1",39.10236,-96.60097,335,14.6,2.5,16.37,13.5,13.5,11.83,12.83,13.83,13
"2022-10-28 17:00:00",536,"Site 1",39.10236,-96.60097,335,14.6,2.6,16.4,13.33,13.5,12,13,13.83,13
"2022-10-28 18:00:00",537,"Site 1",39.10236,-96.60097,335,14.6,2.6,16.4,12.83,13.5,12,13,13.83,13
"2022-10-28 19:00:00",538,"Site 1",39.10236,-96.60097,335,14.57,2.6,16.4,12.17,13.5,12.33,13,13.67,13
"2022-10-28 20:00:00",539,"Site 1",39.10236,-96.60097,335,14.5,2.6,16.4,11.67,13.5,12.5,13,13.83,13
"2022-10-28 21:00:00",540,"Site 1",39.10236,-96.60097,335,14.4,2.6,16.4,11,13.17,12.5,13,14,13
"2022-10-28 22:00:00",541,"Site 1",39.10236,-96.60097,335,14.33,2.6,16.37,10.5,13,12.5,13,14,13.17
"2022-10-28 23:00:00",542,"Site 1",39.10236,-96.60097,335,14.27,2.5,16.3,10,12.67,12,13,14,13
"2022-10-29 00:00:00",543,"Site 1",39.10236,-96.60097,335,14.17,2.5,16.3,9.5,12.5,12,13,14,13
"2022-10-29 01:00:00",544,"Site 1",39.10236,-96.60097,335,14.1,2.467,16.3,9.33,12,12,13,14,13.17
"2022-10-29 02:00:00",545,"Site 1",39.10236,-96.60097,335,14,2.4,16.27,9.17,12,12,13,14,13.17
"2022-10-29 03:00:00",546,"Site 1",39.10236,-96.60097,335,13.93,2.4,16.2,9,11.67,11.5,13,14,13.17
"2022-10-29 04:00:00",547,"Site 1",39.10236,-96.60097,335,13.87,2.3,16.2,8.5,11.5,11.5,13,14,13.5
"2022-10-29 05:00:00",548,"Site 1",39.10236,-96.60097,335,13.8,2.3,16.2,8.33,11.33,11.5,13,14,13.33
"2022-10-29 06:00:00",549,"Site 1",39.10236,-96.60097,335,13.73,2.233,16.1,8,11,11,13,14,13.17
"2022-10-29 07:00:00",550,"Site 1",39.10236,-96.60097,335,13.7,2.2,16.1,7.833,10.83,11,13,14,13.33
"2022-10-29 08:00:00",551,"Site 1",39.10236,-96.60097,335,13.6,2.133,16.07,7.5,10.5,11,12.83,14,13
"2022-10-29 09:00:00",552,"Site 1",39.10236,-96.60097,335,13.57,2.1,16,7.833,10.5,10.83,12.5,14,13.33
"2022-10-29 10:00:00",553,"Site 1",39.10236,-96.60097,335,13.5,2.1,16,8.33,10.5,10.5,12.5,13.67,13.17
"2022-10-29 11:00:00",554,"Site 1",39.10236,-96.60097,335,13.6,2.1,16,9,10.5,10.5,12.5,13.67,13
"2022-10-29 12:00:00",555,"Site 1",39.10236,-96.60097,335,13.73,2.1,16,9.83,10.83,10.5,12.5,13.5,13
"2022-10-29 13:00:00",556,"Site 1",39.10236,-96.60097,335,13.9,2.133,16.03,11,11.17,10.5,12.5,13.5,13
"2022-10-29 14:00:00",557,"Site 1",39.10236,-96.60097,335,14.07,2.2,16.1,12.17,11.67,10.5,12.5,13.5,13
"2022-10-29 15:00:00",558,"Site 1",39.10236,-96.60097,335,14.2,2.3,16.13,12.67,12.17,10.83,12.5,13.5,13
"2022-10-29 16:00:00",559,"Site 1",39.10236,-96.60097,335,14.3,2.333,16.2,13,12.5,11,12.5,13.5,13
"2022-10-29 17:00:00",560,"Site 1",39.10236,-96.60097,335,14.3,2.4,16.2,12.5,13,11.33,12.5,13.5,13
"2022-10-29 18:00:00",561,"Site 1",39.10236,-96.60097,335,14.3,2.4,16.2,12,13,11.5,12.5,13.5,13
"2022-10-29 19:00:00",562,"Site 1",39.10236,-96.60097,335,14.3,2.433,16.2,11.33,13,11.5,12.5,13.5,13
"2022-10-29 20:00:00",563,"Site 1",39.10236,-96.60097,335,14.2,2.433,16.2,10.67,12.83,11.5,12.5,13.5,13
"2022-10-29 21:00:00",564,"Site 1",39.10236,-96.60097,335,14.13,2.4,16.2,10.17,12.5,11.5,12.5,13.5,13
"2022-10-29 22:00:00",565,"Site 1",39.10236,-96.60097,335,14.07,2.4,16.2,10,12.33,11.5,12.5,13.5,13
"2022-10-29 23:00:00",566,"Site 1",39.10236,-96.60097,335,14,2.4,16.2,9.5,12,11.5,12.5,13.5,13
"2022-10-30 00:00:00",567,"Site 1",39.10236,-96.60097,335,13.93,2.367,16.17,9.5,12,11.5,12.5,13.5,13.17
"2022-10-30 01:00:00",568,"Site 1",39.10236,-96.60097,335,13.9,2.3,16.1,9.5,12,11.5,12.5,13.5,13
"2022-10-30 02:00:00",569,"Site 1",39.10236,-96.60097,335,13.83,2.3,16.1,9.33,11.67,11.5,12.5,13.5,13
"2022-10-30 03:00:00",570,"Site 1",39.10236,-96.60097,335,13.8,2.3,16.1,9,11.5,11.17,12.5,13.5,13
"2022-10-30 04:00:00",571,"Site 1",39.10236,-96.60097,335,13.8,2.3,16.1,9,11.5,11,12.5,13.5,13
"2022-10-30 05:00:00",572,"Site 1",39.10236,-96.60097,335,13.77,2.3,16.1,9.33,11.5,11,12.5,13.5,13
"2022-10-30 06:00:00",573,"Site 1",39.10236,-96.60097,335,13.7,2.2,16.1,9.17,11.5,11,12.5,13.5,13
"2022-10-30 07:00:00",574,"Site 1",39.10236,-96.60097,335,13.7,2.2,16.1,9.17,11.5,11,12.5,13.5,13
"2022-10-30 08:00:00",575,"Site 1",39.10236,-96.60097,335,13.7,2.2,16.03,9.17,11.5,11,12.5,13.5,13
"2022-10-30 09:00:00",576,"Site 1",39.10236,-96.60097,335,13.7,2.2,16,9.17,11.17,11,12.5,13.5,13
"2022-10-30 10:00:00",577,"Site 1",39.10236,-96.60097,335,13.77,2.2,16,9.83,11.5,11,12.5,13.5,13
"2022-10-30 11:00:00",578,"Site 1",39.10236,-96.60097,335,13.83,2.2,16.07,10.33,11.5,11,12.5,13.5,13
"2022-10-30 12:00:00",579,"Site 1",39.10236,-96.60097,335,13.97,2.267,16.1,11.5,11.83,11,12.5,13.5,13
"2022-10-30 13:00:00",580,"Site 1",39.10236,-96.60097,335,14.13,2.3,16.1,12.33,12.17,11,12.5,13.5,13
"2022-10-30 14:00:00",581,"Site 1",39.10236,-96.60097,335,14.2,2.367,16.2,12.5,12.5,11,12.5,13.5,13
"2022-10-30 15:00:00",582,"Site 1",39.10236,-96.60097,335,14.3,2.4,16.2,12.83,13,11.5,12.5,13.5,13
"2022-10-30 16:00:00",583,"Site 1",39.10236,-96.60097,335,14.3,2.5,16.2,13,13,11.5,12.5,13.5,13
"2022-10-30 17:00:00",584,"Site 1",39.10236,-96.60097,335,14.4,2.5,16.23,12.83,13.33,11.5,12.5,13.5,13
"2022-10-30 18:00:00",585,"Site 1",39.10236,-96.60097,335,14.37,2.567,16.3,12.5,13.5,11.83,12.5,13.5,13
"2022-10-30 19:00:00",586,"Site 1",39.10236,-96.60097,335,14.3,2.6,16.3,12.17,13.5,12,12.5,13.5,13
"2022-10-30 20:00:00",587,"Site 1",39.10236,-96.60097,335,14.3,2.6,16.3,11.83,13.33,12,12.5,13.5,13
"2022-10-30 21:00:00",588,"Site 1",39.10236,-96.60097,335,14.23,2.6,16.3,11.5,13,12,12.5,13.5,13
"2022-10-30 22:00:00",589,"Site 1",39.10236,-96.60097,335,14.2,2.6,16.3,11.5,13,12,12.5,13.5,13
"2022-10-30 23:00:00",590,"Site 1",39.10236,-96.60097,335,14.2,2.6,16.3,11,13,12,12.67,13.5,13
"2022-10-31 00:00:00",591,"Site 1",39.10236,-96.60097,335,14.1,2.533,16.3,11,13,12,12.5,13.5,13
"2022-10-31 01:00:00",592,"Site 1",39.10236,-96.60097,335,14.1,2.5,16.3,10.83,12.67,12,12.83,13.5,13
"2022-10-31 02:00:00",593,"Site 1",39.10236,-96.60097,335,14.03,2.5,16.3,10.5,12.5,12,13,13.5,13
"2022-10-31 03:00:00",594,"Site 1",39.10236,-96.60097,335,14,2.5,16.2,10.5,12.5,12,13,13.5,13
"2022-10-31 04:00:00",595,"Site 1",39.10236,-96.60097,335,14,2.5,16.2,10.5,12.5,12,13,13.5,13
"2022-10-31 05:00:00",596,"Site 1",39.10236,-96.60097,335,14,2.5,16.2,10.33,12.5,11.83,13,13.5,13
"2022-10-31 06:00:00",597,"Site 1",39.10236,-96.60097,335,13.97,2.5,16.2,10,12.5,11.5,12.83,13.5,13
"2022-10-31 07:00:00",598,"Site 1",39.10236,-96.60097,335,13.9,2.433,16.2,9.5,12,11.5,12.67,13.5,13
"2022-10-31 08:00:00",599,"Site 1",39.10236,-96.60097,335,13.83,2.4,16.2,9,12,11.5,12.83,13.5,13
"2022-10-31 09:00:00",600,"Site 1",39.10236,-96.60097,335,13.8,2.4,16.2,9.17,11.67,11.5,12.5,13.5,13
"2022-10-31 10:00:00",601,"Site 1",39.10236,-96.60097,335,13.77,2.4,16.13,9.67,11.5,11.5,12.5,13.5,13
"2022-10-31 11:00:00",602,"Site 1",39.10236,-96.60097,335,13.8,2.367,16.1,10.17,11.5,11.5,12.5,13.5,13
"2022-10-31 12:00:00",603,"Site 1",39.10236,-96.60097,335,13.93,2.4,16.13,11,11.83,11.5,12.5,13.5,13
"2022-10-31 13:00:00",604,"Site 1",39.10236,-96.60097,335,14.03,2.4,16.2,12.17,12.17,11.5,12.5,13.5,13
"2022-10-31 14:00:00",605,"Site 1",39.10236,-96.60097,335,14.17,2.467,16.2,12.83,12.5,11.5,12.5,13.5,13
"2022-10-31 15:00:00",606,"Site 1",39.10236,-96.60097,335,14.3,2.5,16.27,13.5,13,11.5,12.5,13.5,13
"2022-10-31 16:00:00",607,"Site 1",39.10236,-96.60097,335,14.4,2.6,16.3,13.5,13.5,11.67,12.5,13.5,13
"2022-10-31 17:00:00",608,"Site 1",39.10236,-96.60097,335,14.4,2.6,16.3,13.5,13.5,12,12.5,13.5,13
"2022-10-31 18:00:00",609,"Site 1",39.10236,-96.60097,335,14.4,2.667,16.4,12.83,13.5,12,12.5,13.5,13
"2022-10-31 19:00:00",610,"Site 1",39.10236,-96.60097,335,14.33,2.7,16.4,12,13.5,12,12.67,13.5,13
"2022-10-31 20:00:00",611,"Site 1",39.10236,-96.60097,335,14.27,2.633,16.33,11.33,13.33,12,12.67,13.5,13
"2022-10-31 21:00:00",612,"Site 1",39.10236,-96.60097,335,14.17,2.6,16.3,10.67,13,12,13,13.5,13
"2022-10-31 22:00:00",613,"Site 1",39.10236,-96.60097,335,14.07,2.6,16.3,10.33,12.67,12,13,13.5,13
"2022-10-31 23:00:00",614,"Site 1",39.10236,-96.60097,335,14,2.6,16.3,10,12.5,12,13,13.5,13
"2022-11-01 00:00:00",615,"Site 1",39.10236,-96.60097,335,13.9,2.5,16.2,10,12.5,12,13,13.5,13
"2022-11-01 01:00:00",616,"Site 1",39.10236,-96.60097,335,13.83,2.5,16.2,9.83,12.17,12,13,13.5,13
"2022-11-01 02:00:00",617,"Site 1",39.10236,-96.60097,335,13.8,2.5,16.2,9.5,12,11.67,13,13.5,13
"2022-11-01 03:00:00",618,"Site 1",39.10236,-96.60097,335,13.73,2.433,16.2,9.5,12,11.5,13,13.5,13
"2022-11-01 04:00:00",619,"Site 1",39.10236,-96.60097,335,13.7,2.4,16.2,9.5,12,11.5,13,13.5,13
"2022-11-01 05:00:00",620,"Site 1",39.10236,-96.60097,335,13.7,2.4,16.2,9.5,12,11.5,12.67,13.5,13
"2022-11-01 06:00:00",621,"Site 1",39.10236,-96.60097,335,13.7,2.4,16.2,9.5,11.83,11.5,12.5,13.5,13
"2022-11-01 07:00:00",622,"Site 1",39.10236,-96.60097,335,13.7,2.4,16.2,9.5,11.5,11.5,12.5,13.5,13
"2022-11-01 08:00:00",623,"Site 1",39.10236,-96.60097,335,13.63,2.4,16.1,9.5,11.5,11.5,12.5,13.5,13
"2022-11-01 09:00:00",624,"Site 1",39.10236,-96.60097,335,13.67,2.4,16.1,9.83,11.5,11.17,12.5,13.5,13
"2022-11-01 10:00:00",625,"Site 1",39.10236,-96.60097,335,13.73,2.4,16.13,10.33,11.83,11,12.5,13.5,13
"2022-11-01 11:00:00",626,"Site 1",39.10236,-96.60097,335,13.83,2.4,16.17,11.17,12,11,12.5,13.5,13
"2022-11-01 12:00:00",627,"Site 1",39.10236,-96.60097,335,13.97,2.4,16.2,12.33,12.17,11.33,12.5,13.5,13
"2022-11-01 13:00:00",628,"Site 1",39.10236,-96.60097,335,14.13,2.467,16.2,13.33,12.67,11.5,12.5,13.5,13
"2022-11-01 14:00:00",629,"Site 1",39.10236,-96.60097,335,14.27,2.533,16.3,14.17,13.17,11.5,12.5,13.5,13
"2022-11-01 15:00:00",630,"Site 1",39.10236,-96.60097,335,14.43,2.6,16.33,14.67,13.5,11.67,12.5,13.5,13
"2022-11-01 16:00:00",631,"Site 1",39.10236,-96.60097,335,14.5,2.7,16.4,15,14,12,12.5,13.5,13
"2022-11-01 17:00:00",632,"Site 1",39.10236,-96.60097,335,14.6,2.767,16.4,14.5,14.33,12.17,12.5,13.5,13
"2022-11-01 18:00:00",633,"Site 1",39.10236,-96.60097,335,14.5,2.8,16.43,14.17,14.5,12.5,12.67,13.5,13
"2022-11-01 19:00:00",634,"Site 1",39.10236,-96.60097,335,14.5,2.8,16.5,13.67,14.5,12.5,13,13.5,13
"2022-11-01 20:00:00",635,"Site 1",39.10236,-96.60097,335,14.43,2.8,16.5,13.33,14.33,12.5,13,13.5,13
"2022-11-01 21:00:00",636,"Site 1",39.10236,-96.60097,335,14.4,2.833,16.5,13,14,12.67,13,13.5,13
"2022-11-01 22:00:00",637,"Site 1",39.10236,-96.60097,335,14.3,2.8,16.5,12.67,14,12.67,13,13.5,13
"2022-11-01 23:00:00",638,"Site 1",39.10236,-96.60097,335,14.3,2.8,16.5,12.5,14,13,13,13.5,13
"2022-11-02 00:00:00",639,"Site 1",39.10236,-96.60097,335,14.2,2.8,16.5,12.33,14,12.67,13,13.5,13
"2022-11-02 01:00:00",640,"Site 1",39.10236,-96.60097,335,14.2,2.8,16.5,12,13.5,12.67,13,13.5,13
"2022-11-02 02:00:00",641,"Site 1",39.10236,-96.60097,335,14.13,2.8,16.43,12,13.5,12.5,13,13.5,13
"2022-11-02 03:00:00",642,"Site 1",39.10236,-96.60097,335,14.1,2.8,16.43,12,13.5,12.5,13,13.5,13
"2022-11-02 04:00:00",643,"Site 1",39.10236,-96.60097,335,14.1,2.8,16.4,11.5,13.5,12.5,13,14,13
"2022-11-02 05:00:00",644,"Site 1",39.10236,-96.60097,335,14,2.8,16.4,11.5,13.33,12.5,13,14,13
"2022-11-02 06:00:00",645,"Site 1",39.10236,-96.60097,335,14,2.7,16.4,11.5,13,12.5,13,14,13
"2022-11-02 07:00:00",646,"Site 1",39.10236,-96.60097,335,14,2.7,16.4,11.5,13,12.5,13,14,13
"2022-11-02 08:00:00",647,"Site 1",39.10236,-96.60097,335,14,2.7,16.4,11.5,13,12.5,13,14,13
"2022-11-02 09:00:00",648,"Site 1",39.10236,-96.60097,335,14,2.7,16.4,11.67,13,12.5,13,14,13
"2022-11-02 10:00:00",649,"Site 1",39.10236,-96.60097,335,14.07,2.7,16.4,12.17,13,12.5,13,14,13
"2022-11-02 11:00:00",650,"Site 1",39.10236,-96.60097,335,14.13,2.7,16.4,12.83,13.33,12.5,13,14,13
"2022-11-02 12:00:00",651,"Site 1",39.10236,-96.60097,335,14.23,2.8,16.5,13.33,13.5,12.5,13,14,13
"2022-11-02 13:00:00",652,"Site 1",39.10236,-96.60097,335,14.37,2.8,16.5,14.33,13.83,12.5,13,14,13
"2022-11-02 14:00:00",653,"Site 1",39.10236,-96.60097,335,14.53,2.867,16.53,15,14.17,12.5,13,14,13
"2022-11-02 15:00:00",654,"Site 1",39.10236,-96.60097,335,14.63,2.933,16.6,15.5,14.67,12.67,13,14,13
"2022-11-02 16:00:00",655,"Site 1",39.10236,-96.60097,335,14.7,3,16.6,15.5,15,13,13.17,14,13
"2022-11-02 17:00:00",656,"Site 1",39.10236,-96.60097,335,14.7,3.067,16.6,15.5,15,13,13.33,14,13
"2022-11-02 18:00:00",657,"Site 1",39.10236,-96.60097,335,14.7,3.1,16.6,15,15,13.33,13.5,14,13
"2022-11-02 19:00:00",658,"Site 1",39.10236,-96.60097,335,14.7,3.1,16.6,14.67,15,13.5,13.5,14,13
"2022-11-02 20:00:00",659,"Site 1",39.10236,-96.60097,335,14.63,3.1,16.6,14.5,15,13.5,13.5,14,13.33
"2022-11-02 21:00:00",660,"Site 1",39.10236,-96.60097,335,14.6,3.1,16.6,14,15,13.33,13.5,14,13.33
"2022-11-02 22:00:00",661,"Site 1",39.10236,-96.60097,335,14.57,3.1,16.6,14,15,13.5,13.5,14,13.5
"2022-11-02 23:00:00",662,"Site 1",39.10236,-96.60097,335,14.5,3.1,16.6,13.67,15,13.5,13.5,14,13.5
"2022-11-03 00:00:00",663,"Site 1",39.10236,-96.60097,335,14.47,3.1,16.6,13.5,14.67,13.5,13.5,14,13.5
"2022-11-03 01:00:00",664,"Site 1",39.10236,-96.60097,335,14.4,3.1,16.6,13.5,14.5,13.33,13.83,14,13.5
"2022-11-03 02:00:00",665,"Site 1",39.10236,-96.60097,335,14.4,3.1,16.6,13.33,14.5,13.5,14,14,13.5
"2022-11-03 03:00:00",666,"Site 1",39.10236,-96.60097,335,14.4,3.1,16.6,13,14.5,13.33,14,14,13.5
"2022-11-03 04:00:00",667,"Site 1",39.10236,-96.60097,335,14.4,3.1,16.6,13,14.5,13.5,14,14,13.5
"2022-11-03 05:00:00",668,"Site 1",39.10236,-96.60097,335,14.33,3.1,16.6,13,14.5,13.5,14,14.17,13.5
"2022-11-03 06:00:00",669,"Site 1",39.10236,-96.60097,335,14.3,3.1,16.6,13,14.5,13.5,14,14.17,13.5
"2022-11-03 07:00:00",670,"Site 1",39.10236,-96.60097,335,14.3,3.1,16.6,13,14.5,13.33,14,14.33,13.5
"2022-11-03 08:00:00",671,"Site 1",39.10236,-96.60097,335,14.3,3.1,16.6,13.33,14.5,13.5,14,14.5,13.5
"2022-11-03 09:00:00",672,"Site 1",39.10236,-96.60097,335,14.4,3.1,16.6,13.5,14.5,13.5,14,14.5,13.5
"2022-11-03 10:00:00",673,"Site 1",39.10236,-96.60097,335,14.4,3.1,16.6,13.83,14.5,13.5,14,14.5,13.5
"2022-11-03 11:00:00",674,"Site 1",39.10236,-96.60097,335,14.5,3.1,16.67,14.33,14.5,13.5,14,14.5,13.5
"2022-11-03 12:00:00",675,"Site 1",39.10236,-96.60097,335,14.6,3.1,16.7,15,14.83,13.5,14,14.5,13.5
