"TOA5","CR300-10553","CR300","10553","CR300-CELL205.Std.10.04","CPU:Testbed_code_site_2.CR300","14107","Table_GroPoint"
"TIMESTAMP","RECORD","station","latitude","longitude","altitude","GroPoint_VWC_0_15_Avg","GroPoint_VWC_15_30_Avg","GroPoint_VWC_30_45_Avg","GroPoint_Temp_3_Avg","GroPoint_Temp_10_Avg","GroPoint_Temp_20_Avg","GroPoint_Temp_30_Avg","GroPoint_Temp_40_Avg","GroPoint_Temp_45_Avg"
"TS","RN","name","decdegrees","decdegrees","m","%","%","%","Deg c","Deg c","Deg c","Deg c","Deg c","Deg c"
"","","Smp","Smp","Smp","Smp","Avg","Avg","Avg","Avg","Avg","Avg","Avg","Avg","Avg"
"2022-10-13 11:00:00",0,"Site 2",39.10245,-96.59987,335,34.4,32.9,38.3,13.5,13.5,15.5,16,17.5,18
"2022-10-13 12:00:00",1,"Site 2",39.10245,-96.59987,335,34.4,32.9,38.2,13.83,13.5,15.5,16,17.33,18
"2022-10-13 13:00:00",2,"Site 2",39.10245,-96.59987,335,34.4,32.87,38.2,14.17,14,15.5,15.67,17.33,18
"2022-10-13 14:00:00",3,"Site 2",39.10245,-96.59987,335,34.4,32.8,38.2,14.67,14,15.5,15.5,17.5,18
"2022-10-13 15:00:00",4,"Site 2",39.10245,-96.59987,335,34.4,32.8,38.2,15,14,15.5,15.5,17.5,18
"2022-10-13 16:00:00",5,"Site 2",39.10245,-96.59987,335,34.4,32.8,38.2,15,14.33,15.5,15.5,17.5,18
"2022-10-13 17:00:00",6,"Site 2",39.10245,-96.59987,335,34.27,32.8,38.2,15.17,14.5,15.5,15.5,17.5,18
"2022-10-13 18:00:00",7,"Site 2",39.10245,-96.59987,335,34.17,32.8,38.2,15,14.5,15.5,15.5,17.5,17.5
"2022-10-13 19:00:00",8,"Site 2",39.10245,-96.59987,335,34.1,32.8,38.13,15,14.5,15.5,15.5,17.5,17.5
"2022-10-13 20:00:00",9,"Site 2",39.10245,-96.59987,335,34.03,32.8,38.1,14.5,14.5,15.5,15.5,17.17,17.5
"2022-10-13 21:00:00",10,"Site 2",39.10245,-96.59987,335,34,32.7,38.1,14,14.5,15.5,15.5,17,17.5
"2022-10-13 22:00:00",11,"Site 2",39.10245,-96.59987,335,33.93,32.7,38.1,13.5,14,15.5,15.5,17,17.5
"2022-10-13 23:00:00",12,"Site 2",39.10245,-96.59987,335,33.8,32.67,38.07,13.17,14,15.5,15.5,17,17.5
"2022-10-14 00:00:00",13,"Site 2",39.10245,-96.59987,335,33.73,32.6,38,13,13.67,15.5,15.5,16.83,17.5
"2022-10-14 01:00:00",14,"Site 2",39.10245,-96.59987,335,33.7,32.53,38,12.5,13.5,15.33,15.5,17,17.5
"2022-10-14 02:00:00",15,"Site 2",39.10245,-96.59987,335,33.63,32.5,38,12.33,13.5,15,15.5,17,17.5
"2022-10-14 03:00:00",16,"Site 2",39.10245,-96.59987,335,33.53,32.4,37.9,12,13,15,15,17,17.5
"2022-10-14 04:00:00",17,"Site 2",39.10245,-96.59987,335,33.5,32.37,37.9,11.83,13,15,15,17,17.5
"2022-10-14 05:00:00",18,"Site 2",39.10245,-96.59987,335,33.43,32.3,37.9,11.5,12.83,14.67,15,17,17.5
"2022-10-14 06:00:00",19,"Site 2",39.10245,-96.59987,335,33.4,32.2,37.83,11.33,12.5,14.5,15,17,17.5
"2022-10-14 07:00:00",20,"Site 2",39.10245,-96.59987,335,33.3,32.17,37.8,11,12.5,14.5,15,17,17.5
"2022-10-14 08:00:00",21,"Site 2",39.10245,-96.59987,335,33.3,32.1,37.8,11,12.33,14.33,15,17,17.5
"2022-10-14 09:00:00",22,"Site 2",39.10245,-96.59987,335,33.3,32.03,37.8,11.17,12,14,15,17,17.5
"2022-10-14 10:00:00",23,"Site 2",39.10245,-96.59987,335,33.3,32,37.77,11.5,12,14,14.5,16.83,17.17
"2022-10-14 11:00:00",24,"Site 2",39.10245,-96.59987,335,33.3,32,37.7,12,11.67,14,14.5,16.5,17
"2022-10-14 12:00:00",25,"Site 2",39.10245,-96.59987,335,33.3,31.93,37.7,12.5,12.17,14,14.5,16.5,17
"2022-10-14 13:00:00",26,"Site 2",39.10245,-96.59987,335,33.3,31.9,37.7,13.17,12.5,14,14.5,16.5,17
"2022-10-14 14:00:00",27,"Site 2",39.10245,-96.59987,335,33.4,31.9,37.7,13.83,12.67,14,14.5,16.5,17
"2022-10-14 15:00:00",28,"Site 2",39.10245,-96.59987,335,33.57,31.97,37.7,14.67,13,14,14.5,16.5,17
"2022-10-14 16:00:00",29,"Site 2",39.10245,-96.59987,335,33.57,32,37.7,15,13.5,14,14.5,16.5,17
"2022-10-14 17:00:00",30,"Site 2",39.10245,-96.59987,335,33.6,32,37.7,15.5,13.67,14,14.5,16.5,17
"2022-10-14 18:00:00",31,"Site 2",39.10245,-96.59987,335,33.67,32.07,37.7,15.5,14,14.5,14.5,16.5,17
"2022-10-14 19:00:00",32,"Site 2",39.10245,-96.59987,335,33.7,32.1,37.7,15.5,14,14.5,14.5,16.5,17
"2022-10-14 20:00:00",33,"Site 2",39.10245,-96.59987,335,33.7,32.1,37.7,15.5,14.33,14.5,14.5,16.5,17
"2022-10-14 21:00:00",34,"Site 2",39.10245,-96.59987,335,33.7,32.13,37.7,15,14.33,14.5,14.5,16.33,16.83
"2022-10-14 22:00:00",35,"Site 2",39.10245,-96.59987,335,33.7,32.2,37.7,15,14.33,15,14.5,16.33,16.83
"2022-10-14 23:00:00",36,"Site 2",39.10245,-96.59987,335,33.6,32.2,37.7,14.5,14,15,14.5,16.33,16.67
"2022-10-15 00:00:00",37,"Site 2",39.10245,-96.59987,335,33.6,32.1,37.7,14,14,15,14.5,16.33,16.5
"2022-10-15 01:00:00",38,"Site 2",39.10245,-96.59987,335,33.53,32.1,37.7,14,14,15,14.5,16.33,16.67
"2022-10-15 02:00:00",39,"Site 2",39.10245,-96.59987,335,33.5,32.1,37.7,13.5,13.83,15,14.5,16.5,16.5
"2022-10-15 03:00:00",40,"Site 2",39.10245,-96.59987,335,33.47,32.1,37.7,13.17,13.5,14.83,14.5,16.33,16.5
"2022-10-15 04:00:00",41,"Site 2",39.10245,-96.59987,335,33.4,32,37.67,12.83,13.5,14.5,14.5,16.33,16.67
"2022-10-15 05:00:00",42,"Site 2",39.10245,-96.59987,335,33.3,32,37.6,12.5,13.17,14.5,14.5,16.33,16.5
"2022-10-15 06:00:00",43,"Site 2",39.10245,-96.59987,335,33.3,31.93,37.6,12.17,13,14.5,14.5,16.17,16.5
"2022-10-15 07:00:00",44,"Site 2",39.10245,-96.59987,335,33.2,31.9,37.6,12,12.83,14.5,14.5,16.17,16.5
"2022-10-15 08:00:00",45,"Site 2",39.10245,-96.59987,335,33.07,31.83,37.6,11.5,12.5,14.33,14.5,16.17,16.5
"2022-10-15 09:00:00",46,"Site 2",39.10245,-96.59987,335,33,31.8,37.6,11.5,12.5,14,14.5,16,16.5
"2022-10-15 10:00:00",47,"Site 2",39.10245,-96.59987,335,32.97,31.7,37.5,11.5,12.5,14,14.5,16,16.5
"2022-10-15 11:00:00",48,"Site 2",39.10245,-96.59987,335,32.93,31.7,37.5,12,12,14,14.5,16,16.5
"2022-10-15 12:00:00",49,"Site 2",39.10245,-96.59987,335,32.97,31.7,37.5,12.67,12.5,13.83,14,16,16.5
"2022-10-15 13:00:00",50,"Site 2",39.10245,-96.59987,335,33.03,31.7,37.5,13.33,12.5,13.5,14,16,16.5
"2022-10-15 14:00:00",51,"Site 2",39.10245,-96.59987,335,33.07,31.7,37.5,14.17,12.83,13.83,14,16,16.5
"2022-10-15 15:00:00",52,"Site 2",39.10245,-96.59987,335,33.23,31.7,37.5,14.67,13,14,14,16,16.5
"2022-10-15 16:00:00",53,"Site 2",39.10245,-96.59987,335,33.3,31.77,37.5,15,13.5,14,14,16,16.5
"2022-10-15 17:00:00",54,"Site 2",39.10245,-96.59987,335,33.3,31.8,37.6,15.5,13.5,14,14,16,16.5
"2022-10-15 18:00:00",55,"Site 2",39.10245,-96.59987,335,33.37,31.8,37.6,15.5,14,14,14,16,16.5
"2022-10-15 19:00:00",56,"Site 2",39.10245,-96.59987,335,33.4,31.87,37.6,15.5,14,14.5,14,16,16.5
"2022-10-15 20:00:00",57,"Site 2",39.10245,-96.59987,335,33.4,31.9,37.6,15.17,14,14.5,14,16,16.5
"2022-10-15 21:00:00",58,"Site 2",39.10245,-96.59987,335,33.3,31.9,37.6,14.83,14,14.5,14,16,16.5
"2022-10-15 22:00:00",59,"Site 2",39.10245,-96.59987,335,33.3,31.9,37.6,14.5,14,14.5,14,16,16.5
"2022-10-15 23:00:00",60,"Site 2",39.10245,-96.59987,335,33.3,31.9,37.6,14.33,14,14.5,14,16,16.5
"2022-10-16 00:00:00",61,"Site 2",39.10245,-96.59987,335,33.3,31.9,37.6,14,14,14.5,14,16,16.5
"2022-10-16 01:00:00",62,"Site 2",39.10245,-96.59987,335,33.3,31.9,37.53,13.67,13.83,14.5,14.17,16,16.5
"2022-10-16 02:00:00",63,"Site 2",39.10245,-96.59987,335,33.2,31.9,37.5,13.5,13.5,14.5,14.17,16,16.5
"2022-10-16 03:00:00",64,"Site 2",39.10245,-96.59987,335,33.2,31.83,37.5,13,13.5,14.5,14.33,16,16.5
"2022-10-16 04:00:00",65,"Site 2",39.10245,-96.59987,335,33.13,31.8,37.5,13,13.33,14.5,14.5,16,16.33
"2022-10-16 05:00:00",66,"Site 2",39.10245,-96.59987,335,33.1,31.8,37.5,12.5,13,14.5,14.17,16,16.5
"2022-10-16 06:00:00",67,"Site 2",39.10245,-96.59987,335,33.03,31.77,37.5,12.5,13,14.5,14.17,16,16.33
"2022-10-16 07:00:00",68,"Site 2",39.10245,-96.59987,335,33,31.7,37.5,12,13,14,14,16,16.5
"2022-10-16 08:00:00",69,"Site 2",39.10245,-96.59987,335,32.93,31.7,37.5,11.83,12.5,14,14,16,16.5
"2022-10-16 09:00:00",70,"Site 2",39.10245,-96.59987,335,32.9,31.6,37.5,11.5,12.5,14,14,16,16.33
"2022-10-16 10:00:00",71,"Site 2",39.10245,-96.59987,335,32.83,31.6,37.5,11.67,12.5,14,14,16,16.33
"2022-10-16 11:00:00",72,"Site 2",39.10245,-96.59987,335,32.87,31.6,37.5,12.33,12.33,13.67,14,16,16.33
"2022-10-16 12:00:00",73,"Site 2",39.10245,-96.59987,335,32.9,31.5,37.5,12.83,12.5,13.5,14,16,16.17
"2022-10-16 13:00:00",74,"Site 2",39.10245,-96.59987,335,33,31.57,37.5,13.67,12.5,13.5,14,16,16
"2022-10-16 14:00:00",75,"Site 2",39.10245,-96.59987,335,33.07,31.6,37.5,14.33,13,13.5,14,16,16
"2022-10-16 15:00:00",76,"Site 2",39.10245,-96.59987,335,33.13,31.6,37.5,15,13,13.5,14,15.83,16
"2022-10-16 16:00:00",77,"Site 2",39.10245,-96.59987,335,33.2,31.63,37.5,15.5,13.5,14,14,15.5,16
"2022-10-16 17:00:00",78,"Site 2",39.10245,-96.59987,335,33.2,31.7,37.5,15.33,13.67,14,14,15.5,16
"2022-10-16 18:00:00",79,"Site 2",39.10245,-96.59987,335,33.2,31.7,37.5,15,14,14,14,15.5,16
"2022-10-16 19:00:00",80,"Site 2",39.10245,-96.59987,335,33.2,31.77,37.5,14.83,14,14.17,14,15.5,16
"2022-10-16 20:00:00",81,"Site 2",39.10245,-96.59987,335,33.17,31.8,37.5,14.5,14,14.33,14,15.5,16
"2022-10-16 21:00:00",82,"Site 2",39.10245,-96.59987,335,33.1,31.8,37.5,14,14,14.5,14,15.5,16
"2022-10-16 22:00:00",83,"Site 2",39.10245,-96.59987,335,33.03,31.8,37.5,13.67,13.5,14.5,14,15.5,16
"2022-10-16 23:00:00",84,"Site 2",39.10245,-96.59987,335,33,31.77,37.5,13.33,13.5,14.5,14,15.5,16
"2022-10-17 00:00:00",85,"Site 2",39.10245,-96.59987,335,32.9,31.7,37.5,13,13.5,14.5,14,15.5,16
"2022-10-17 01:00:00",86,"Site 2",39.10245,-96.59987,335,32.87,31.7,37.5,12.5,13,14.33,14,15.5,16
"2022-10-17 02:00:00",87,"Site 2",39.10245,-96.59987,335,32.8,31.67,37.5,12.17,13,14,14,15.5,16
"2022-10-17 03:00:00",88,"Site 2",39.10245,-96.59987,335,32.73,31.6,37.5,11.83,12.67,14,14,15.5,16
"2022-10-17 04:00:00",89,"Site 2",39.10245,-96.59987,335,32.63,31.6,37.5,11.5,12.5,14,14,15.5,16
"2022-10-17 05:00:00",90,"Site 2",39.10245,-96.59987,335,32.57,31.5,37.43,11,12.17,14,14,15.5,16
"2022-10-17 06:00:00",91,"Site 2",39.10245,-96.59987,335,32.5,31.47,37.4,10.67,12,13.5,14,15.5,16
"2022-10-17 07:00:00",92,"Site 2",39.10245,-96.59987,335,32.4,31.4,37.4,10.33,11.67,13.5,14,15.5,16
"2022-10-17 08:00:00",93,"Site 2",39.10245,-96.59987,335,32.33,31.37,37.37,10,11.5,13.5,14,15.5,16
"2022-10-17 09:00:00",94,"Site 2",39.10245,-96.59987,335,32.3,31.3,37.3,9.67,11.33,13.17,13.5,15.5,16
"2022-10-17 10:00:00",95,"Site 2",39.10245,-96.59987,335,32.2,31.23,37.3,9.67,10.67,13,13.5,15.5,16
"2022-10-17 11:00:00",96,"Site 2",39.10245,-96.59987,335,32.2,31.2,37.3,10,11,13,13.5,15.5,16
"2022-10-17 12:00:00",97,"Site 2",39.10245,-96.59987,335,32.2,31.17,37.3,10.5,11,12.67,13.5,15.5,16
"2022-10-17 13:00:00",98,"Site 2",39.10245,-96.59987,335,32.23,31.1,37.3,10.67,11,12.5,13.5,15.5,16
"2022-10-17 14:00:00",99,"Site 2",39.10245,-96.59987,335,32.3,31.1,37.23,11.33,11,12.5,13.5,15.5,16
"2022-10-17 15:00:00",100,"Site 2",39.10245,-96.59987,335,32.3,31.1,37.2,11.83,11,12.5,13.33,15.5,16
"2022-10-17 16:00:00",101,"Site 2",39.10245,-96.59987,335,32.4,31.1,37.2,12,11.5,12.5,13,15.5,15.5
"2022-10-17 17:00:00",102,"Site 2",39.10245,-96.59987,335,32.4,31.1,37.2,12,11.5,12.5,13,15.5,15.5
"2022-10-17 18:00:00",103,"Site 2",39.10245,-96.59987,335,32.4,31.1,37.2,12,11.5,12.5,13,15,15.5
"2022-10-17 19:00:00",104,"Site 2",39.10245,-96.59987,335,32.37,31.1,37.2,11.67,11.17,12.5,13,15,15.5
"2022-10-17 20:00:00",105,"Site 2",39.10245,-96.59987,335,32.3,31.1,37.2,11.33,11.5,12.5,13,15,15.5
"2022-10-17 21:00:00",106,"Site 2",39.10245,-96.59987,335,32.27,31.1,37.17,10.83,11.5,12.5,13,15,15.5
"2022-10-17 22:00:00",107,"Site 2",39.10245,-96.59987,335,32.2,31.1,37.1,10.5,11.5,12.5,13,15,15.5
"2022-10-17 23:00:00",108,"Site 2",39.10245,-96.59987,335,32.13,31.03,37.1,10,10.83,12.5,13,15,15.5
"2022-10-18 00:00:00",109,"Site 2",39.10245,-96.59987,335,32.1,31,37.1,9.67,10.67,12.5,13,15,15.5
"2022-10-18 01:00:00",110,"Site 2",39.10245,-96.59987,335,32,31,37.1,9.5,10.33,12.5,13,15,15.5
"2022-10-18 02:00:00",111,"Site 2",39.10245,-96.59987,335,32,30.9,37.03,9.33,9.83,12.5,13,15,15.5
"2022-10-18 03:00:00",112,"Site 2",39.10245,-96.59987,335,31.9,30.9,37,9,9.83,12,13,15,15.5
"2022-10-18 04:00:00",113,"Site 2",39.10245,-96.59987,335,31.87,30.8,37,8.83,9.33,12,13,15,15.5
"2022-10-18 05:00:00",114,"Site 2",39.10245,-96.59987,335,31.8,30.8,37,8.5,9,12,13,15,15.5
"2022-10-18 06:00:00",115,"Site 2",39.10245,-96.59987,335,31.73,30.73,36.97,8.17,9,12,12.67,15,15.5
"2022-10-18 07:00:00",116,"Site 2",39.10245,-96.59987,335,31.7,30.7,36.9,8,8.67,11.5,12.5,14.83,15.33
"2022-10-18 08:00:00",117,"Site 2",39.10245,-96.59987,335,31.6,30.6,36.9,7.5,8.5,11.67,12.5,14.83,15.17
"2022-10-18 09:00:00",118,"Site 2",39.10245,-96.59987,335,31.6,30.6,36.83,7.333,8.5,11.83,12.5,14.5,15
"2022-10-18 10:00:00",119,"Site 2",39.10245,-96.59987,335,31.5,30.5,36.8,7.333,8,11.5,12.5,14.5,15
"2022-10-18 11:00:00",120,"Site 2",39.10245,-96.59987,335,31.5,30.47,36.8,7.667,8,11.33,12.5,14.5,15
"2022-10-18 12:00:00",121,"Site 2",39.10245,-96.59987,335,31.5,30.4,36.8,8,8,11.17,12.17,14.5,15
"2022-10-18 13:00:00",122,"Site 2",39.10245,-96.59987,335,31.53,30.4,36.8,8.33,8,11.33,12,14.5,15
"2022-10-18 14:00:00",123,"Site 2",39.10245,-96.59987,335,31.6,30.4,36.77,9.17,8.17,11,12,14.5,15
"2022-10-18 15:00:00",124,"Site 2",39.10245,-96.59987,335,31.67,30.4,36.73,9.67,8.5,11.17,12,14.5,15
"2022-10-18 16:00:00",125,"Site 2",39.10245,-96.59987,335,31.7,30.4,36.73,10,8.5,11.17,12,14.5,15
"2022-10-18 17:00:00",126,"Site 2",39.10245,-96.59987,335,31.73,30.4,36.7,10,9,11.5,12,14.17,15
"2022-10-18 18:00:00",127,"Site 2",39.10245,-96.59987,335,31.77,30.47,36.7,10,9,11.33,12,14,14.83
"2022-10-18 19:00:00",128,"Site 2",39.10245,-96.59987,335,31.7,30.5,36.7,9.67,9,11.33,12,14,14.83
"2022-10-18 20:00:00",129,"Site 2",39.10245,-96.59987,335,31.7,30.5,36.7,9.17,9.33,11.17,12,14,14.67
"2022-10-18 21:00:00",130,"Site 2",39.10245,-96.59987,335,31.67,30.43,36.7,8.83,9,11.33,12,14,14.5
"2022-10-18 22:00:00",131,"Site 2",39.10245,-96.59987,335,31.6,30.4,36.63,8.33,8.67,11.17,12,14,14.5
"2022-10-18 23:00:00",132,"Site 2",39.10245,-96.59987,335,31.53,30.4,36.6,8,8.5,11.33,12,14,14.5
"2022-10-19 00:00:00",133,"Site 2",39.10245,-96.59987,335,31.5,30.37,36.6,7.5,8.33,11.33,12,14,14.5
"2022-10-19 01:00:00",134,"Site 2",39.10245,-96.59987,335,31.4,30.3,36.6,7.333,8.17,11.17,11.83,14,14.5
"2022-10-19 02:00:00",135,"Site 2",39.10245,-96.59987,335,31.37,30.27,36.5,7,8,11,11.5,14,14.5
"2022-10-19 03:00:00",136,"Site 2",39.10245,-96.59987,335,31.3,30.2,36.5,6.667,7.667,11,11.5,14,14.5
"2022-10-19 04:00:00",137,"Site 2",39.10245,-96.59987,335,31.23,30.17,36.5,6.5,7.5,11,11.5,14,14.5
"2022-10-19 05:00:00",138,"Site 2",39.10245,-96.59987,335,31.2,30.1,36.47,6.167,7.333,10.67,11.5,14,14.5
"2022-10-19 06:00:00",139,"Site 2",39.10245,-96.59987,335,31.1,30.03,36.4,6,7,10.5,11.5,14,14.5
"2022-10-19 07:00:00",140,"Site 2",39.10245,-96.59987,335,31.1,30,36.4,5.667,7,10.5,11.5,13.67,14.5
"2022-10-19 08:00:00",141,"Site 2",39.10245,-96.59987,335,31,29.9,36.37,5.5,6.833,10.33,11.5,13.67,14.5
"2022-10-19 09:00:00",142,"Site 2",39.10245,-96.59987,335,31,29.9,36.3,5.5,6.5,10,11.5,13.5,14.33
"2022-10-19 10:00:00",143,"Site 2",39.10245,-96.59987,335,31,29.83,36.3,5.667,6.5,10,11,13.5,14.17
"2022-10-19 11:00:00",144,"Site 2",39.10245,-96.59987,335,31,29.8,36.3,6.333,6.5,10,11,13.5,14
"2022-10-19 12:00:00",145,"Site 2",39.10245,-96.59987,335,31.03,29.8,36.3,7,6.5,9.83,11,13.5,14
"2022-10-19 13:00:00",146,"Site 2",39.10245,-96.59987,335,31.13,29.8,36.3,7.833,6.833,9.83,11,13.5,14
"2022-10-19 14:00:00",147,"Site 2",39.10245,-96.59987,335,31.23,29.8,36.3,8.83,7.167,9.67,11,13.5,14
"2022-10-19 15:00:00",148,"Site 2",39.10245,-96.59987,335,31.37,29.87,36.3,9.83,7.5,10,11,13.5,14
"2022-10-19 16:00:00",149,"Site 2",39.10245,-96.59987,335,31.47,29.93,36.3,10.5,8,10,11,13.5,14
"2022-10-19 17:00:00",150,"Site 2",39.10245,-96.59987,335,31.57,30,36.3,10.83,8.5,10,11,13.17,14
"2022-10-19 18:00:00",151,"Site 2",39.10245,-96.59987,335,31.6,30.03,36.3,11,9,10.5,10.67,13,14
"2022-10-19 19:00:00",152,"Site 2",39.10245,-96.59987,335,31.6,30.1,36.3,10.83,9,10.5,11,13,13.83
"2022-10-19 20:00:00",153,"Site 2",39.10245,-96.59987,335,31.6,30.1,36.3,10.33,9,10.67,11,13,13.67
"2022-10-19 21:00:00",154,"Site 2",39.10245,-96.59987,335,31.6,30.2,36.3,10,9,11,11,13,13.5
"2022-10-19 22:00:00",155,"Site 2",39.10245,-96.59987,335,31.6,30.2,36.3,9.5,9.33,11,11,13,13.5
"2022-10-19 23:00:00",156,"Site 2",39.10245,-96.59987,335,31.57,30.2,36.3,9.5,9,11,11,13,13.5
"2022-10-20 00:00:00",157,"Site 2",39.10245,-96.59987,335,31.5,30.2,36.3,9,8.83,11,11,13,13.5
"2022-10-20 01:00:00",158,"Site 2",39.10245,-96.59987,335,31.5,30.2,36.3,8.83,8.5,11,11,13,13.5
"2022-10-20 02:00:00",159,"Site 2",39.10245,-96.59987,335,31.4,30.13,36.3,8.5,8.5,11,11,13,13.5
"2022-10-20 03:00:00",160,"Site 2",39.10245,-96.59987,335,31.4,30.1,36.3,8.5,8.5,11,11,13,13.5
"2022-10-20 04:00:00",161,"Site 2",39.10245,-96.59987,335,31.33,30.1,36.3,8,8.17,11,11,13,13.5
"2022-10-20 05:00:00",162,"Site 2",39.10245,-96.59987,335,31.3,30.1,36.3,8,8,10.5,11,13,13.5
"2022-10-20 06:00:00",163,"Site 2",39.10245,-96.59987,335,31.3,30.03,36.27,8,8,10.5,11,13,13.5
"2022-10-20 07:00:00",164,"Site 2",39.10245,-96.59987,335,31.2,30,36.2,7.5,8,10.5,11,13,13.5
"2022-10-20 08:00:00",165,"Site 2",39.10245,-96.59987,335,31.2,30,36.2,7.5,7.833,10.5,11,13,13.5
"2022-10-20 09:00:00",166,"Site 2",39.10245,-96.59987,335,31.2,30,36.2,7.5,7.5,10.5,11,13,13.5
"2022-10-20 10:00:00",167,"Site 2",39.10245,-96.59987,335,31.2,30,36.2,7.667,7.5,10.5,11,13,13.5
"2022-10-20 11:00:00",168,"Site 2",39.10245,-96.59987,335,31.2,29.93,36.2,8.33,7.5,10.5,11,13,13.5
"2022-10-20 12:00:00",169,"Site 2",39.10245,-96.59987,335,31.3,30,36.2,9.17,7.833,10.33,11,13,13.5
"2022-10-20 13:00:00",170,"Site 2",39.10245,-96.59987,335,31.37,30,36.2,10,8,10.5,11,13,13.5
"2022-10-20 14:00:00",171,"Site 2",39.10245,-96.59987,335,31.53,30,36.27,11.17,8.5,10.5,10.67,13,13.5
"2022-10-20 15:00:00",172,"Site 2",39.10245,-96.59987,335,31.67,30.1,36.3,12.17,8.83,10.5,10.67,13,13.5
"2022-10-20 16:00:00",173,"Site 2",39.10245,-96.59987,335,31.77,30.17,36.3,12.83,10,10.5,10.67,13,13.5
"2022-10-20 17:00:00",174,"Site 2",39.10245,-96.59987,335,31.9,30.27,36.3,13.17,10.17,11,11,13,13.5
"2022-10-20 18:00:00",175,"Site 2",39.10245,-96.59987,335,31.97,30.33,36.4,13.5,11.17,11,11,13,13.5
"2022-10-20 19:00:00",176,"Site 2",39.10245,-96.59987,335,32,30.4,36.4,13,11.17,11.33,11,13,13.5
"2022-10-20 20:00:00",177,"Site 2",39.10245,-96.59987,335,32,30.47,36.4,12.67,11.5,11.17,11,13,13.5
"2022-10-20 21:00:00",178,"Site 2",39.10245,-96.59987,335,31.97,30.5,36.4,12.33,11.5,11.83,11,13,13.5
"2022-10-20 22:00:00",179,"Site 2",39.10245,-96.59987,335,31.9,30.5,36.4,12,11.5,11.83,11,13,13.5
"2022-10-20 23:00:00",180,"Site 2",39.10245,-96.59987,335,31.9,30.57,36.4,11.5,10.83,11.67,11,13,13.5
"2022-10-21 00:00:00",181,"Site 2",39.10245,-96.59987,335,31.8,30.6,36.4,11.17,11.33,11.83,11.5,13,13.5
"2022-10-21 01:00:00",182,"Site 2",39.10245,-96.59987,335,31.8,30.57,36.4,11,10.67,11.67,11.5,13,13.5
"2022-10-21 02:00:00",183,"Site 2",39.10245,-96.59987,335,31.77,30.5,36.4,11,10.67,11.83,11.5,13,13.5
"2022-10-21 03:00:00",184,"Site 2",39.10245,-96.59987,335,31.7,30.5,36.4,11,11,11.5,11.5,13,13.5
"2022-10-21 04:00:00",185,"Site 2",39.10245,-96.59987,335,31.7,30.5,36.4,11,10.33,11.5,11.5,13,13.5
"2022-10-21 05:00:00",186,"Site 2",39.10245,-96.59987,335,31.7,30.5,36.4,11,10.33,11.5,11.5,13,13.5
"2022-10-21 06:00:00",187,"Site 2",39.10245,-96.59987,335,31.7,30.5,36.4,11,10.67,11.5,11.5,13,13.5
"2022-10-21 07:00:00",188,"Site 2",39.10245,-96.59987,335,31.7,30.5,36.4,10.83,9.67,11.5,11.5,13,13.5
"2022-10-21 08:00:00",189,"Site 2",39.10245,-96.59987,335,31.6,30.5,36.4,10.5,9.83,11.5,11.5,13,13.5
"2022-10-21 09:00:00",190,"Site 2",39.10245,-96.59987,335,31.6,30.5,36.4,10.5,9.83,11.83,11.5,13,13.5
"2022-10-21 10:00:00",191,"Site 2",39.10245,-96.59987,335,31.6,30.5,36.47,11,9.83,11.5,11.5,13,13.5
"2022-10-21 11:00:00",192,"Site 2",39.10245,-96.59987,335,31.7,30.5,36.5,11.5,10.33,11.5,11.5,13,13.5
"2022-10-21 12:00:00",193,"Site 2",39.10245,-96.59987,335,31.73,30.5,36.5,12.17,10.33,11.67,11.5,13,13.5
"2022-10-21 13:00:00",194,"Site 2",39.10245,-96.59987,335,31.83,30.6,36.5,13,10.5,11.5,11.5,13,13.5
"2022-10-21 14:00:00",195,"Site 2",39.10245,-96.59987,335,31.97,30.63,36.5,13.83,11.5,11.67,11.5,13,13.5
"2022-10-21 15:00:00",196,"Site 2",39.10245,-96.59987,335,32.1,30.7,36.6,14.83,12,11.5,11.5,13,13.5
"2022-10-21 16:00:00",197,"Site 2",39.10245,-96.59987,335,32.2,30.8,36.6,15.33,12.5,11.83,11.5,13,13.5
"2022-10-21 17:00:00",198,"Site 2",39.10245,-96.59987,335,32.3,30.87,36.63,15.5,12.83,12,11.5,13,13.5
"2022-10-21 18:00:00",199,"Site 2",39.10245,-96.59987,335,32.33,30.93,36.7,15.5,13,12.33,11.5,13.17,13.5
"2022-10-21 19:00:00",200,"Site 2",39.10245,-96.59987,335,32.4,31,36.7,15.5,13.5,12.5,11.5,13,13.5
"2022-10-21 20:00:00",201,"Site 2",39.10245,-96.59987,335,32.4,31.1,36.7,15,13.5,12.67,12,13.33,13.5
"2022-10-21 21:00:00",202,"Site 2",39.10245,-96.59987,335,32.3,31.1,36.7,15,13.5,13,12,13.5,13.5
"2022-10-21 22:00:00",203,"Site 2",39.10245,-96.59987,335,32.3,31.2,36.73,14.67,13.5,13,12,13.5,13.5
"2022-10-21 23:00:00",204,"Site 2",39.10245,-96.59987,335,32.3,31.2,36.8,14.5,13.5,13,12,13.5,13.5
"2022-10-22 00:00:00",205,"Site 2",39.10245,-96.59987,335,32.3,31.2,36.8,14.5,13.5,13,12,13.5,13.83
"2022-10-22 01:00:00",206,"Site 2",39.10245,-96.59987,335,32.23,31.2,36.8,14.5,13.5,13,12,13.5,13.67
"2022-10-22 02:00:00",207,"Site 2",39.10245,-96.59987,335,32.2,31.2,36.8,14,13.5,13,12.33,13.5,14
"2022-10-22 03:00:00",208,"Site 2",39.10245,-96.59987,335,32.2,31.2,36.8,14,13,13.17,12.5,13.5,14
"2022-10-22 04:00:00",209,"Site 2",39.10245,-96.59987,335,32.17,31.2,36.8,14,13,13.17,12.5,13.5,14
"2022-10-22 05:00:00",210,"Site 2",39.10245,-96.59987,335,32.1,31.2,36.87,14,13,13.17,12.5,13.5,14
"2022-10-22 06:00:00",211,"Site 2",39.10245,-96.59987,335,32.1,31.2,36.9,13.5,13,13.17,12.5,13.5,14
"2022-10-22 07:00:00",212,"Site 2",39.10245,-96.59987,335,32.1,31.2,36.9,13.5,13,13,12.5,13.67,14
"2022-10-22 08:00:00",213,"Site 2",39.10245,-96.59987,335,32.1,31.2,36.9,13.5,13,13,12.5,13.67,14
"2022-10-22 09:00:00",214,"Site 2",39.10245,-96.59987,335,32,31.2,36.9,13.5,13,13,12.5,14,14
"2022-10-22 10:00:00",215,"Site 2",39.10245,-96.59987,335,32,31.2,36.9,13.5,13,13,12.5,14,14
"2022-10-22 11:00:00",216,"Site 2",39.10245,-96.59987,335,32.07,31.23,36.9,14,13,13,12.5,14,14
"2022-10-22 12:00:00",217,"Site 2",39.10245,-96.59987,335,32.1,31.3,36.9,14.5,13,13,12.5,14,14
"2022-10-22 13:00:00",218,"Site 2",39.10245,-96.59987,335,32.2,31.3,36.97,15.33,13.17,13,12.5,14,14
"2022-10-22 14:00:00",219,"Site 2",39.10245,-96.59987,335,32.3,31.37,37,16.17,13.5,13.33,12.5,14,14
"2022-10-22 15:00:00",220,"Site 2",39.10245,-96.59987,335,32.4,31.4,37,16.83,13.83,13.5,12.5,14,14.17
"2022-10-22 16:00:00",221,"Site 2",39.10245,-96.59987,335,32.5,31.5,37.07,17.17,14.33,13.5,12.5,14,14.17
"2022-10-22 17:00:00",222,"Site 2",39.10245,-96.59987,335,32.57,31.57,37.1,17.5,14.5,13.83,12.67,14,14.5
"2022-10-22 18:00:00",223,"Site 2",39.10245,-96.59987,335,32.6,31.6,37.1,17.5,14.83,14,12.83,14,14.33
"2022-10-22 19:00:00",224,"Site 2",39.10245,-96.59987,335,32.6,31.7,37.1,17,15,14,13,14,14.5
"2022-10-22 20:00:00",225,"Site 2",39.10245,-96.59987,335,32.6,31.7,37.17,16.83,15,14.5,13,14,14.5
"2022-10-22 21:00:00",226,"Site 2",39.10245,-96.59987,335,32.57,31.8,37.2,16.5,15,14.5,13,14,14.5
"2022-10-22 22:00:00",227,"Site 2",39.10245,-96.59987,335,32.5,31.8,37.2,16.5,15,14.5,13,14,14.5
"2022-10-22 23:00:00",228,"Site 2",39.10245,-96.59987,335,32.5,31.8,37.2,16.33,15,14.5,13,14,14.5
"2022-10-23 00:00:00",229,"Site 2",39.10245,-96.59987,335,32.5,31.8,37.2,16.5,15,14.5,13.33,14.5,14.5
"2022-10-23 01:00:00",230,"Site 2",39.10245,-96.59987,335,32.5,31.83,37.3,16.5,15,14.5,13.5,14.5,14.5
"2022-10-23 02:00:00",231,"Site 2",39.10245,-96.59987,335,32.5,31.9,37.3,16.5,15,14.5,13.5,14.5,14.5
"2022-10-23 03:00:00",232,"Site 2",39.10245,-96.59987,335,32.5,31.9,37.3,16.33,15,15,13.5,14.5,14.5
"2022-10-23 04:00:00",233,"Site 2",39.10245,-96.59987,335,32.5,31.9,37.3,16.5,15,15,13.5,14.5,14.5
"2022-10-23 05:00:00",234,"Site 2",39.10245,-96.59987,335,32.5,31.9,37.3,16.17,15,15,13.5,14.5,14.5
"2022-10-23 06:00:00",235,"Site 2",39.10245,-96.59987,335,32.5,31.9,37.3,16.17,15,15,13.5,14.5,14.83
"2022-10-23 07:00:00",236,"Site 2",39.10245,-96.59987,335,32.4,31.9,37.4,16,15,15,13.5,14.5,14.83
"2022-10-23 08:00:00",237,"Site 2",39.10245,-96.59987,335,32.4,31.97,37.4,16,15,15,13.5,14.5,15
"2022-10-23 09:00:00",238,"Site 2",39.10245,-96.59987,335,32.4,32,37.4,16,15,15,13.5,14.5,15
"2022-10-23 10:00:00",239,"Site 2",39.10245,-96.59987,335,32.4,32,37.4,16.5,15,15,13.5,14.5,15
"2022-10-23 11:00:00",240,"Site 2",39.10245,-96.59987,335,32.47,32,37.4,16.67,15,15,13.83,14.5,15
"2022-10-23 12:00:00",241,"Site 2",39.10245,-96.59987,335,32.53,32,37.5,17.33,15,15,14,15,15
"2022-10-23 13:00:00",242,"Site 2",39.10245,-96.59987,335,32.6,32.07,37.5,17.83,15.5,15,13.83,15,15
"2022-10-23 14:00:00",243,"Site 2",39.10245,-96.59987,335,32.7,32.1,37.5,18.17,15.5,15,14,15,15
"2022-10-23 15:00:00",244,"Site 2",39.10245,-96.59987,335,32.73,32.2,37.5,18.5,16,15.5,14,15,15
"2022-10-23 16:00:00",245,"Site 2",39.10245,-96.59987,335,32.8,32.2,37.5,18.5,16,15.5,14,14.83,15
"2022-10-23 17:00:00",246,"Site 2",39.10245,-96.59987,335,32.83,32.3,37.5,18.83,16.5,15.5,14,15,15
"2022-10-23 18:00:00",247,"Site 2",39.10245,-96.59987,335,32.9,32.37,37.53,18.83,16.5,15.83,14,15,15
"2022-10-23 19:00:00",248,"Site 2",39.10245,-96.59987,335,32.9,32.4,37.6,18.67,16.5,16,14,15,15
"2022-10-23 20:00:00",249,"Site 2",39.10245,-96.59987,335,32.9,32.43,37.6,18.67,17,16,14.17,15,15.17
"2022-10-23 21:00:00",250,"Site 2",39.10245,-96.59987,335,32.87,32.5,37.6,18.5,16.67,16,14.5,15,15.17
"2022-10-23 22:00:00",251,"Site 2",39.10245,-96.59987,335,32.8,32.5,37.6,18.33,16.83,16.33,14.5,15,15.17
"2022-10-23 23:00:00",252,"Site 2",39.10245,-96.59987,335,32.8,32.5,37.63,18.5,16.67,16.5,14.5,15,15.5
"2022-10-24 00:00:00",253,"Site 2",39.10245,-96.59987,335,32.8,32.57,37.7,18.5,16.5,16.5,14.5,15,15.5
"2022-10-24 01:00:00",254,"Site 2",39.10245,-96.59987,335,32.8,32.6,37.7,18.5,16.5,16.5,14.5,15.5,15.5
"2022-10-24 02:00:00",255,"Site 2",39.10245,-96.59987,335,32.8,32.6,37.7,18,16.5,16.5,14.5,15.5,15.5
"2022-10-24 03:00:00",256,"Site 2",39.10245,-96.59987,335,32.8,32.6,37.77,18.17,16.5,16.5,14.5,15.5,15.5
"2022-10-24 04:00:00",257,"Site 2",39.10245,-96.59987,335,32.8,32.6,37.8,18.5,16.5,16.5,14.5,15.5,15.5
"2022-10-24 05:00:00",258,"Site 2",39.10245,-96.59987,335,32.77,32.6,37.8,18.33,16.5,16.5,15,15.5,15.5
"2022-10-24 06:00:00",259,"Site 2",39.10245,-96.59987,335,32.7,32.6,37.8,17.83,16.5,16.5,15,15.5,15.5
"2022-10-24 07:00:00",260,"Site 2",39.10245,-96.59987,335,32.67,32.6,37.8,17.83,16.5,16.5,15,15.5,15.5
"2022-10-24 08:00:00",261,"Site 2",39.10245,-96.59987,335,32.6,32.6,37.8,17.5,16.5,16.5,15,15.5,15.83
"2022-10-24 09:00:00",262,"Site 2",39.10245,-96.59987,335,32.57,32.6,37.8,17,16.33,16.5,15,15.5,15.5
"2022-10-24 10:00:00",263,"Site 2",39.10245,-96.59987,335,32.5,32.6,37.8,16.83,16,16.5,15,15.5,15.83
"2022-10-24 11:00:00",264,"Site 2",39.10245,-96.59987,335,32.47,32.6,37.8,16.5,16,16.5,15,15.5,16
"2022-10-24 12:00:00",265,"Site 2",39.10245,-96.59987,335,32.47,32.6,37.8,16.17,15.83,16.5,15,15.67,16
"2022-10-24 13:00:00",266,"Site 2",39.10245,-96.59987,335,32.8,32.57,37.8,16,15.5,16.17,15,15.5,16
"2022-10-24 14:00:00",267,"Site 2",39.10245,-96.59987,335,33.37,32.5,37.8,16,15.5,16,15,15.67,16
"2022-10-24 15:00:00",268,"Site 2",39.10245,-96.59987,335,33.63,32.5,37.8,16,15.5,16,15,16,16
"2022-10-24 16:00:00",269,"Site 2",39.10245,-96.59987,335,33.7,32.5,37.8,16,15,16,15,16,16
"2022-10-24 17:00:00",270,"Site 2",39.10245,-96.59987,335,33.8,32.47,37.8,16,15,16,15,15.83,16
"2022-10-24 18:00:00",271,"Site 2",39.10245,-96.59987,335,33.8,32.4,37.8,15.83,15,16,15,16,16
"2022-10-24 19:00:00",272,"Site 2",39.10245,-96.59987,335,33.8,32.4,37.8,15.5,15,15.83,15,16,16
"2022-10-24 20:00:00",273,"Site 2",39.10245,-96.59987,335,33.7,32.4,37.8,15.17,15,15.5,15,16,16
"2022-10-24 21:00:00",274,"Site 2",39.10245,-96.59987,335,33.67,32.37,37.7,14.67,14.67,15.5,14.83,16,16
"2022-10-24 22:00:00",275,"Site 2",39.10245,-96.59987,335,33.6,32.3,37.7,14.33,14.5,15.5,14.5,16,16
"2022-10-24 23:00:00",276,"Site 2",39.10245,-96.59987,335,33.53,32.3,37.7,14,14.33,15.5,14.5,15.67,16
"2022-10-25 00:00:00",277,"Site 2",39.10245,-96.59987,335,33.5,32.2,37.7,13.5,14,15.33,14.5,15.83,16
"2022-10-25 01:00:00",278,"Site 2",39.10245,-96.59987,335,33.4,32.2,37.7,13.17,13.83,15,14.5,15.83,16
"2022-10-25 02:00:00",279,"Site 2",39.10245,-96.59987,335,33.33,32.1,37.6,13,13.5,15,14.5,15.67,16
"2022-10-25 03:00:00",280,"Site 2",39.10245,-96.59987,335,33.3,32.1,37.6,12.83,13.5,14.83,14.5,15.5,16
"2022-10-25 04:00:00",281,"Site 2",39.10245,-96.59987,335,33.3,32,37.6,12.5,13,14.5,14.5,15.5,16
"2022-10-25 05:00:00",282,"Site 2",39.10245,-96.59987,335,33.3,32,37.6,12.33,13,14.5,14.5,15.5,16
"2022-10-25 06:00:00",283,"Site 2",39.10245,-96.59987,335,33.27,31.9,37.53,12,13,14.5,14.33,15.5,16
"2022-10-25 07:00:00",284,"Site 2",39.10245,-96.59987,335,33.2,31.87,37.5,11.83,12.5,14.17,14,15.5,16
"2022-10-25 08:00:00",285,"Site 2",39.10245,-96.59987,335,33.17,31.8,37.5,11.5,12.5,14,14,15.5,16
"2022-10-25 09:00:00",286,"Site 2",39.10245,-96.59987,335,33.1,31.77,37.5,11.17,12.17,14,14,15.5,16
"2022-10-25 10:00:00",287,"Site 2",39.10245,-96.59987,335,33.1,31.7,37.5,11,12,13.67,14,15.5,16
"2022-10-25 11:00:00",288,"Site 2",39.10245,-96.59987,335,33.1,31.7,37.5,11.5,12,13.5,14,15.5,15.83
"2022-10-25 12:00:00",289,"Site 2",39.10245,-96.59987,335,33.1,31.6,37.5,11.67,12,13.5,13.83,15.5,15.83
"2022-10-25 13:00:00",290,"Site 2",39.10245,-96.59987,335,33.1,31.6,37.5,12.17,12,13.33,13.67,15.5,15.5
"2022-10-25 14:00:00",291,"Site 2",39.10245,-96.59987,335,33.2,31.6,37.5,12.67,12,13.5,13.5,15.5,15.5
"2022-10-25 15:00:00",292,"Site 2",39.10245,-96.59987,335,33.23,31.6,37.5,13.17,12.17,13.17,13.5,15,15.5
"2022-10-25 16:00:00",293,"Site 2",39.10245,-96.59987,335,33.3,31.6,37.5,13.5,12.5,13.33,13.5,15,15.5
"2022-10-25 17:00:00",294,"Site 2",39.10245,-96.59987,335,33.3,31.7,37.5,13.5,12.5,13.5,13.5,15,15.5
"2022-10-25 18:00:00",295,"Site 2",39.10245,-96.59987,335,33.3,31.7,37.5,13.5,12.83,13.5,13.5,15,15.5
"2022-10-25 19:00:00",296,"Site 2",39.10245,-96.59987,335,33.3,31.7,37.5,13.33,13,13.5,13.5,15,15.5
"2022-10-25 20:00:00",297,"Site 2",39.10245,-96.59987,335,33.3,31.7,37.5,13,13,13.5,13.5,15,15.5
"2022-10-25 21:00:00",298,"Site 2",39.10245,-96.59987,335,33.27,31.7,37.4,12.5,12.5,13.5,13.5,15,15.5
"2022-10-25 22:00:00",299,"Site 2",39.10245,-96.59987,335,33.2,31.7,37.4,12.17,12.5,13.5,13.5,15,15.5
"2022-10-25 23:00:00",300,"Site 2",39.10245,-96.59987,335,33.13,31.63,37.4,11.83,12.5,13.5,13.5,15,15.5
"2022-10-26 00:00:00",301,"Site 2",39.10245,-96.59987,335,33.1,31.6,37.4,11.5,12,13.5,13.5,15,15.5
"2022-10-26 01:00:00",302,"Site 2",39.10245,-96.59987,335,33,31.6,37.4,11.17,12,13.33,13.5,15,15.17
"2022-10-26 02:00:00",303,"Site 2",39.10245,-96.59987,335,32.97,31.53,37.3,10.83,11.83,13,13.17,15,15
"2022-10-26 03:00:00",304,"Site 2",39.10245,-96.59987,335,32.9,31.5,37.3,10.5,11.5,13,13.33,15,15
"2022-10-26 04:00:00",305,"Site 2",39.10245,-96.59987,335,32.83,31.43,37.3,10.33,11.5,13,13,15,15
"2022-10-26 05:00:00",306,"Site 2",39.10245,-96.59987,335,32.8,31.4,37.3,10,10.5,12.83,13,14.83,15
"2022-10-26 06:00:00",307,"Site 2",39.10245,-96.59987,335,32.73,31.37,37.23,9.83,11,12.5,13,14.67,15
"2022-10-26 07:00:00",308,"Site 2",39.10245,-96.59987,335,32.7,31.3,37.2,9.5,11,12.5,13,14.67,15
"2022-10-26 08:00:00",309,"Site 2",39.10245,-96.59987,335,32.63,31.27,37.2,9.5,10.5,12.5,13,14.5,15
"2022-10-26 09:00:00",310,"Site 2",39.10245,-96.59987,335,32.6,31.2,37.2,9.17,10.5,12,13,14.5,15
"2022-10-26 10:00:00",311,"Site 2",39.10245,-96.59987,335,32.6,31.2,37.1,9.5,10.17,12,12.83,14.5,15
"2022-10-26 11:00:00",312,"Site 2",39.10245,-96.59987,335,32.6,31.17,37.1,10,10.5,12,12.5,14.5,15
"2022-10-26 12:00:00",313,"Site 2",39.10245,-96.59987,335,32.7,31.1,37.1,10.67,9.5,12.17,12.5,14.5,15
"2022-10-26 13:00:00",314,"Site 2",39.10245,-96.59987,335,32.77,31.13,37.1,11.5,10.33,11.67,12.5,14.5,15
"2022-10-26 14:00:00",315,"Site 2",39.10245,-96.59987,335,32.87,31.2,37.1,12.17,10.67,12,12.5,14.5,15
"2022-10-26 15:00:00",316,"Site 2",39.10245,-96.59987,335,32.97,31.2,37.1,13,11.33,12,12.5,14.5,15
"2022-10-26 16:00:00",317,"Site 2",39.10245,-96.59987,335,33.07,31.27,37.2,13.33,11.67,12,12.5,14.5,14.83
"2022-10-26 17:00:00",318,"Site 2",39.10245,-96.59987,335,33.13,31.3,37.2,13.5,12,12,12.5,14.17,14.5
"2022-10-26 18:00:00",319,"Site 2",39.10245,-96.59987,335,33.2,31.37,37.2,13.5,12,12.17,12.5,14,14.5
"2022-10-26 19:00:00",320,"Site 2",39.10245,-96.59987,335,33.2,31.4,37.2,13.33,12.33,12.5,12.5,14,14.5
"2022-10-26 20:00:00",321,"Site 2",39.10245,-96.59987,335,33.2,31.4,37.2,13,12.5,12.5,12.5,14,14.5
"2022-10-26 21:00:00",322,"Site 2",39.10245,-96.59987,335,33.17,31.4,37.2,12.67,12.5,12.5,12.5,14,14.5
"2022-10-26 22:00:00",323,"Site 2",39.10245,-96.59987,335,33.1,31.4,37.2,12.5,12,12.5,12.5,14,14.5
"2022-10-26 23:00:00",324,"Site 2",39.10245,-96.59987,335,33.1,31.4,37.2,12.5,12,12.5,12.5,14,14.5
"2022-10-27 00:00:00",325,"Site 2",39.10245,-96.59987,335,33.07,31.4,37.2,12,12,12.5,12.5,14,14.5
"2022-10-27 01:00:00",326,"Site 2",39.10245,-96.59987,335,33,31.4,37.2,12,12,12.5,12.5,14,14.5
"2022-10-27 02:00:00",327,"Site 2",39.10245,-96.59987,335,33,31.4,37.17,11.83,12,12.5,12.5,14,14.5
"2022-10-27 03:00:00",328,"Site 2",39.10245,-96.59987,335,33,31.4,37.2,11.5,11.5,12.5,12.5,14,14.5
"2022-10-27 04:00:00",329,"Site 2",39.10245,-96.59987,335,32.9,31.4,37.1,11.5,11.5,12.5,12.5,14,14.5
"2022-10-27 05:00:00",330,"Site 2",39.10245,-96.59987,335,32.9,31.4,37.1,11.5,11.5,12.5,12.5,14,14.5
"2022-10-27 06:00:00",331,"Site 2",39.10245,-96.59987,335,32.9,31.4,37.1,11.17,11.5,12.5,12.5,14,14.5
"2022-10-27 07:00:00",332,"Site 2",39.10245,-96.59987,335,32.83,31.3,37.1,11,11.5,12.5,12.5,14,14.5
"2022-10-27 08:00:00",333,"Site 2",39.10245,-96.59987,335,32.8,31.3,37.1,11,11.33,12.17,12.5,14,14.5
"2022-10-27 09:00:00",334,"Site 2",39.10245,-96.59987,335,32.8,31.3,37.1,11,10.67,12,12.5,14,14.5
"2022-10-27 10:00:00",335,"Site 2",39.10245,-96.59987,335,32.8,31.3,37.1,11,11,12,12.5,14,14.5
"2022-10-27 11:00:00",336,"Site 2",39.10245,-96.59987,335,32.8,31.3,37.1,11.5,11,12,12.5,14,14.5
"2022-10-27 12:00:00",337,"Site 2",39.10245,-96.59987,335,32.9,31.3,37.1,12,11.33,12,12.5,14,14.5
"2022-10-27 13:00:00",338,"Site 2",39.10245,-96.59987,335,32.9,31.3,37.1,12.5,11.5,12,12.33,14,14.5
"2022-10-27 14:00:00",339,"Site 2",39.10245,-96.59987,335,33,31.3,37.1,13,11.5,12,12.17,14,14.5
"2022-10-27 15:00:00",340,"Site 2",39.10245,-96.59987,335,33.07,31.37,37.1,13.5,12,12,12.17,14,14.5
"2022-10-27 16:00:00",341,"Site 2",39.10245,-96.59987,335,33.1,31.4,37.1,13.5,12,12,12,14,14.5
"2022-10-27 17:00:00",342,"Site 2",39.10245,-96.59987,335,33.13,31.4,37.1,13.67,12,12.5,12,14,14.5
"2022-10-27 18:00:00",343,"Site 2",39.10245,-96.59987,335,33.2,31.47,37.1,13.67,12.5,12.5,12,14,14.5
"2022-10-27 19:00:00",344,"Site 2",39.10245,-96.59987,335,33.2,31.5,37.13,13.5,12.5,12.5,12,14,14.33
"2022-10-27 20:00:00",345,"Site 2",39.10245,-96.59987,335,33.2,31.5,37.2,13.5,12.5,12.5,12.5,14,14.5
"2022-10-27 21:00:00",346,"Site 2",39.10245,-96.59987,335,33.17,31.5,37.2,13.33,12.5,12.5,12.5,14,14.33
"2022-10-27 22:00:00",347,"Site 2",39.10245,-96.59987,335,33.1,31.5,37.2,13,12.5,12.5,12.5,14,14.33
"2022-10-27 23:00:00",348,"Site 2",39.10245,-96.59987,335,33.1,31.5,37.1,13,12.5,12.5,12.5,14,14.33
"2022-10-28 00:00:00",349,"Site 2",39.10245,-96.59987,335,33.17,31.53,37.17,13,12.5,12.67,12.5,14,14.17
"2022-10-28 01:00:00",350,"Site 2",39.10245,-96.59987,335,33.3,31.6,37.2,13,12.5,12.83,12.5,14,14.5
"2022-10-28 02:00:00",351,"Site 2",39.10245,-96.59987,335,33.3,31.6,37.2,13,12.5,12.5,12.5,14,14.17
"2022-10-28 03:00:00",352,"Site 2",39.10245,-96.59987,335,33.3,31.6,37.2,12.5,12.33,12.5,12.5,14,14.33
"2022-10-28 04:00:00",353,"Site 2",39.10245,-96.59987,335,33.3,31.6,37.2,12.5,12,12.5,12.5,14,14.33
"2022-10-28 05:00:00",354,"Site 2",39.10245,-96.59987,335,33.3,31.53,37.2,12.5,12,12.5,12.5,14,14.5
"2022-10-28 06:00:00",355,"Site 2",39.10245,-96.59987,335,33.3,31.5,37.17,12.33,12,12.5,12.5,14,14.33
"2022-10-28 07:00:00",356,"Site 2",39.10245,-96.59987,335,33.3,31.5,37.1,11.83,11.67,12.5,12.5,14,14.5
"2022-10-28 08:00:00",357,"Site 2",39.10245,-96.59987,335,33.3,31.5,37.1,11.5,12,12.5,12.5,14,14.33
"2022-10-28 09:00:00",358,"Site 2",39.10245,-96.59987,335,33.3,31.5,37.1,11.5,11.67,12.5,12.5,14,14.33
"2022-10-28 10:00:00",359,"Site 2",39.10245,-96.59987,335,33.3,31.5,37.1,11.5,11.17,12.5,12.5,14,14.5
"2022-10-28 11:00:00",360,"Site 2",39.10245,-96.59987,335,33.3,31.43,37.1,11.67,11.5,12.5,12.5,14,14.5
"2022-10-28 12:00:00",361,"Site 2",39.10245,-96.59987,335,33.3,31.4,37.1,12,11.5,12.5,12.5,14,14.33
"2022-10-28 13:00:00",362,"Site 2",39.10245,-96.59987,335,33.3,31.5,37.17,12.67,11.5,12.5,12.5,14,14.5
"2022-10-28 14:00:00",363,"Site 2",39.10245,-96.59987,335,33.37,31.5,37.2,13.33,11.83,12.5,12.33,14,14.17
"2022-10-28 15:00:00",364,"Site 2",39.10245,-96.59987,335,33.47,31.5,37.2,14.17,12.17,12.5,12.5,14,14.17
"2022-10-28 16:00:00",365,"Site 2",39.10245,-96.59987,335,33.53,31.6,37.2,14.5,12.5,12.5,12.17,14,14
"2022-10-28 17:00:00",366,"Site 2",39.10245,-96.59987,335,33.6,31.6,37.2,14.5,12.83,12.5,12.33,14,14
"2022-10-28 18:00:00",367,"Site 2",39.10245,-96.59987,335,33.6,31.7,37.27,14.5,13,12.5,12.33,14,14.17
"2022-10-28 19:00:00",368,"Site 2",39.10245,-96.59987,335,33.6,31.7,37.2,14.33,13,13,12.5,14,14.17
"2022-10-28 20:00:00",369,"Site 2",39.10245,-96.59987,335,33.6,31.7,37.2,13.83,13,13,12.5,14,14
"2022-10-28 21:00:00",370,"Site 2",39.10245,-96.59987,335,33.57,31.7,37.2,13.33,13,13,12.5,14,14
"2022-10-28 22:00:00",371,"Site 2",39.10245,-96.59987,335,33.5,31.7,37.2,13,12.83,13,12.5,14,14
"2022-10-28 23:00:00",372,"Site 2",39.10245,-96.59987,335,33.47,31.7,37.2,12.5,12.5,13,12.5,14,14
"2022-10-29 00:00:00",373,"Site 2",39.10245,-96.59987,335,33.4,31.7,37.2,12.17,12.5,13,12.5,14,14
"2022-10-29 01:00:00",374,"Site 2",39.10245,-96.59987,335,33.3,31.7,37.2,12,12.17,13,12.5,14,14.17
"2022-10-29 02:00:00",375,"Site 2",39.10245,-96.59987,335,33.3,31.63,37.2,11.5,12,13,12.5,14,14.33
"2022-10-29 03:00:00",376,"Site 2",39.10245,-96.59987,335,33.3,31.6,37.2,11.5,12,13,12.5,14,14.17
"2022-10-29 04:00:00",377,"Site 2",39.10245,-96.59987,335,33.23,31.6,37.2,11,11.5,12.5,12.5,14,14.33
"2022-10-29 05:00:00",378,"Site 2",39.10245,-96.59987,335,33.2,31.53,37.2,10.83,11.5,12.5,12.5,14,14.17
"2022-10-29 06:00:00",379,"Site 2",39.10245,-96.59987,335,33.1,31.5,37.2,10.5,11.33,12.5,12.5,14,14.33
"2022-10-29 07:00:00",380,"Site 2",39.10245,-96.59987,335,33.1,31.47,37.13,10.17,10.33,12.5,12.5,14,14
"2022-10-29 08:00:00",381,"Site 2",39.10245,-96.59987,335,33,31.4,37.1,10,10.67,12,12.5,14,14.17
"2022-10-29 09:00:00",382,"Site 2",39.10245,-96.59987,335,33,31.4,37.1,9.83,10.33,12,12.5,14,14
"2022-10-29 10:00:00",383,"Site 2",39.10245,-96.59987,335,33,31.33,37.1,10,10.17,12,12.5,14,14
"2022-10-29 11:00:00",384,"Site 2",39.10245,-96.59987,335,33,31.3,37.1,10.17,10.17,12,12,14,14
"2022-10-29 12:00:00",385,"Site 2",39.10245,-96.59987,335,33,31.3,37.1,10.83,9.83,11.5,12,14,14
"2022-10-29 13:00:00",386,"Site 2",39.10245,-96.59987,335,33.1,31.3,37.1,11.67,10.17,11.5,12,14,14
"2022-10-29 14:00:00",387,"Site 2",39.10245,-96.59987,335,33.23,31.3,37.1,12.83,10.33,11.5,12,13.83,14
"2022-10-29 15:00:00",388,"Site 2",39.10245,-96.59987,335,33.3,31.4,37.1,13.5,11.5,12,12,13.5,14
"2022-10-29 16:00:00",389,"Site 2",39.10245,-96.59987,335,33.33,31.4,37.17,13.83,11.5,12.17,12,13.5,14
"2022-10-29 17:00:00",390,"Site 2",39.10245,-96.59987,335,33.4,31.5,37.2,14,12,12,12,13.5,14
"2022-10-29 18:00:00",391,"Site 2",39.10245,-96.59987,335,33.4,31.5,37.2,14,12.5,12,12,13.5,14
"2022-10-29 19:00:00",392,"Site 2",39.10245,-96.59987,335,33.4,31.6,37.2,13.5,12.5,12.33,12,13.5,14
"2022-10-29 20:00:00",393,"Site 2",39.10245,-96.59987,335,33.4,31.6,37.2,13,12.5,12.5,12,13.5,14
"2022-10-29 21:00:00",394,"Site 2",39.10245,-96.59987,335,33.37,31.6,37.2,12.5,12.5,12.5,12,13.5,14
"2022-10-29 22:00:00",395,"Site 2",39.10245,-96.59987,335,33.3,31.6,37.2,12.33,12.17,12.5,12,13.5,14
"2022-10-29 23:00:00",396,"Site 2",39.10245,-96.59987,335,33.3,31.6,37.2,12,12,12.5,12,13.5,14
"2022-10-30 00:00:00",397,"Site 2",39.10245,-96.59987,335,33.3,31.6,37.2,12,12,12.5,12,13.5,14
"2022-10-30 01:00:00",398,"Site 2",39.10245,-96.59987,335,33.3,31.6,37.2,12,12,12.5,12,13.5,14
"2022-10-30 02:00:00",399,"Site 2",39.10245,-96.59987,335,33.3,31.53,37.13,11.67,11.5,12.5,12,13.5,14
"2022-10-30 03:00:00",400,"Site 2",39.10245,-96.59987,335,33.2,31.5,37.1,11.5,11.5,12.5,12,13.5,14
"2022-10-30 04:00:00",401,"Site 2",39.10245,-96.59987,335,33.2,31.5,37.1,11.5,11.17,12.17,12,13.5,14
"2022-10-30 05:00:00",402,"Site 2",39.10245,-96.59987,335,33.2,31.5,37.1,11.5,11.5,12.17,12,13.5,14
"2022-10-30 06:00:00",403,"Site 2",39.10245,-96.59987,335,33.2,31.5,37.1,11.5,11.5,12,12,13.5,14
"2022-10-30 07:00:00",404,"Site 2",39.10245,-96.59987,335,33.2,31.5,37.1,11.5,11.5,12,12,13.5,14
"2022-10-30 08:00:00",405,"Site 2",39.10245,-96.59987,335,33.2,31.5,37.1,11.5,11.17,12,12,13.5,14
"2022-10-30 09:00:00",406,"Site 2",39.10245,-96.59987,335,33.1,31.47,37.1,11.5,11.5,12,12,13.5,14
"2022-10-30 10:00:00",407,"Site 2",39.10245,-96.59987,335,33.17,31.4,37.1,11.5,11.17,12,12,13.5,14
"2022-10-30 11:00:00",408,"Site 2",39.10245,-96.59987,335,33.2,31.43,37.1,12,11.33,12.17,12,13.5,14
"2022-10-30 12:00:00",409,"Site 2",39.10245,-96.59987,335,33.27,31.5,37.17,12.67,11.5,12,12,13.5,14
"2022-10-30 13:00:00",410,"Site 2",39.10245,-96.59987,335,33.3,31.5,37.2,13.33,11.67,12,12,13.5,14
"2022-10-30 14:00:00",411,"Site 2",39.10245,-96.59987,335,33.37,31.53,37.2,14.17,12,12,12,13.5,14
"2022-10-30 15:00:00",412,"Site 2",39.10245,-96.59987,335,33.47,31.6,37.2,14.5,12.33,12,12,13.5,14
"2022-10-30 16:00:00",413,"Site 2",39.10245,-96.59987,335,33.5,31.63,37.2,14.5,12.5,12.33,12,13.5,14
"2022-10-30 17:00:00",414,"Site 2",39.10245,-96.59987,335,33.57,31.7,37.2,14.83,13,12.5,12,13.5,14
"2022-10-30 18:00:00",415,"Site 2",39.10245,-96.59987,335,33.6,31.73,37.27,14.83,13,12.5,12,13.5,14
"2022-10-30 19:00:00",416,"Site 2",39.10245,-96.59987,335,33.6,31.8,37.3,14.5,13,12.67,12,13.5,14
"2022-10-30 20:00:00",417,"Site 2",39.10245,-96.59987,335,33.6,31.8,37.3,14.33,13,13,12,13.5,14
"2022-10-30 21:00:00",418,"Site 2",39.10245,-96.59987,335,33.57,31.8,37.3,14,13,13,12.17,13.5,14
"2022-10-30 22:00:00",419,"Site 2",39.10245,-96.59987,335,33.5,31.8,37.3,13.5,13,13,12.33,13.5,14
"2022-10-30 23:00:00",420,"Site 2",39.10245,-96.59987,335,33.5,31.8,37.3,13.5,13,13,12.5,13.5,14
"2022-10-31 00:00:00",421,"Site 2",39.10245,-96.59987,335,33.5,31.8,37.3,13.5,13,13,12.5,13.5,14
"2022-10-31 01:00:00",422,"Site 2",39.10245,-96.59987,335,33.4,31.8,37.3,13,12.67,13,12.5,13.5,14
"2022-10-31 02:00:00",423,"Site 2",39.10245,-96.59987,335,33.4,31.8,37.3,13,12.5,13,12.5,13.5,14
"2022-10-31 03:00:00",424,"Site 2",39.10245,-96.59987,335,33.4,31.8,37.3,13,12.5,13,12.5,13.5,14
"2022-10-31 04:00:00",425,"Site 2",39.10245,-96.59987,335,33.3,31.8,37.3,13,12.5,13,12.5,13.5,14
"2022-10-31 05:00:00",426,"Site 2",39.10245,-96.59987,335,33.3,31.8,37.3,12.83,12.5,13,12.5,13.5,14
"2022-10-31 06:00:00",427,"Site 2",39.10245,-96.59987,335,33.3,31.8,37.3,12.5,12.5,13,12.5,13.5,14
"2022-10-31 07:00:00",428,"Site 2",39.10245,-96.59987,335,33.3,31.8,37.3,12.33,12.33,13,12.5,13.5,14
"2022-10-31 08:00:00",429,"Site 2",39.10245,-96.59987,335,33.3,31.8,37.3,11.83,12,12.83,12.5,13.83,14
"2022-10-31 09:00:00",430,"Site 2",39.10245,-96.59987,335,33.23,31.7,37.3,11.5,12,12.5,12.5,13.5,14
"2022-10-31 10:00:00",431,"Site 2",39.10245,-96.59987,335,33.2,31.7,37.3,11.5,11.67,12.5,12.5,13.67,14
"2022-10-31 11:00:00",432,"Site 2",39.10245,-96.59987,335,33.2,31.7,37.3,11.67,11.5,12.5,12.5,13.83,14
"2022-10-31 12:00:00",433,"Site 2",39.10245,-96.59987,335,33.2,31.7,37.3,12,11.5,12.5,12.5,13.67,14
"2022-10-31 13:00:00",434,"Site 2",39.10245,-96.59987,335,33.27,31.67,37.3,12.67,11.83,12.5,12.5,13.67,14
"2022-10-31 14:00:00",435,"Site 2",39.10245,-96.59987,335,33.3,31.7,37.3,13.33,12,12.5,12.5,13.5,14
"2022-10-31 15:00:00",436,"Site 2",39.10245,-96.59987,335,33.33,31.7,37.3,14,12.17,12.5,12.33,13.5,14
"2022-10-31 16:00:00",437,"Site 2",39.10245,-96.59987,335,33.4,31.73,37.3,14.33,12.5,12.5,12,13.5,14
"2022-10-31 17:00:00",438,"Site 2",39.10245,-96.59987,335,33.43,31.8,37.3,14.5,12.67,12.5,12,13.5,14
"2022-10-31 18:00:00",439,"Site 2",39.10245,-96.59987,335,33.5,31.8,37.3,14.5,13,12.67,12.17,13.5,14
"2022-10-31 19:00:00",440,"Site 2",39.10245,-96.59987,335,33.5,31.87,37.3,14,13,13,12.33,13.5,14
"2022-10-31 20:00:00",441,"Site 2",39.10245,-96.59987,335,33.4,31.9,37.3,13.5,13,13,12.5,13.5,14
"2022-10-31 21:00:00",442,"Site 2",39.10245,-96.59987,335,33.4,31.9,37.3,13,13,13,12.5,13.5,14
"2022-10-31 22:00:00",443,"Site 2",39.10245,-96.59987,335,33.3,31.9,37.3,12.67,12.5,13,12.5,13.5,14
"2022-10-31 23:00:00",444,"Site 2",39.10245,-96.59987,335,33.3,31.87,37.3,12.5,12.5,13,12.5,13.5,14
"2022-11-01 00:00:00",445,"Site 2",39.10245,-96.59987,335,33.3,31.8,37.3,12,12.33,13,12.5,13.5,14
"2022-11-01 01:00:00",446,"Site 2",39.10245,-96.59987,335,33.3,31.8,37.3,12,12,13,12.5,13.5,14
"2022-11-01 02:00:00",447,"Site 2",39.10245,-96.59987,335,33.2,31.8,37.3,12,12,12.67,12.5,13.5,14
"2022-11-01 03:00:00",448,"Site 2",39.10245,-96.59987,335,33.2,31.8,37.3,12,12,12.5,12.5,13.83,14
"2022-11-01 04:00:00",449,"Site 2",39.10245,-96.59987,335,33.2,31.73,37.3,11.83,12,12.5,12.5,13.5,14
"2022-11-01 05:00:00",450,"Site 2",39.10245,-96.59987,335,33.2,31.7,37.3,11.5,11.67,12.5,12.5,13.5,14
"2022-11-01 06:00:00",451,"Site 2",39.10245,-96.59987,335,33.1,31.7,37.3,11.67,11.5,12.5,12.5,13.67,14
"2022-11-01 07:00:00",452,"Site 2",39.10245,-96.59987,335,33.1,31.7,37.3,11.83,11.5,12.5,12.5,13.67,14
"2022-11-01 08:00:00",453,"Site 2",39.10245,-96.59987,335,33.1,31.7,37.3,11.5,11.5,12.5,12.5,13.67,14
"2022-11-01 09:00:00",454,"Site 2",39.10245,-96.59987,335,33.1,31.7,37.3,11.67,11.17,12.5,12.5,13.5,14
"2022-11-01 10:00:00",455,"Site 2",39.10245,-96.59987,335,33.1,31.7,37.3,12,11.5,12.33,12.17,13.5,14
"2022-11-01 11:00:00",456,"Site 2",39.10245,-96.59987,335,33.17,31.7,37.3,12.33,11.5,12,12,13.5,14
"2022-11-01 12:00:00",457,"Site 2",39.10245,-96.59987,335,33.2,31.7,37.3,12.83,11.67,12,12,13.5,14
"2022-11-01 13:00:00",458,"Site 2",39.10245,-96.59987,335,33.3,31.7,37.3,13.67,12,12.33,12,13.5,14
"2022-11-01 14:00:00",459,"Site 2",39.10245,-96.59987,335,33.33,31.73,37.3,14.33,12.17,12.5,12,13.5,14
"2022-11-01 15:00:00",460,"Site 2",39.10245,-96.59987,335,33.43,31.8,37.3,15,12.5,12.5,12,13.5,14
"2022-11-01 16:00:00",461,"Site 2",39.10245,-96.59987,335,33.5,31.87,37.37,15.5,13,12.5,12,13.5,14
"2022-11-01 17:00:00",462,"Site 2",39.10245,-96.59987,335,33.6,31.93,37.4,15.5,13.33,12.67,12,13.5,14
"2022-11-01 18:00:00",463,"Site 2",39.10245,-96.59987,335,33.6,32,37.4,15.5,13.5,13,12,13.5,14
"2022-11-01 19:00:00",464,"Site 2",39.10245,-96.59987,335,33.6,32.03,37.4,15.5,13.5,13,12.33,13.5,14
"2022-11-01 20:00:00",465,"Site 2",39.10245,-96.59987,335,33.6,32.1,37.47,15,13.5,13.17,12.5,13.5,14
"2022-11-01 21:00:00",466,"Site 2",39.10245,-96.59987,335,33.6,32.1,37.5,15,13.67,13.5,12.5,13.5,14
"2022-11-01 22:00:00",467,"Site 2",39.10245,-96.59987,335,33.6,32.1,37.5,14.67,13.5,13.5,12.5,13.5,14
"2022-11-01 23:00:00",468,"Site 2",39.10245,-96.59987,335,33.53,32.2,37.5,14.5,13.5,13.5,12.5,13.5,14
"2022-11-02 00:00:00",469,"Site 2",39.10245,-96.59987,335,33.5,32.2,37.5,14.5,13.5,13.5,12.5,13.5,14
"2022-11-02 01:00:00",470,"Site 2",39.10245,-96.59987,335,33.5,32.2,37.5,14,13.5,13.5,12.5,14,14
"2022-11-02 02:00:00",471,"Site 2",39.10245,-96.59987,335,33.5,32.17,37.5,14,13.5,13.5,12.5,14,14
"2022-11-02 03:00:00",472,"Site 2",39.10245,-96.59987,335,33.4,32.1,37.5,14,13,13.5,12.5,14,14
"2022-11-02 04:00:00",473,"Site 2",39.10245,-96.59987,335,33.4,32.1,37.5,13.67,13,13.5,12.5,14,14
"2022-11-02 05:00:00",474,"Site 2",39.10245,-96.59987,335,33.4,32.1,37.5,13.5,13,13.5,12.5,14,14
"2022-11-02 06:00:00",475,"Site 2",39.10245,-96.59987,335,33.37,32.1,37.5,13.5,13,13.5,12.5,14,14
"2022-11-02 07:00:00",476,"Site 2",39.10245,-96.59987,335,33.3,32.1,37.5,13.5,13,13.5,12.67,14,14
"2022-11-02 08:00:00",477,"Site 2",39.10245,-96.59987,335,33.3,32.1,37.5,13.5,13,13.5,12.5,14,14
"2022-11-02 09:00:00",478,"Site 2",39.10245,-96.59987,335,33.3,32.1,37.5,13.5,13,13.5,12.67,14,14.17
"2022-11-02 10:00:00",479,"Site 2",39.10245,-96.59987,335,33.3,32.1,37.5,13.5,13,13.17,12.5,14,14.17
"2022-11-02 11:00:00",480,"Site 2",39.10245,-96.59987,335,33.3,32.1,37.5,14,13,13.17,12.5,14,14
"2022-11-02 12:00:00",481,"Site 2",39.10245,-96.59987,335,33.4,32.1,37.5,14.33,13,13.17,12.5,14,14
"2022-11-02 13:00:00",482,"Site 2",39.10245,-96.59987,335,33.43,32.1,37.5,15,13,13.5,12.5,14,14
"2022-11-02 14:00:00",483,"Site 2",39.10245,-96.59987,335,33.53,32.2,37.5,15.67,13.5,13.33,12.5,14,14.33
"2022-11-02 15:00:00",484,"Site 2",39.10245,-96.59987,335,33.63,32.2,37.5,16,13.67,13.5,12.5,14,14.33
"2022-11-02 16:00:00",485,"Site 2",39.10245,-96.59987,335,33.7,32.3,37.5,16.5,14,13.5,12.5,14,14.33
"2022-11-02 17:00:00",486,"Site 2",39.10245,-96.59987,335,33.73,32.3,37.5,16.5,14,13.5,12.67,14,14.17
"2022-11-02 18:00:00",487,"Site 2",39.10245,-96.59987,335,33.8,32.4,37.6,16.5,14.5,13.83,13,14,14.17
"2022-11-02 19:00:00",488,"Site 2",39.10245,-96.59987,335,33.8,32.4,37.6,16.33,14.5,14,13,14,14.33
"2022-11-02 20:00:00",489,"Site 2",39.10245,-96.59987,335,33.73,32.4,37.6,16,14.5,14,13,14,14.33
"2022-11-02 21:00:00",490,"Site 2",39.10245,-96.59987,335,33.7,32.47,37.6,15.83,14.5,14,13,14,14.17
"2022-11-02 22:00:00",491,"Site 2",39.10245,-96.59987,335,33.7,32.5,37.6,15.5,14.5,14,13,14,14.5
"2022-11-02 23:00:00",492,"Site 2",39.10245,-96.59987,335,33.7,32.5,37.6,15.5,14.5,14.17,13,14,14.5
"2022-11-03 00:00:00",493,"Site 2",39.10245,-96.59987,335,33.6,32.5,37.6,15.17,14.33,14,13,14,14.5
"2022-11-03 01:00:00",494,"Site 2",39.10245,-96.59987,335,33.6,32.5,37.6,15,14,14.17,13,14,14.5
"2022-11-03 02:00:00",495,"Site 2",39.10245,-96.59987,335,33.6,32.5,37.6,15,14,14.33,13,14,14.5
"2022-11-03 03:00:00",496,"Site 2",39.10245,-96.59987,335,33.6,32.5,37.6,15,14,14,13,14,14.5
"2022-11-03 04:00:00",497,"Site 2",39.10245,-96.59987,335,33.6,32.5,37.63,15,14,14,13,14,14.5
"2022-11-03 05:00:00",498,"Site 2",39.10245,-96.59987,335,33.5,32.5,37.6,15,14,14,13.17,14.33,14.5
"2022-11-03 06:00:00",499,"Site 2",39.10245,-96.59987,335,33.5,32.5,37.67,15,14,14,13.17,14.5,14.5
"2022-11-03 07:00:00",500,"Site 2",39.10245,-96.59987,335,33.5,32.5,37.67,15,14,14,13.5,14.5,14.5
"2022-11-03 08:00:00",501,"Site 2",39.10245,-96.59987,335,33.5,32.5,37.67,15,14,14,13.17,14.5,14.5
"2022-11-03 09:00:00",502,"Site 2",39.10245,-96.59987,335,33.5,32.5,37.7,15,14,14,13,14.5,14.5
"2022-11-03 10:00:00",503,"Site 2",39.10245,-96.59987,335,33.5,32.5,37.7,15,14,14,13,14.5,14.5
"2022-11-03 11:00:00",504,"Site 2",39.10245,-96.59987,335,33.6,32.5,37.7,15.5,14,14,13,14.5,14.5
"2022-11-03 12:00:00",505,"Site 2",39.10245,-96.59987,335,33.6,32.5,37.7,15.83,14,14,13.33,14.5,14.5
"2022-11-03 13:00:00",506,"Site 2",39.10245,-96.59987,335,33.7,32.5,37.7,16.17,14.33,14,13.5,14.5,14.5
"2022-11-03 14:00:00",507,"Site 2",39.10245,-96.59987,335,33.77,32.6,37.73,16.83,14.5,14.33,13.5,14.5,14.5
"2022-11-03 15:00:00",508,"Site 2",39.10245,-96.59987,335,33.83,32.6,37.77,17.17,14.67,14.5,13.5,14.5,14.5
"2022-11-03 16:00:00",509,"Site 2",39.10245,-96.59987,335,33.9,32.7,37.8,17.5,15,14.5,13.5,14.5,14.5
"2022-11-03 17:00:00",510,"Site 2",39.10245,-96.59987,335,33.9,32.7,37.8,17.17,15.17,14.5,13.5,14.5,14.5
"2022-11-03 18:00:00",511,"Site 2",39.10245,-96.59987,335,33.97,32.8,37.8,17.33,15.5,14.5,13.5,14.5,14.5
"2022-11-03 19:00:00",512,"Site 2",39.10245,-96.59987,335,34,32.8,37.83,17.33,15.5,15,13.5,14.5,14.5
"2022-11-03 20:00:00",513,"Site 2",39.10245,-96.59987,335,33.93,32.8,37.9,17.33,15.5,15,13.5,14.5,14.5
"2022-11-03 21:00:00",514,"Site 2",39.10245,-96.59987,335,33.9,32.87,37.9,17,15.5,15,13.5,14.5,14.67
"2022-11-03 22:00:00",515,"Site 2",39.10245,-96.59987,335,33.9,32.9,37.9,17,15.5,15,13.5,14.5,14.67
"2022-11-03 23:00:00",516,"Site 2",39.10245,-96.59987,335,33.9,32.9,37.9,17,15.5,15,13.5,14.5,14.83
"2022-11-04 00:00:00",517,"Site 2",39.10245,-96.59987,335,33.9,32.9,37.9,16.83,15.5,15,13.5,14.5,15
"2022-11-04 01:00:00",518,"Site 2",39.10245,-96.59987,335,33.9,32.9,37.9,17,15.5,15,13.83,14.5,14.83
"2022-11-04 02:00:00",519,"Site 2",39.10245,-96.59987,335,33.9,32.9,37.9,16.83,15.5,15.17,14,14.5,15
"2022-11-04 03:00:00",520,"Site 2",39.10245,-96.59987,335,34.33,32.9,37.9,16.67,15.5,15,14,14.5,15
"2022-11-04 04:00:00",521,"Site 2",39.10245,-96.59987,335,34.33,32.9,37.9,16.33,15.33,15.17,14,14.67,15
"2022-11-04 05:00:00",522,"Site 2",39.10245,-96.59987,335,34.23,32.9,37.9,15.83,15,15.17,14,14.67,15
"2022-11-04 06:00:00",523,"Site 2",39.10245,-96.59987,335,34.17,32.9,37.9,15.5,15,15,14,14.83,15
"2022-11-04 07:00:00",524,"Site 2",39.10245,-96.59987,335,35.17,32.9,37.93,14.83,14.67,15,14,15,15
"2022-11-04 08:00:00",525,"Site 2",39.10245,-96.59987,335,36.2,32.87,37.9,14.17,14.5,15,14,15,15
"2022-11-04 09:00:00",526,"Site 2",39.10245,-96.59987,335,37.97,33.63,38.03,13.5,14,15,14,15,15
"2022-11-04 10:00:00",527,"Site 2",39.10245,-96.59987,335,40.37,35.93,38.17,12.33,13.33,14.67,14,15,15
"2022-11-04 11:00:00",528,"Site 2",39.10245,-96.59987,335,40.97,38.63,38.67,11.67,12.83,14.5,14,15,15
"2022-11-04 12:00:00",529,"Site 2",39.10245,-96.59987,335,41.13,40.63,39.53,11.5,12.5,14,13.67,15,15
"2022-11-04 13:00:00",530,"Site 2",39.10245,-96.59987,335,41.3,43,41.4,10.83,12,13.67,13.5,15,15
"2022-11-04 14:00:00",531,"Site 2",39.10245,-96.59987,335,41,43.73,42.33,10.5,11.67,13.33,13.5,14.83,15
"2022-11-04 15:00:00",532,"Site 2",39.10245,-96.59987,335,41.23,44,43.4,10.5,11.5,13,13.33,14.5,15
"2022-11-04 16:00:00",533,"Site 2",39.10245,-96.59987,335,40.9,43.93,44.27,10.17,11,12.67,13,14.5,15
"2022-11-04 17:00:00",534,"Site 2",39.10245,-96.59987,335,41.23,44,44.7,10,11,12.5,13,14.5,15
"2022-11-04 18:00:00",535,"Site 2",39.10245,-96.59987,335,40.83,43.93,44.87,10,10.67,12.17,12.83,14.5,15
"2022-11-04 19:00:00",536,"Site 2",39.10245,-96.59987,335,40.4,43.83,44.9,10,10.17,12,12.5,14.5,15
"2022-11-04 20:00:00",537,"Site 2",39.10245,-96.59987,335,40.23,43.8,44.9,10,9.83,12,12.5,14.5,14.67
"2022-11-04 21:00:00",538,"Site 2",39.10245,-96.59987,335,40.13,43.7,44.9,10,9.5,12,12.5,14.33,14.5
"2022-11-04 22:00:00",539,"Site 2",39.10245,-96.59987,335,40.03,43.7,44.9,10,9.83,11.5,12.5,14.17,14.5
"2022-11-04 23:00:00",540,"Site 2",39.10245,-96.59987,335,39.9,43.7,44.97,10,10.17,11.5,12.5,14,14.5
"2022-11-05 00:00:00",541,"Site 2",39.10245,-96.59987,335,40.2,43.73,45,10,10.17,11.67,12.33,14,14.5
"2022-11-05 01:00:00",542,"Site 2",39.10245,-96.59987,335,40.8,43.87,45,9.5,9.67,11.67,12,14,14.5
"2022-11-05 02:00:00",543,"Site 2",39.10245,-96.59987,335,41.5,44,45.07,9.33,9.67,11.5,12,14,14.5
"2022-11-05 03:00:00",544,"Site 2",39.10245,-96.59987,335,42.3,44,45.03,9,8.83,11.5,12,14,14.33
"2022-11-05 04:00:00",545,"Site 2",39.10245,-96.59987,335,42.3,43.9,45,8.5,8.5,11.33,11.5,13.5,14
"2022-11-05 05:00:00",546,"Site 2",39.10245,-96.59987,335,42.23,43.87,44.97,8.17,8.5,11,11.5,13.5,14
"2022-11-05 06:00:00",547,"Site 2",39.10245,-96.59987,335,42.07,43.8,44.93,8,8,11,11.5,13.5,14
"2022-11-05 07:00:00",548,"Site 2",39.10245,-96.59987,335,41.9,43.77,44.9,8,8,11,11.5,13.5,14
"2022-11-05 08:00:00",549,"Site 2",39.10245,-96.59987,335,41.7,43.7,44.9,8,8,11,11.5,13.5,14
"2022-11-05 09:00:00",550,"Site 2",39.10245,-96.59987,335,41.6,43.7,44.9,8,8,10.67,11.17,13.5,14
"2022-11-05 10:00:00",551,"Site 2",39.10245,-96.59987,335,41.57,43.6,44.87,8,8,10.5,11,13.33,14
"2022-11-05 11:00:00",552,"Site 2",39.10245,-96.59987,335,41.1,43.6,44.8,8.5,8,10.5,11,13,13.67
"2022-11-05 12:00:00",553,"Site 2",39.10245,-96.59987,335,41.03,43.6,44.8,8.67,8,10.5,11,13,13.5
"2022-11-05 13:00:00",554,"Site 2",39.10245,-96.59987,335,40.93,43.6,44.9,9.17,8,10.5,11,13,13.5
"2022-11-05 14:00:00",555,"Site 2",39.10245,-96.59987,335,40.9,43.6,44.9,9.83,8.33,10.5,11,13,13.5
"2022-11-05 15:00:00",556,"Site 2",39.10245,-96.59987,335,40.97,43.6,44.9,10.5,8.5,10.5,11,13,13.5
"2022-11-05 16:00:00",557,"Site 2",39.10245,-96.59987,335,41,43.6,44.9,10.83,8.83,10.5,11,13,13.5
"2022-11-05 17:00:00",558,"Site 2",39.10245,-96.59987,335,41,43.67,44.9,11,9,10.5,11,13,13.5
"2022-11-05 18:00:00",559,"Site 2",39.10245,-96.59987,335,40.97,43.7,44.9,11,9,10.83,11,13,13.5
"2022-11-05 19:00:00",560,"Site 2",39.10245,-96.59987,335,40.9,43.7,44.9,11,9.5,11,11,13,13.5
"2022-11-05 20:00:00",561,"Site 2",39.10245,-96.59987,335,40.8,43.7,44.9,10.83,9.5,11,11,12.67,13.5
"2022-11-05 21:00:00",562,"Site 2",39.10245,-96.59987,335,40.77,43.7,44.9,10.5,10.17,11,11,12.83,13.17
"2022-11-05 22:00:00",563,"Site 2",39.10245,-96.59987,335,40.2,43.7,44.9,10.5,9.5,11,11,12.83,13.33
"2022-11-05 23:00:00",564,"Site 2",39.10245,-96.59987,335,40.13,43.7,44.9,10.5,9.5,11,11,12.5,13
"2022-11-06 00:00:00",565,"Site 2",39.10245,-96.59987,335,40.1,43.7,44.9,10.5,9.5,11,11,12.5,13
"2022-11-06 01:00:00",566,"Site 2",39.10245,-96.59987,335,40,43.7,44.9,10,9,11,11,12.5,13
"2022-11-06 02:00:00",567,"Site 2",39.10245,-96.59987,335,39.97,43.7,44.9,10,9,11,11,12.5,13
"2022-11-06 03:00:00",568,"Site 2",39.10245,-96.59987,335,39.9,43.7,44.9,10,9.33,11,11,12.5,13
"2022-11-06 04:00:00",569,"Site 2",39.10245,-96.59987,335,39.87,43.7,44.9,10,9,11,11,12.5,13
"2022-11-06 05:00:00",570,"Site 2",39.10245,-96.59987,335,39.8,43.7,44.9,10,9.33,11,11,12.5,13
"2022-11-06 06:00:00",571,"Site 2",39.10245,-96.59987,335,39.8,43.7,44.9,9.67,9,11,11,12.5,13
"2022-11-06 07:00:00",572,"Site 2",39.10245,-96.59987,335,39.73,43.7,44.9,9.5,9,11,11,12.5,13
"2022-11-06 08:00:00",573,"Site 2",39.10245,-96.59987,335,39.7,43.7,44.9,9,8.83,11,11,12.5,13
"2022-11-06 09:00:00",574,"Site 2",39.10245,-96.59987,335,39.63,43.7,44.9,9,8.5,11,11,12.5,13
"2022-11-06 10:00:00",575,"Site 2",39.10245,-96.59987,335,39.6,43.63,44.9,9,8.5,11,10.83,12.5,13
"2022-11-06 11:00:00",576,"Site 2",39.10245,-96.59987,335,39.6,43.6,44.9,9.17,8.5,11,10.83,12.5,13
"2022-11-06 12:00:00",577,"Site 2",39.10245,-96.59987,335,39.63,43.6,44.9,9.67,8.5,10.67,10.5,12.5,13
"2022-11-06 13:00:00",578,"Site 2",39.10245,-96.59987,335,39.7,43.6,44.9,10.33,8.5,10.5,10.5,12.5,13
"2022-11-06 14:00:00",579,"Site 2",39.10245,-96.59987,335,39.8,43.67,44.93,11.17,8.83,10.5,10.5,12.5,13
"2022-11-06 15:00:00",580,"Site 2",39.10245,-96.59987,335,39.87,43.7,45,11.67,9.33,10.67,10.5,12.5,13
"2022-11-06 16:00:00",581,"Site 2",39.10245,-96.59987,335,39.9,43.73,45,12,9.83,11,10.5,12.5,13
"2022-11-06 17:00:00",582,"Site 2",39.10245,-96.59987,335,39.9,43.8,45,12,9.83,11,10.5,12.5,13
"2022-11-06 18:00:00",583,"Site 2",39.10245,-96.59987,335,39.97,43.8,45,12,10.17,11,10.5,12.5,13
"2022-11-06 19:00:00",584,"Site 2",39.10245,-96.59987,335,39.93,43.87,45,11.83,11,11,10.5,12.5,13
"2022-11-06 20:00:00",585,"Site 2",39.10245,-96.59987,335,39.9,43.9,45,11.33,10.67,11.5,10.5,12.5,12.83
"2022-11-06 21:00:00",586,"Site 2",39.10245,-96.59987,335,39.87,43.9,45,11,10.33,11.5,10.83,12.5,13
"2022-11-06 22:00:00",587,"Site 2",39.10245,-96.59987,335,39.8,43.9,45,10.5,10,11.5,11,12.5,13
"2022-11-06 23:00:00",588,"Site 2",39.10245,-96.59987,335,39.8,43.9,45,10.5,9.83,11.33,10.83,12.5,13
"2022-11-07 00:00:00",589,"Site 2",39.10245,-96.59987,335,39.7,43.87,45,10,9.83,11.5,11,12.5,13
"2022-11-07 01:00:00",590,"Site 2",39.10245,-96.59987,335,39.67,43.8,45,9.83,9.5,11.33,11,12.5,13
"2022-11-07 02:00:00",591,"Site 2",39.10245,-96.59987,335,39.6,43.8,45,9.5,9.33,11.17,11,12.5,13
"2022-11-07 03:00:00",592,"Site 2",39.10245,-96.59987,335,39.6,43.8,45,9.5,9.33,11,11,12.5,13
"2022-11-07 04:00:00",593,"Site 2",39.10245,-96.59987,335,39.5,43.8,45,9,9,11,10.83,12.5,13
"2022-11-07 05:00:00",594,"Site 2",39.10245,-96.59987,335,39.5,43.73,45,9,8.67,11,11,12.5,13
"2022-11-07 06:00:00",595,"Site 2",39.10245,-96.59987,335,39.4,43.7,45,8.67,8.5,11,10.83,12.5,12.67
"2022-11-07 07:00:00",596,"Site 2",39.10245,-96.59987,335,39.4,43.7,45,8.5,8.5,11,10.5,12.5,12.67
"2022-11-07 08:00:00",597,"Site 2",39.10245,-96.59987,335,39.37,43.7,45,8.5,8.5,10.5,10.5,12.5,12.67
"2022-11-07 09:00:00",598,"Site 2",39.10245,-96.59987,335,39.3,43.6,45,8.17,8,10.5,10.5,12.5,12.83
"2022-11-07 10:00:00",599,"Site 2",39.10245,-96.59987,335,39.3,43.6,45,8.5,8,10.5,10.5,12.5,12.5
"2022-11-07 11:00:00",600,"Site 2",39.10245,-96.59987,335,39.3,43.6,44.93,8.5,8,10.5,10.5,12.5,12.5
"2022-11-07 12:00:00",601,"Site 2",39.10245,-96.59987,335,39.33,43.6,45,9,8,10.5,10.5,12.5,12.5
"2022-11-07 13:00:00",602,"Site 2",39.10245,-96.59987,335,39.4,43.6,45,9.5,8,10.5,10.5,12.17,12.5
"2022-11-07 14:00:00",603,"Site 2",39.10245,-96.59987,335,39.47,43.6,45,10.17,8.33,10.5,10.5,12,12.5
"2022-11-07 15:00:00",604,"Site 2",39.10245,-96.59987,335,39.5,43.63,45,10.67,8.83,10.5,10.5,12,12.5
"2022-11-07 16:00:00",605,"Site 2",39.10245,-96.59987,335,39.6,43.7,45,11,8.83,10.5,10.5,12,12.5
"2022-11-07 17:00:00",606,"Site 2",39.10245,-96.59987,335,39.6,43.7,45,11,9,10.5,10.5,12,12.5
"2022-11-07 18:00:00",607,"Site 2",39.10245,-96.59987,335,39.6,43.77,45,11,9,10.5,10.5,12,12.5
"2022-11-07 19:00:00",608,"Site 2",39.10245,-96.59987,335,39.6,43.8,45,11,9.5,10.5,10.5,12,12.5
"2022-11-07 20:00:00",609,"Site 2",39.10245,-96.59987,335,39.6,43.8,45,10.67,9.5,11,10.5,12,12.5
"2022-11-07 21:00:00",610,"Site 2",39.10245,-96.59987,335,39.6,43.8,45,10.33,9.67,11,10.5,12,12.5
"2022-11-07 22:00:00",611,"Site 2",39.10245,-96.59987,335,39.53,43.8,45,10,9,11,10.5,12,12.5
"2022-11-07 23:00:00",612,"Site 2",39.10245,-96.59987,335,39.5,43.8,45,10,9.33,11,10.5,12,12.5
"2022-11-08 00:00:00",613,"Site 2",39.10245,-96.59987,335,39.5,43.8,45,10,9.33,11,10.5,12,12.5
"2022-11-08 01:00:00",614,"Site 2",39.10245,-96.59987,335,39.5,43.8,45,10,9,11,10.5,12,12.5
"2022-11-08 02:00:00",615,"Site 2",39.10245,-96.59987,335,39.5,43.8,45,10,9.33,11,10.5,12,12.5
"2022-11-08 03:00:00",616,"Site 2",39.10245,-96.59987,335,39.5,43.8,45,10,9,11,10.5,12,12.5
"2022-11-08 04:00:00",617,"Site 2",39.10245,-96.59987,335,39.5,43.8,45,10,9,11,10.5,12,12.5
"2022-11-08 05:00:00",618,"Site 2",39.10245,-96.59987,335,39.5,43.8,45,10,9,11,10.5,12,12.5
"2022-11-08 06:00:00",619,"Site 2",39.10245,-96.59987,335,39.5,43.8,45,10.33,9.33,11,10.5,12,12.5
"2022-11-08 07:00:00",620,"Site 2",39.10245,-96.59987,335,39.5,43.8,45.03,10.5,9,11,10.5,12,12.5
"2022-11-08 08:00:00",621,"Site 2",39.10245,-96.59987,335,39.5,43.8,45.1,10.5,9,11,10.5,12,12.5
"2022-11-08 09:00:00",622,"Site 2",39.10245,-96.59987,335,39.5,43.8,45.1,10.5,9.33,11,10.5,12,12.5
"2022-11-08 10:00:00",623,"Site 2",39.10245,-96.59987,335,39.5,43.8,45.1,10.67,9,11,10.5,12,12.5
"2022-11-08 11:00:00",624,"Site 2",39.10245,-96.59987,335,39.57,43.8,45.1,11,9.5,11,10.5,12,12.5
"2022-11-08 12:00:00",625,"Site 2",39.10245,-96.59987,335,39.6,43.87,45.1,11.5,9.83,11,10.5,12,12.5
"2022-11-08 13:00:00",626,"Site 2",39.10245,-96.59987,335,39.7,43.9,45.1,12.17,10.17,11,10.5,12,12.5
"2022-11-08 14:00:00",627,"Site 2",39.10245,-96.59987,335,39.77,43.93,45.17,12.83,10.83,11,10.5,12,12.5
"2022-11-08 15:00:00",628,"Site 2",39.10245,-96.59987,335,39.83,44,45.2,13.17,11,11,10.5,12,12.5
"2022-11-08 16:00:00",629,"Site 2",39.10245,-96.59987,335,39.9,44.03,45.2,13.5,11.5,11.33,10.5,12,12.5
"2022-11-08 17:00:00",630,"Site 2",39.10245,-96.59987,335,40,44.1,45.2,14,11.5,11.33,10.5,12,12.5
"2022-11-08 18:00:00",631,"Site 2",39.10245,-96.59987,335,40,44.13,45.27,14,12,11.5,10.5,12,12.5
"2022-11-08 19:00:00",632,"Site 2",39.10245,-96.59987,335,40.03,44.2,45.3,14,12,11.5,10.5,12,12.5
"2022-11-08 20:00:00",633,"Site 2",39.10245,-96.59987,335,40.1,44.2,45.3,14,12,11.5,10.5,12,12.5
"2022-11-08 21:00:00",634,"Site 2",39.10245,-96.59987,335,40.1,44.3,45.3,14,12.33,11.67,10.5,12,12.5
"2022-11-08 22:00:00",635,"Site 2",39.10245,-96.59987,335,40.1,44.3,45.3,14,12.5,11.5,11,12,12.5
"2022-11-08 23:00:00",636,"Site 2",39.10245,-96.59987,335,40.1,44.3,45.37,14.33,12.5,11.83,11,12,12.5
"2022-11-09 00:00:00",637,"Site 2",39.10245,-96.59987,335,40.17,44.4,45.4,14.5,12.5,12,11,12,12.5
"2022-11-09 01:00:00",638,"Site 2",39.10245,-96.59987,335,40.2,44.4,45.4,14.5,12.5,12,11,12,12.5
"2022-11-09 02:00:00",639,"Site 2",39.10245,-96.59987,335,40.2,44.4,45.4,14.5,12.83,12,11,12.33,12.5
"2022-11-09 03:00:00",640,"Site 2",39.10245,-96.59987,335,40.2,44.5,45.4,14.5,13,12.17,11,12.5,12.5
"2022-11-09 04:00:00",641,"Site 2",39.10245,-96.59987,335,40.27,44.5,45.47,15,13,12.33,11,12.5,12.5
"2022-11-09 05:00:00",642,"Site 2",39.10245,-96.59987,335,40.3,44.5,45.5,15,13,12.5,11.33,12.5,12.5
"2022-11-09 06:00:00",643,"Site 2",39.10245,-96.59987,335,40.3,44.53,45.5,15,13,12.5,11.5,12.5,12.5
"2022-11-09 07:00:00",644,"Site 2",39.10245,-96.59987,335,40.3,44.6,45.5,15,13,12.5,11.5,12.5,12.5
"2022-11-09 08:00:00",645,"Site 2",39.10245,-96.59987,335,40.3,44.6,45.5,15,13,12.5,11.5,12.5,12.5
"2022-11-09 09:00:00",646,"Site 2",39.10245,-96.59987,335,40.3,44.6,45.5,15,13.17,12.5,11.5,12.5,12.67
"2022-11-09 10:00:00",647,"Site 2",39.10245,-96.59987,335,40.33,44.6,45.6,15,13.5,12.5,11.5,12.5,13
"2022-11-09 11:00:00",648,"Site 2",39.10245,-96.59987,335,40.4,44.7,45.6,15.5,13.5,13,11.5,12.5,13
"2022-11-09 12:00:00",649,"Site 2",39.10245,-96.59987,335,40.43,44.7,45.6,15.67,13.5,13,11.5,12.5,13
"2022-11-09 13:00:00",650,"Site 2",39.10245,-96.59987,335,40.5,44.7,45.63,16.17,13.67,13,11.83,12.5,13
"2022-11-09 14:00:00",651,"Site 2",39.10245,-96.59987,335,40.6,44.8,45.7,16.5,14,13,12,12.5,13
"2022-11-09 15:00:00",652,"Site 2",39.10245,-96.59987,335,40.6,44.8,45.7,16.83,14,13,12,13,13
"2022-11-09 16:00:00",653,"Site 2",39.10245,-96.59987,335,40.7,44.9,45.7,17,14.5,13.5,12,12.83,13
"2022-11-09 17:00:00",654,"Site 2",39.10245,-96.59987,335,40.7,44.9,45.77,17,14.5,13.5,12,13,13
"2022-11-09 18:00:00",655,"Site 2",39.10245,-96.59987,335,40.7,44.97,45.8,17.17,14.5,13.5,12,13,13
"2022-11-09 19:00:00",656,"Site 2",39.10245,-96.59987,335,40.7,45,45.8,16.83,15,13.67,12,13,13
"2022-11-09 20:00:00",657,"Site 2",39.10245,-96.59987,335,40.7,45,45.8,16.83,15,14,12,13,13
"2022-11-09 21:00:00",658,"Site 2",39.10245,-96.59987,335,40.7,45.1,45.8,16.67,15,14,12.5,13,13
"2022-11-09 22:00:00",659,"Site 2",39.10245,-96.59987,335,40.7,45.1,45.8,16.67,15,14,12.5,13,13.17
"2022-11-09 23:00:00",660,"Site 2",39.10245,-96.59987,335,40.7,45.1,45.8,16.5,15,14,12.5,13,13
"2022-11-10 00:00:00",661,"Site 2",39.10245,-96.59987,335,40.7,45.1,45.8,16.5,15,14,12.5,13,13.5
"2022-11-10 01:00:00",662,"Site 2",39.10245,-96.59987,335,40.7,45.1,45.8,16.33,14.5,14,12.5,13.17,13.5
"2022-11-10 02:00:00",663,"Site 2",39.10245,-96.59987,335,40.7,45.1,45.8,16.5,14.5,14.17,12.5,13.5,13.5
"2022-11-10 03:00:00",664,"Site 2",39.10245,-96.59987,335,40.7,45.1,45.8,16.5,14.5,14.5,12.5,13.5,13.5
"2022-11-10 04:00:00",665,"Site 2",39.10245,-96.59987,335,40.7,45.1,45.83,16.33,14.5,14.33,12.5,13.5,13.5
"2022-11-10 05:00:00",666,"Site 2",39.10245,-96.59987,335,40.6,45.1,45.87,16.5,14.5,14.5,12.67,13.5,13.5
"2022-11-10 06:00:00",667,"Site 2",39.10245,-96.59987,335,40.6,45.13,45.9,16.33,14.5,14.5,12.83,13.5,13.5
"2022-11-10 07:00:00",668,"Site 2",39.10245,-96.59987,335,40.6,45.17,45.9,16.17,14.5,14.5,13,13.5,13.5
"2022-11-10 08:00:00",669,"Site 2",39.10245,-96.59987,335,40.6,45.2,45.9,16.5,14.5,14.5,13,13.5,13.5
"2022-11-10 09:00:00",670,"Site 2",39.10245,-96.59987,335,40.6,45.2,45.9,16.33,14.5,14.5,13,13.5,13.5
"2022-11-10 10:00:00",671,"Site 2",39.10245,-96.59987,335,40.63,45.2,45.9,16,14.5,14.5,13,13.5,13.67
"2022-11-10 11:00:00",672,"Site 2",39.10245,-96.59987,335,40.6,45.2,45.9,15.83,14.5,14.5,13,13.5,13.83
"2022-11-10 12:00:00",673,"Site 2",39.10245,-96.59987,335,40.6,45.2,45.9,15.5,14.5,14.5,13,13.5,14
"2022-11-10 13:00:00",674,"Site 2",39.10245,-96.59987,335,40.5,45.2,45.9,15.17,14.5,14.5,13,13.5,13.83
"2022-11-10 14:00:00",675,"Site 2",39.10245,-96.59987,335,40.47,45.1,45.9,15,14.33,14.5,13,13.5,14
"2022-11-10 15:00:00",676,"Site 2",39.10245,-96.59987,335,40.4,45.1,45.9,15,14,14.17,13,13.5,14
"2022-11-10 16:00:00",677,"Site 2",39.10245,-96.59987,335,40.4,45.1,45.9,14.5,14,14,13,14,14
"2022-11-10 17:00:00",678,"Site 2",39.10245,-96.59987,335,40.3,45.1,45.9,14.33,14,14,13,13.83,14
"2022-11-10 18:00:00",679,"Site 2",39.10245,-96.59987,335,40.3,45.07,45.9,14,13.5,14,13,14,14
"2022-11-10 19:00:00",680,"Site 2",39.10245,-96.59987,335,40.2,45,45.9,14,13.5,14,13,14,14
"2022-11-10 20:00:00",681,"Site 2",39.10245,-96.59987,335,40.2,45,45.9,13.5,13.5,14,13,14,14
"2022-11-10 21:00:00",682,"Site 2",39.10245,-96.59987,335,40.1,45,45.9,13.33,13.17,13.83,13,14,14
"2022-11-10 22:00:00",683,"Site 2",39.10245,-96.59987,335,40.07,44.93,45.87,13,13,13.5,13,14,14
"2022-11-10 23:00:00",684,"Site 2",39.10245,-96.59987,335,40,44.9,45.8,12.5,12.83,13.5,13,14,14
"2022-11-11 00:00:00",685,"Site 2",39.10245,-96.59987,335,39.9,44.9,45.8,12.17,12.5,13.5,13,14,14
"2022-11-11 01:00:00",686,"Site 2",39.10245,-96.59987,335,39.83,44.83,45.8,11.67,12.5,13.5,12.83,14,14
"2022-11-11 02:00:00",687,"Site 2",39.10245,-96.59987,335,39.73,44.8,45.8,11.17,12,13,12.67,14,14
"2022-11-11 03:00:00",688,"Site 2",39.10245,-96.59987,335,39.67,44.73,45.8,10.67,11.83,13,12.5,14,14
"2022-11-11 04:00:00",689,"Site 2",39.10245,-96.59987,335,39.57,44.7,45.8,10.33,11.5,13,12.5,13.83,14
"2022-11-11 05:00:00",690,"Site 2",39.10245,-96.59987,335,39.5,44.6,45.8,9.83,10.83,12.5,12.5,14,14
"2022-11-11 06:00:00",691,"Site 2",39.10245,-96.59987,335,39.4,44.57,45.8,9.5,10.67,12.5,12.5,13.67,14
"2022-11-11 07:00:00",692,"Site 2",39.10245,-96.59987,335,39.33,44.5,45.73,9,10.5,12.17,12.5,13.5,14
"2022-11-11 08:00:00",693,"Site 2",39.10245,-96.59987,335,39.23,44.47,45.7,8.67,10.17,12,12.5,13.5,14
"2022-11-11 09:00:00",694,"Site 2",39.10245,-96.59987,335,39.2,44.4,45.7,8.33,9.33,11.83,12,13.5,14
"2022-11-11 10:00:00",695,"Site 2",39.10245,-96.59987,335,39.1,44.3,45.7,8,9.17,11.67,12,13.5,14
"2022-11-11 11:00:00",696,"Site 2",39.10245,-96.59987,335,39.03,44.3,45.6,8,8.5,11.5,12,13.5,14
"2022-11-11 12:00:00",697,"Site 2",39.10245,-96.59987,335,39,44.2,45.6,8,8.5,11.33,12,13.5,14
"2022-11-11 13:00:00",698,"Site 2",39.10245,-96.59987,335,39,44.2,45.6,8,8.33,11.5,11.67,13.5,13.67
