"TOA5","CR300-23666","CR300","23666","CR300-CELL205.Std.10.02","CPU:Testbed_code_site_3.CR300","19333","Table_Teros54"
"TIMESTAMP","RECORD","station","latitude","longitude","altitude","Teros54_RAW_15_Avg","Teros54_Temp_15_Avg","Teros54_RAW_30_Avg","Teros54_Temp_30_Avg","Teros54_RAW_45_Avg","Teros54_Temp_45_Avg","Teros54_RAW_60_Avg","Teros54_Temp_60_Avg","Teros54_VWC_15_Avg","Teros54_VWC_30_Avg","Teros54_VWC_45_Avg","Teros54_VWC_60_Avg"
"TS","RN","name","decdegrees","decdegrees","m","mV","Deg C","mV","Deg C","mV","Deg C","mV","Deg C","m^3/m^3","m^3/m^3","m^3/m^3","m^3/m^3"
"","","Smp","Smp","Smp","Smp","Avg","Avg","Avg","Avg","Avg","Avg","Avg","Avg","Avg","Avg","Avg","Avg"
"2023-09-29 17:00:00",0,"Site 3",39.10367,-96.60065,335,738.9,23.95,-7999,-7999,-7999,-7999,-7999,-7999,0.164,-7999,-7999,-7999
"2023-09-29 18:00:00",1,"Site 3",39.10367,-96.60065,335,737.9,22.24,-7999,-7999,-7999,-7999,-7999,-7999,0.164,-7999,-7999,-7999
"2023-09-29 19:00:00",2,"Site 3",39.10367,-96.60065,335,737.2,22.02,-7999,-7999,-7999,-7999,-7999,-7999,0.163,-7999,-7999,-7999
"2023-09-29 20:00:00",3,"Site 3",39.10367,-96.60065,335,736.7,21.94,-7999,-7999,-7999,-7999,-7999,-7999,0.163,-7999,-7999,-7999
"2023-09-29 21:00:00",4,"Site 3",39.10367,-96.60065,335,736.2,21.89,-7999,-7999,-7999,-7999,-7999,-7999,0.163,-7999,-7999,-7999
"2023-09-29 22:00:00",5,"Site 3",39.10367,-96.60065,335,735.8,21.82,-7999,-7999,-7999,-7999,-7999,-7999,0.163,-7999,-7999,-7999
"2023-09-29 23:00:00",6,"Site 3",39.10367,-96.60065,335,735.5,21.77,-7999,-7999,-7999,-7999,-7999,-7999,0.163,-7999,-7999,-7999
"2023-09-30 00:00:00",7,"Site 3",39.10367,-96.60065,335,735.2,21.73,-7999,-7999,-7999,-7999,-7999,-7999,0.162,-7999,-7999,-7999
"2023-09-30 01:00:00",8,"Site 3",39.10367,-96.60065,335,734.9,21.69,-7999,-7999,-7999,-7999,-7999,-7999,0.162,-7999,-7999,-7999
"2023-09-30 02:00:00",9,"Site 3",39.10367,-96.60065,335,734.6,21.65,-7999,-7999,-7999,-7999,-7999,-7999,0.162,-7999,-7999,-7999
"2023-09-30 03:00:00",10,"Site 3",39.10367,-96.60065,335,734.3,21.61,-7999,-7999,-7999,-7999,-7999,-7999,0.162,-7999,-7999,-7999
"2023-09-30 04:00:00",11,"Site 3",39.10367,-96.60065,335,734.1,21.57,-7999,-7999,-7999,-7999,-7999,-7999,0.162,-7999,-7999,-7999
"2023-09-30 05:00:00",12,"Site 3",39.10367,-96.60065,335,733.9,21.54,-7999,-7999,-7999,-7999,-7999,-7999,0.162,-7999,-7999,-7999
"2023-09-30 06:00:00",13,"Site 3",39.10367,-96.60065,335,733.6,21.5,-7999,-7999,-7999,-7999,-7999,-7999,0.162,-7999,-7999,-7999
"2023-09-30 07:00:00",14,"Site 3",39.10367,-96.60065,335,733.5,21.46,-7999,-7999,-7999,-7999,-7999,-7999,0.162,-7999,-7999,-7999
"2023-09-30 08:00:00",15,"Site 3",39.10367,-96.60065,335,733.2,21.42,-7999,-7999,-7999,-7999,-7999,-7999,0.162,-7999,-7999,-7999
"2023-09-30 09:00:00",16,"Site 3",39.10367,-96.60065,335,732.8,21.37,-7999,-7999,-7999,-7999,-7999,-7999,0.161,-7999,-7999,-7999
"2023-09-30 10:00:00",17,"Site 3",39.10367,-96.60065,335,732.5,21.34,-7999,-7999,-7999,-7999,-7999,-7999,0.161,-7999,-7999,-7999
"2023-09-30 11:00:00",18,"Site 3",39.10367,-96.60065,335,732.2,21.35,-7999,-7999,-7999,-7999,-7999,-7999,0.161,-7999,-7999,-7999
"2023-09-30 12:00:00",19,"Site 3",39.10367,-96.60065,335,731.9,21.39,-7999,-7999,-7999,-7999,-7999,-7999,0.161,-7999,-7999,-7999
"2023-09-30 13:00:00",20,"Site 3",39.10367,-96.60065,335,731.6,21.47,-7999,-7999,-7999,-7999,-7999,-7999,0.161,-7999,-7999,-7999
"2023-09-30 14:00:00",21,"Site 3",39.10367,-96.60065,335,731.4,21.59,-7999,-7999,-7999,-7999,-7999,-7999,0.161,-7999,-7999,-7999
"2023-09-30 15:00:00",22,"Site 3",39.10367,-96.60065,335,731.2,21.73,-7999,-7999,-7999,-7999,-7999,-7999,0.161,-7999,-7999,-7999
"2023-09-30 16:00:00",23,"Site 3",39.10367,-96.60065,335,731.1,21.88,-7999,-7999,-7999,-7999,-7999,-7999,0.161,-7999,-7999,-7999
"2023-09-30 17:00:00",24,"Site 3",39.10367,-96.60065,335,730.9,22.01,-7999,-7999,-7999,-7999,-7999,-7999,0.161,-7999,-7999,-7999
"2023-09-30 18:00:00",25,"Site 3",39.10367,-96.60065,335,730.8,22.13,-7999,-7999,-7999,-7999,-7999,-7999,0.16,-7999,-7999,-7999
"2023-09-30 19:00:00",26,"Site 3",39.10367,-96.60065,335,730.9,22.21,-7999,-7999,-7999,-7999,-7999,-7999,0.161,-7999,-7999,-7999
"2023-09-30 20:00:00",27,"Site 3",39.10367,-96.60065,335,730.9,22.25,-7999,-7999,-7999,-7999,-7999,-7999,0.16,-7999,-7999,-7999
"2023-09-30 21:00:00",28,"Site 3",39.10367,-96.60065,335,730.6,22.26,-7999,-7999,-7999,-7999,-7999,-7999,0.16,-7999,-7999,-7999
"2023-09-30 22:00:00",29,"Site 3",39.10367,-96.60065,335,730.6,22.23,-7999,-7999,-7999,-7999,-7999,-7999,0.16,-7999,-7999,-7999
"2023-09-30 23:00:00",30,"Site 3",39.10367,-96.60065,335,730.2,22.21,-7999,-7999,-7999,-7999,-7999,-7999,0.16,-7999,-7999,-7999
"2023-10-01 00:00:00",31,"Site 3",39.10367,-96.60065,335,730.3,22.17,-7999,-7999,-7999,-7999,-7999,-7999,0.16,-7999,-7999,-7999
"2023-10-01 01:00:00",32,"Site 3",39.10367,-96.60065,335,730,22.12,-7999,-7999,-7999,-7999,-7999,-7999,0.16,-7999,-7999,-7999
"2023-10-01 02:00:00",33,"Site 3",39.10367,-96.60065,335,729.9,22.07,-7999,-7999,-7999,-7999,-7999,-7999,0.16,-7999,-7999,-7999
"2023-10-01 03:00:00",34,"Site 3",39.10367,-96.60065,335,729.7,22.02,-7999,-7999,-7999,-7999,-7999,-7999,0.16,-7999,-7999,-7999
"2023-10-01 04:00:00",35,"Site 3",39.10367,-96.60065,335,729.5,21.96,-7999,-7999,-7999,-7999,-7999,-7999,0.16,-7999,-7999,-7999
"2023-10-01 05:00:00",36,"Site 3",39.10367,-96.60065,335,729.4,21.91,-7999,-7999,-7999,-7999,-7999,-7999,0.16,-7999,-7999,-7999
"2023-10-01 06:00:00",37,"Site 3",39.10367,-96.60065,335,729.3,21.84,-7999,-7999,-7999,-7999,-7999,-7999,0.16,-7999,-7999,-7999
"2023-10-01 07:00:00",38,"Site 3",39.10367,-96.60065,335,729.1,21.77,-7999,-7999,-7999,-7999,-7999,-7999,0.16,-7999,-7999,-7999
"2023-10-01 08:00:00",39,"Site 3",39.10367,-96.60065,335,728.9,21.71,-7999,-7999,-7999,-7999,-7999,-7999,0.16,-7999,-7999,-7999
"2023-10-01 09:00:00",40,"Site 3",39.10367,-96.60065,335,728.7,21.66,-7999,-7999,-7999,-7999,-7999,-7999,0.159,-7999,-7999,-7999
"2023-10-01 10:00:00",41,"Site 3",39.10367,-96.60065,335,728.4,21.6,-7999,-7999,-7999,-7999,-7999,-7999,0.159,-7999,-7999,-7999
"2023-10-01 11:00:00",42,"Site 3",39.10367,-96.60065,335,728.3,21.61,-7999,-7999,-7999,-7999,-7999,-7999,0.159,-7999,-7999,-7999
"2023-10-01 12:00:00",43,"Site 3",39.10367,-96.60065,335,727.9,21.63,-7999,-7999,-7999,-7999,-7999,-7999,0.159,-7999,-7999,-7999
"2023-10-01 13:00:00",44,"Site 3",39.10367,-96.60065,335,727.8,21.71,-7999,-7999,-7999,-7999,-7999,-7999,0.159,-7999,-7999,-7999
"2023-10-01 14:00:00",45,"Site 3",39.10367,-96.60065,335,727.6,21.82,-7999,-7999,-7999,-7999,-7999,-7999,0.159,-7999,-7999,-7999
"2023-10-01 15:00:00",46,"Site 3",39.10367,-96.60065,335,727.4,21.94,-7999,-7999,-7999,-7999,-7999,-7999,0.159,-7999,-7999,-7999
"2023-10-01 16:00:00",47,"Site 3",39.10367,-96.60065,335,727.4,22.06,-7999,-7999,-7999,-7999,-7999,-7999,0.159,-7999,-7999,-7999
"2023-10-01 17:00:00",48,"Site 3",39.10367,-96.60065,335,727.4,22.16,-7999,-7999,-7999,-7999,-7999,-7999,0.159,-7999,-7999,-7999
"2023-10-01 18:00:00",49,"Site 3",39.10367,-96.60065,335,727.2,22.25,-7999,-7999,-7999,-7999,-7999,-7999,0.159,-7999,-7999,-7999
"2023-10-01 19:00:00",50,"Site 3",39.10367,-96.60065,335,727.2,22.3,-7999,-7999,-7999,-7999,-7999,-7999,0.159,-7999,-7999,-7999
"2023-10-01 20:00:00",51,"Site 3",39.10367,-96.60065,335,727,22.32,-7999,-7999,-7999,-7999,-7999,-7999,0.159,-7999,-7999,-7999
"2023-10-01 21:00:00",52,"Site 3",39.10367,-96.60065,335,727.1,22.3,-7999,-7999,-7999,-7999,-7999,-7999,0.159,-7999,-7999,-7999
"2023-10-01 22:00:00",53,"Site 3",39.10367,-96.60065,335,726.9,22.25,-7999,-7999,-7999,-7999,-7999,-7999,0.159,-7999,-7999,-7999
"2023-10-01 23:00:00",54,"Site 3",39.10367,-96.60065,335,726.8,22.2,-7999,-7999,-7999,-7999,-7999,-7999,0.159,-7999,-7999,-7999
"2023-10-02 00:00:00",55,"Site 3",39.10367,-96.60065,335,726.4,22.13,-7999,-7999,-7999,-7999,-7999,-7999,0.158,-7999,-7999,-7999
"2023-10-02 01:00:00",56,"Site 3",39.10367,-96.60065,335,726.5,22.07,-7999,-7999,-7999,-7999,-7999,-7999,0.158,-7999,-7999,-7999
"2023-10-02 02:00:00",57,"Site 3",39.10367,-96.60065,335,726.2,22,-7999,-7999,-7999,-7999,-7999,-7999,0.158,-7999,-7999,-7999
"2023-10-02 03:00:00",58,"Site 3",39.10367,-96.60065,335,726.1,21.91,-7999,-7999,-7999,-7999,-7999,-7999,0.158,-7999,-7999,-7999
"2023-10-02 04:00:00",59,"Site 3",39.10367,-96.60065,335,726,21.84,-7999,-7999,-7999,-7999,-7999,-7999,0.158,-7999,-7999,-7999
"2023-10-02 05:00:00",60,"Site 3",39.10367,-96.60065,335,725.7,21.75,-7999,-7999,-7999,-7999,-7999,-7999,0.158,-7999,-7999,-7999
"2023-10-02 06:00:00",61,"Site 3",39.10367,-96.60065,335,725.4,21.68,-7999,-7999,-7999,-7999,-7999,-7999,0.158,-7999,-7999,-7999
"2023-10-02 07:00:00",62,"Site 3",39.10367,-96.60065,335,725.3,21.59,-7999,-7999,-7999,-7999,-7999,-7999,0.158,-7999,-7999,-7999
"2023-10-02 08:00:00",63,"Site 3",39.10367,-96.60065,335,725.1,21.53,-7999,-7999,-7999,-7999,-7999,-7999,0.158,-7999,-7999,-7999
"2023-10-02 09:00:00",64,"Site 3",39.10367,-96.60065,335,724.9,21.47,-7999,-7999,-7999,-7999,-7999,-7999,0.158,-7999,-7999,-7999
"2023-10-02 10:00:00",65,"Site 3",39.10367,-96.60065,335,724.7,21.44,-7999,-7999,-7999,-7999,-7999,-7999,0.158,-7999,-7999,-7999
"2023-10-02 11:00:00",66,"Site 3",39.10367,-96.60065,335,724.4,21.44,-7999,-7999,-7999,-7999,-7999,-7999,0.157,-7999,-7999,-7999
"2023-10-02 12:00:00",67,"Site 3",39.10367,-96.60065,335,724.3,21.46,-7999,-7999,-7999,-7999,-7999,-7999,0.157,-7999,-7999,-7999
"2023-10-02 13:00:00",68,"Site 3",39.10367,-96.60065,335,724.2,21.53,-7999,-7999,-7999,-7999,-7999,-7999,0.157,-7999,-7999,-7999
"2023-10-02 14:00:00",69,"Site 3",39.10367,-96.60065,335,724,21.66,-7999,-7999,-7999,-7999,-7999,-7999,0.157,-7999,-7999,-7999
"2023-10-02 15:00:00",70,"Site 3",39.10367,-96.60065,335,723.9,21.78,-7999,-7999,-7999,-7999,-7999,-7999,0.157,-7999,-7999,-7999
"2023-10-02 16:00:00",71,"Site 3",39.10367,-96.60065,335,723.9,21.91,-7999,-7999,-7999,-7999,-7999,-7999,0.157,-7999,-7999,-7999
"2023-10-02 17:00:00",72,"Site 3",39.10367,-96.60065,335,724,22.02,-7999,-7999,-7999,-7999,-7999,-7999,0.157,-7999,-7999,-7999
"2023-10-02 18:00:00",73,"Site 3",39.10367,-96.60065,335,723.9,22.09,-7999,-7999,-7999,-7999,-7999,-7999,0.157,-7999,-7999,-7999
"2023-10-02 19:00:00",74,"Site 3",39.10367,-96.60065,335,723.8,22.17,-7999,-7999,-7999,-7999,-7999,-7999,0.157,-7999,-7999,-7999
"2023-10-02 20:00:00",75,"Site 3",39.10367,-96.60065,335,723.7,22.19,-7999,-7999,-7999,-7999,-7999,-7999,0.157,-7999,-7999,-7999
"2023-10-02 21:00:00",76,"Site 3",39.10367,-96.60065,335,723.6,22.18,-7999,-7999,-7999,-7999,-7999,-7999,0.157,-7999,-7999,-7999
"2023-10-02 22:00:00",77,"Site 3",39.10367,-96.60065,335,723.5,22.14,-7999,-7999,-7999,-7999,-7999,-7999,0.157,-7999,-7999,-7999
"2023-10-02 23:00:00",78,"Site 3",39.10367,-96.60065,335,723.5,22.07,-7999,-7999,-7999,-7999,-7999,-7999,0.157,-7999,-7999,-7999
"2023-10-03 00:00:00",79,"Site 3",39.10367,-96.60065,335,723,22.02,-7999,-7999,-7999,-7999,-7999,-7999,0.157,-7999,-7999,-7999
"2023-10-03 01:00:00",80,"Site 3",39.10367,-96.60065,335,723.1,21.96,-7999,-7999,-7999,-7999,-7999,-7999,0.157,-7999,-7999,-7999
"2023-10-03 02:00:00",81,"Site 3",39.10367,-96.60065,335,722.9,21.89,-7999,-7999,-7999,-7999,-7999,-7999,0.157,-7999,-7999,-7999
"2023-10-03 03:00:00",82,"Site 3",39.10367,-96.60065,335,722.6,21.81,-7999,-7999,-7999,-7999,-7999,-7999,0.157,-7999,-7999,-7999
"2023-10-03 04:00:00",83,"Site 3",39.10367,-96.60065,335,722.5,21.75,-7999,-7999,-7999,-7999,-7999,-7999,0.157,-7999,-7999,-7999
"2023-10-03 05:00:00",84,"Site 3",39.10367,-96.60065,335,722.4,21.68,-7999,-7999,-7999,-7999,-7999,-7999,0.157,-7999,-7999,-7999
"2023-10-03 06:00:00",85,"Site 3",39.10367,-96.60065,335,722.2,21.6,-7999,-7999,-7999,-7999,-7999,-7999,0.156,-7999,-7999,-7999
"2023-10-03 07:00:00",86,"Site 3",39.10367,-96.60065,335,722,21.55,-7999,-7999,-7999,-7999,-7999,-7999,0.156,-7999,-7999,-7999
"2023-10-03 08:00:00",87,"Site 3",39.10367,-96.60065,335,721.8,21.49,-7999,-7999,-7999,-7999,-7999,-7999,0.156,-7999,-7999,-7999
"2023-10-03 09:00:00",88,"Site 3",39.10367,-96.60065,335,721.6,21.42,-7999,-7999,-7999,-7999,-7999,-7999,0.156,-7999,-7999,-7999
"2023-10-03 10:00:00",89,"Site 3",39.10367,-96.60065,335,721.3,21.39,-7999,-7999,-7999,-7999,-7999,-7999,0.156,-7999,-7999,-7999
"2023-10-03 11:00:00",90,"Site 3",39.10367,-96.60065,335,721.3,21.34,-7999,-7999,-7999,-7999,-7999,-7999,0.156,-7999,-7999,-7999
"2023-10-03 12:00:00",91,"Site 3",39.10367,-96.60065,335,721.1,21.34,-7999,-7999,-7999,-7999,-7999,-7999,0.156,-7999,-7999,-7999
"2023-10-03 13:00:00",92,"Site 3",39.10367,-96.60065,335,720.9,21.34,-7999,-7999,-7999,-7999,-7999,-7999,0.156,-7999,-7999,-7999
"2023-10-03 14:00:00",93,"Site 3",39.10367,-96.60065,335,720.9,21.39,-7999,-7999,-7999,-7999,-7999,-7999,0.156,-7999,-7999,-7999
"2023-10-03 15:00:00",94,"Site 3",39.10367,-96.60065,335,720.6,21.43,-7999,-7999,-7999,-7999,-7999,-7999,0.156,-7999,-7999,-7999
"2023-10-03 16:00:00",95,"Site 3",39.10367,-96.60065,335,720.7,21.49,-7999,-7999,-7999,-7999,-7999,-7999,0.156,-7999,-7999,-7999
"2023-10-03 17:00:00",96,"Site 3",39.10367,-96.60065,335,720.5,21.54,-7999,-7999,-7999,-7999,-7999,-7999,0.156,-7999,-7999,-7999
"2023-10-03 18:00:00",97,"Site 3",39.10367,-96.60065,335,720.5,21.6,-7999,-7999,-7999,-7999,-7999,-7999,0.156,-7999,-7999,-7999
"2023-10-03 19:00:00",98,"Site 3",39.10367,-96.60065,335,720.4,21.65,-7999,-7999,-7999,-7999,-7999,-7999,0.156,-7999,-7999,-7999
"2023-10-03 20:00:00",99,"Site 3",39.10367,-96.60065,335,720.3,21.67,-7999,-7999,-7999,-7999,-7999,-7999,0.156,-7999,-7999,-7999
"2023-10-03 21:00:00",100,"Site 3",39.10367,-96.60065,335,720.3,21.66,-7999,-7999,-7999,-7999,-7999,-7999,0.156,-7999,-7999,-7999
"2023-10-03 22:00:00",101,"Site 3",39.10367,-96.60065,335,744.4,21.66,-7999,-7999,-7999,-7999,-7999,-7999,0.167,-7999,-7999,-7999
"2023-10-03 23:00:00",102,"Site 3",39.10367,-96.60065,335,896,21.49,-7999,-7999,-7999,-7999,-7999,-7999,0.305,-7999,-7999,-7999
"2023-10-04 00:00:00",103,"Site 3",39.10367,-96.60065,335,914,21.14,-7999,-7999,-7999,-7999,-7999,-7999,0.34,-7999,-7999,-7999
"2023-10-04 01:00:00",104,"Site 3",39.10367,-96.60065,335,917,20.95,-7999,-7999,-7999,-7999,-7999,-7999,0.345,-7999,-7999,-7999
"2023-10-04 02:00:00",105,"Site 3",39.10367,-96.60065,335,917,20.89,-7999,-7999,-6666,"NAN",-7999,-7999,0.346,-7999,-7999,-7999
"2023-10-04 03:00:00",106,"Site 3",39.10367,-96.60065,335,917,20.81,-7999,-7999,-7999,-7999,-7999,-7999,0.346,-7999,-7999,-7999
"2023-10-04 04:00:00",107,"Site 3",39.10367,-96.60065,335,917,20.75,-7999,-7999,-7999,-7999,-7999,-7999,0.346,-7999,-7999,-7999
"2023-10-04 05:00:00",108,"Site 3",39.10367,-96.60065,335,917,20.69,-7999,-7999,-6666,"NAN",-7999,-7999,0.346,-7999,-7999,-7999
"2023-10-04 06:00:00",109,"Site 3",39.10367,-96.60065,335,917,20.59,-7999,-7999,-6666,"NAN",-7999,-7999,0.346,-7999,-7999,-7999
"2023-10-04 07:00:00",110,"Site 3",39.10367,-96.60065,335,917,20.5,-7999,-7999,-7999,-7999,-7999,-7999,0.346,-7999,-7999,-7999
"2023-10-04 08:00:00",111,"Site 3",39.10367,-96.60065,335,917,20.36,-7999,-7999,-7999,-7999,-7999,-7999,0.346,-7999,-7999,-7999
"2023-10-04 09:00:00",112,"Site 3",39.10367,-96.60065,335,917,20.25,-7999,-7999,-7999,-7999,-7999,-7999,0.346,-7999,-7999,-7999
"2023-10-04 10:00:00",113,"Site 3",39.10367,-96.60065,335,917,20.16,-7999,-7999,-7999,-7999,-7999,-7999,0.346,-7999,-7999,-7999
"2023-10-04 11:00:00",114,"Site 3",39.10367,-96.60065,335,917,20.09,-7999,-7999,-3333,"NAN",-7999,-7999,0.346,-7999,-7664,-7999
"2023-10-04 12:00:00",115,"Site 3",39.10367,-96.60065,335,917,20.06,-7999,-7999,-7999,-7999,-7999,-7999,0.346,-7999,-7999,-7999
"2023-10-04 13:00:00",116,"Site 3",39.10367,-96.60065,335,917,20.06,-7999,-7999,-7999,-7999,-7999,-7999,0.346,-7999,-7999,-7999
"2023-10-04 14:00:00",117,"Site 3",39.10367,-96.60065,335,917,20.09,-7999,-7999,-7999,-7999,-7999,-7999,0.345,-7999,-7999,-7999
"2023-10-04 15:00:00",118,"Site 3",39.10367,-96.60065,335,917,20.16,-7999,-7999,-7999,-7999,-7999,-7999,0.345,-7999,-7999,-7999
"2023-10-04 16:00:00",119,"Site 3",39.10367,-96.60065,335,916,20.28,-7999,-7999,-7999,-7999,-7999,-7999,0.345,-7999,-7999,-7999
"2023-10-04 17:00:00",120,"Site 3",39.10367,-96.60065,335,916,20.37,-7999,-7999,-7999,-7999,-7999,-7999,0.345,-7999,-7999,-7999
"2023-10-04 18:00:00",121,"Site 3",39.10367,-96.60065,335,916,20.47,-7999,-7999,-7999,-7999,-7999,-7999,0.344,-7999,-7999,-7999
"2023-10-04 19:00:00",122,"Site 3",39.10367,-96.60065,335,916,20.52,-7999,-7999,-7999,-7999,-7999,-7999,0.344,-7999,-7999,-7999
"2023-10-04 20:00:00",123,"Site 3",39.10367,-96.60065,335,916,20.53,-7999,-7999,-7999,-7999,-7999,-7999,0.344,-7999,-7999,-7999
"2023-10-04 21:00:00",124,"Site 3",39.10367,-96.60065,335,916,20.49,-7999,-7999,-7999,-7999,-7999,-7999,0.344,-7999,-7999,-7999
"2023-10-04 22:00:00",125,"Site 3",39.10367,-96.60065,335,916,20.41,-7999,-7999,-7999,-7999,-7999,-7999,0.344,-7999,-7999,-7999
"2023-10-04 23:00:00",126,"Site 3",39.10367,-96.60065,335,916,20.31,-7999,-7999,-7999,-7999,-7999,-7999,0.343,-7999,-7999,-7999
"2023-10-05 00:00:00",127,"Site 3",39.10367,-96.60065,335,916,20.17,-7999,-7999,-7999,-7999,-7999,-7999,0.343,-7999,-7999,-7999
"2023-10-05 01:00:00",128,"Site 3",39.10367,-96.60065,335,916,20.02,-7999,-7999,-7999,-7999,-7999,-7999,0.343,-7999,-7999,-7999
"2023-10-05 02:00:00",129,"Site 3",39.10367,-96.60065,335,916,19.87,-7999,-7999,-7999,-7999,-7999,-7999,0.343,-7999,-7999,-7999
"2023-10-05 03:00:00",130,"Site 3",39.10367,-96.60065,335,915,19.72,-7999,-7999,-7999,-7999,-7999,-7999,0.343,-7999,-7999,-7999
"2023-10-05 04:00:00",131,"Site 3",39.10367,-96.60065,335,915,19.56,-7999,-7999,-7999,-7999,-7999,-7999,0.342,-7999,-7999,-7999
"2023-10-05 05:00:00",132,"Site 3",39.10367,-96.60065,335,915,19.41,-7999,-7999,-7999,-7999,-7999,-7999,0.342,-7999,-7999,-7999
"2023-10-05 06:00:00",133,"Site 3",39.10367,-96.60065,335,915,19.25,-7999,-7999,-7999,-7999,-7999,-7999,0.342,-7999,-7999,-7999
"2023-10-05 07:00:00",134,"Site 3",39.10367,-96.60065,335,915,19.1,-7999,-7999,-7999,-7999,-7999,-7999,0.342,-7999,-7999,-7999
"2023-10-05 08:00:00",135,"Site 3",39.10367,-96.60065,335,915,18.95,-7999,-7999,-7999,-7999,-7999,-7999,0.342,-7999,-7999,-7999
"2023-10-05 09:00:00",136,"Site 3",39.10367,-96.60065,335,915,18.8,-7999,-7999,-7999,-7999,-7999,-7999,0.342,-7999,-7999,-7999
"2023-10-05 10:00:00",137,"Site 3",39.10367,-96.60065,335,915,18.71,-7999,-7999,-7999,-7999,-7999,-7999,0.341,-7999,-7999,-7999
"2023-10-05 11:00:00",138,"Site 3",39.10367,-96.60065,335,915,18.68,-7999,-7999,-7999,-7999,-7999,-7999,0.341,-7999,-7999,-7999
"2023-10-05 12:00:00",139,"Site 3",39.10367,-96.60065,335,915,18.7,-7999,-7999,-7999,-7999,-7999,-7999,0.341,-7999,-7999,-7999
"2023-10-05 13:00:00",140,"Site 3",39.10367,-96.60065,335,915,18.78,-7999,-7999,-7999,-7999,-7999,-7999,0.341,-7999,-7999,-7999
"2023-10-05 14:00:00",141,"Site 3",39.10367,-96.60065,335,914,18.94,-7999,-7999,-7999,-7999,-7999,-7999,0.34,-7999,-7999,-7999
"2023-10-05 15:00:00",142,"Site 3",39.10367,-96.60065,335,914,19.12,-7999,-7999,-7999,-7999,-7999,-7999,0.34,-7999,-7999,-7999
"2023-10-05 16:00:00",143,"Site 3",39.10367,-96.60065,335,914,19.28,-7999,-7999,-7999,-7999,-7999,-7999,0.34,-7999,-7999,-7999
"2023-10-05 17:00:00",144,"Site 3",39.10367,-96.60065,335,914,19.43,-7999,-7999,-7999,-7999,-7999,-7999,0.34,-7999,-7999,-7999
"2023-10-05 18:00:00",145,"Site 3",39.10367,-96.60065,335,914,19.56,-7999,-7999,-7999,-7999,-7999,-7999,0.339,-7999,-7999,-7999
"2023-10-05 19:00:00",146,"Site 3",39.10367,-96.60065,335,914,19.65,-7999,-7999,-7999,-7999,-7999,-7999,0.339,-7999,-7999,-7999
"2023-10-05 20:00:00",147,"Site 3",39.10367,-96.60065,335,914,19.66,-7999,-7999,-7999,-7999,-7999,-7999,0.339,-7999,-7999,-7999
"2023-10-05 21:00:00",148,"Site 3",39.10367,-96.60065,335,913,19.6,-7999,-7999,-7999,-7999,-7999,-7999,0.339,-7999,-7999,-7999
"2023-10-05 22:00:00",149,"Site 3",39.10367,-96.60065,335,913,19.5,-7999,-7999,-7999,-7999,-7999,-7999,0.338,-7999,-7999,-7999
"2023-10-05 23:00:00",150,"Site 3",39.10367,-96.60065,335,913,19.37,-7999,-7999,-7999,-7999,-7999,-7999,0.338,-7999,-7999,-7999
"2023-10-06 00:00:00",151,"Site 3",39.10367,-96.60065,335,913,19.2,-7999,-7999,-7999,-7999,-7999,-7999,0.338,-7999,-7999,-7999
"2023-10-06 01:00:00",152,"Site 3",39.10367,-96.60065,335,913,19.03,-7999,-7999,-7999,-7999,-7999,-7999,0.338,-7999,-7999,-7999
"2023-10-06 02:00:00",153,"Site 3",39.10367,-96.60065,335,913,18.84,-7999,-7999,-7999,-7999,-7999,-7999,0.337,-7999,-7999,-7999
"2023-10-06 03:00:00",154,"Site 3",39.10367,-96.60065,335,913,18.67,-7999,-7999,-7999,-7999,-7999,-7999,0.337,-7999,-7999,-7999
"2023-10-06 04:00:00",155,"Site 3",39.10367,-96.60065,335,913,18.5,-7999,-7999,-7999,-7999,-7999,-7999,0.337,-7999,-7999,-7999
"2023-10-06 05:00:00",156,"Site 3",39.10367,-96.60065,335,913,18.31,-7999,-7999,-7999,-7999,-7999,-7999,0.337,-7999,-7999,-7999
"2023-10-06 06:00:00",157,"Site 3",39.10367,-96.60065,335,913,18.13,-7999,-7999,-7999,-7999,-7999,-7999,0.337,-7999,-7999,-7999
"2023-10-06 07:00:00",158,"Site 3",39.10367,-96.60065,335,912,17.98,-7999,-7999,-7999,-7999,-7999,-7999,0.336,-7999,-7999,-7999
"2023-10-06 08:00:00",159,"Site 3",39.10367,-96.60065,335,912,17.82,-7999,-7999,-7999,-7999,-7999,-7999,0.336,-7999,-7999,-7999
"2023-10-06 09:00:00",160,"Site 3",39.10367,-96.60065,335,912,17.69,-7999,-7999,-7999,-7999,-7999,-7999,0.336,-7999,-7999,-7999
"2023-10-06 10:00:00",161,"Site 3",39.10367,-96.60065,335,912,17.59,-7999,-7999,-7999,-7999,-7999,-7999,0.336,-7999,-7999,-7999
"2023-10-06 11:00:00",162,"Site 3",39.10367,-96.60065,335,912,17.52,-7999,-7999,-7999,-7999,-7999,-7999,0.335,-7999,-7999,-7999
"2023-10-06 12:00:00",163,"Site 3",39.10367,-96.60065,335,912,17.46,-7999,-7999,-7999,-7999,-7999,-7999,0.335,-7999,-7999,-7999
"2023-10-06 13:00:00",164,"Site 3",39.10367,-96.60065,335,912,17.4,-7999,-7999,-7999,-7999,-7999,-7999,0.335,-7999,-7999,-7999
"2023-10-06 14:00:00",165,"Site 3",39.10367,-96.60065,335,912,17.36,-7999,-7999,-7999,-7999,-7999,-7999,0.335,-7999,-7999,-7999
"2023-10-06 15:00:00",166,"Site 3",39.10367,-96.60065,335,911,17.37,-7999,-7999,-7999,-7999,-7999,-7999,0.334,-7999,-7999,-7999
"2023-10-06 16:00:00",167,"Site 3",39.10367,-96.60065,335,911,17.4,-7999,-7999,-7999,-7999,-7999,-7999,0.334,-7999,-7999,-7999
"2023-10-06 17:00:00",168,"Site 3",39.10367,-96.60065,335,911,17.44,-7999,-7999,-7999,-7999,-7999,-7999,0.334,-7999,-7999,-7999
"2023-10-06 18:00:00",169,"Site 3",39.10367,-96.60065,335,911,17.49,-7999,-7999,-7999,-7999,-7999,-7999,0.334,-7999,-7999,-7999
"2023-10-06 19:00:00",170,"Site 3",39.10367,-96.60065,335,911,17.52,-7999,-7999,-7999,-7999,-7999,-7999,0.333,-7999,-7999,-7999
"2023-10-06 20:00:00",171,"Site 3",39.10367,-96.60065,335,911,17.51,-7999,-7999,-7999,-7999,-7999,-7999,0.333,-7999,-7999,-7999
"2023-10-06 21:00:00",172,"Site 3",39.10367,-96.60065,335,911,17.44,-7999,-7999,-7999,-7999,-7999,-7999,0.333,-7999,-7999,-7999
"2023-10-06 22:00:00",173,"Site 3",39.10367,-96.60065,335,911,17.33,-7999,-7999,-7999,-7999,-7999,-7999,0.333,-7999,-7999,-7999
"2023-10-06 23:00:00",174,"Site 3",39.10367,-96.60065,335,911,17.21,-7999,-7999,-7999,-7999,-7999,-7999,0.333,-7999,-7999,-7999
"2023-10-07 00:00:00",175,"Site 3",39.10367,-96.60065,335,911,17.05,-7999,-7999,-7999,-7999,-7999,-7999,0.332,-7999,-7999,-7999
"2023-10-07 01:00:00",176,"Site 3",39.10367,-96.60065,335,911,16.89,-7999,-7999,-7999,-7999,-7999,-7999,0.332,-7999,-7999,-7999
"2023-10-07 02:00:00",177,"Site 3",39.10367,-96.60065,335,911,16.7,-7999,-7999,-7999,-7999,-7999,-7999,0.332,-7999,-7999,-7999
"2023-10-07 03:00:00",178,"Site 3",39.10367,-96.60065,335,910,16.53,-7999,-7999,-7999,-7999,-7999,-7999,0.332,-7999,-7999,-7999
"2023-10-07 04:00:00",179,"Site 3",39.10367,-96.60065,335,910,16.34,-7999,-7999,-7999,-7999,-7999,-7999,0.332,-7999,-7999,-7999
"2023-10-07 05:00:00",180,"Site 3",39.10367,-96.60065,335,910,16.19,-7999,-7999,-7999,-7999,-7999,-7999,0.332,-7999,-7999,-7999
"2023-10-07 06:00:00",181,"Site 3",39.10367,-96.60065,335,910,16,-7999,-7999,-7999,-7999,-7999,-7999,0.332,-7999,-7999,-7999
"2023-10-07 07:00:00",182,"Site 3",39.10367,-96.60065,335,910,15.82,-7999,-7999,-7999,-7999,-7999,-7999,0.332,-7999,-7999,-7999
"2023-10-07 08:00:00",183,"Site 3",39.10367,-96.60065,335,910,15.66,-7999,-7999,-7999,-7999,-7999,-7999,0.331,-7999,-7999,-7999
"2023-10-07 09:00:00",184,"Site 3",39.10367,-96.60065,335,910,15.51,-7999,-7999,-7999,-7999,-7999,-7999,0.331,-7999,-7999,-7999
"2023-10-07 10:00:00",185,"Site 3",39.10367,-96.60065,335,910,15.38,-7999,-7999,-7999,-7999,-7999,-7999,0.331,-7999,-7999,-7999
"2023-10-07 11:00:00",186,"Site 3",39.10367,-96.60065,335,910,15.33,-7999,-7999,-7999,-7999,-7999,-7999,0.331,-7999,-7999,-7999
"2023-10-07 12:00:00",187,"Site 3",39.10367,-96.60065,335,910,15.32,-7999,-7999,-7999,-7999,-7999,-7999,0.33,-7999,-7999,-7999
"2023-10-07 13:00:00",188,"Site 3",39.10367,-96.60065,335,909,15.38,-7999,-7999,-7999,-7999,-7999,-7999,0.33,-7999,-7999,-7999
"2023-10-07 14:00:00",189,"Site 3",39.10367,-96.60065,335,909,15.51,-7999,-7999,-7999,-7999,-7999,-7999,0.33,-7999,-7999,-7999
"2023-10-07 15:00:00",190,"Site 3",39.10367,-96.60065,335,909,15.65,-7999,-7999,-7999,-7999,-7999,-7999,0.33,-7999,-7999,-7999
"2023-10-07 16:00:00",191,"Site 3",39.10367,-96.60065,335,909,15.78,-7999,-7999,-7999,-7999,-7999,-7999,0.329,-7999,-7999,-7999
"2023-10-07 17:00:00",192,"Site 3",39.10367,-96.60065,335,909,15.93,-7999,-7999,-7999,-7999,-7999,-7999,0.329,-7999,-7999,-7999
"2023-10-07 18:00:00",193,"Site 3",39.10367,-96.60065,335,909,16.05,-7999,-7999,-7999,-7999,-7999,-7999,0.329,-7999,-7999,-7999
"2023-10-07 19:00:00",194,"Site 3",39.10367,-96.60065,335,909,16.16,-7999,-7999,-7999,-7999,-7999,-7999,0.329,-7999,-7999,-7999
"2023-10-07 20:00:00",195,"Site 3",39.10367,-96.60065,335,909,16.22,-7999,-7999,-7999,-7999,-7999,-7999,0.329,-7999,-7999,-7999
"2023-10-07 21:00:00",196,"Site 3",39.10367,-96.60065,335,909,16.21,-7999,-7999,-7999,-7999,-7999,-7999,0.328,-7999,-7999,-7999
"2023-10-07 22:00:00",197,"Site 3",39.10367,-96.60065,335,908,16.16,-7999,-7999,-7999,-7999,-7999,-7999,0.328,-7999,-7999,-7999
"2023-10-07 23:00:00",198,"Site 3",39.10367,-96.60065,335,908,16.07,-7999,-7999,-7999,-7999,-7999,-7999,0.328,-7999,-7999,-7999
"2023-10-08 00:00:00",199,"Site 3",39.10367,-96.60065,335,908,16,-7999,-7999,-7999,-7999,-7999,-7999,0.328,-7999,-7999,-7999
"2023-10-08 01:00:00",200,"Site 3",39.10367,-96.60065,335,908,15.94,-7999,-7999,-7999,-7999,-7999,-7999,0.328,-7999,-7999,-7999
"2023-10-08 02:00:00",201,"Site 3",39.10367,-96.60065,335,908,15.85,-7999,-7999,-7999,-7999,-7999,-7999,0.328,-7999,-7999,-7999
"2023-10-08 03:00:00",202,"Site 3",39.10367,-96.60065,335,908,15.8,-7999,-7999,-7999,-7999,-7999,-7999,0.327,-7999,-7999,-7999
"2023-10-08 04:00:00",203,"Site 3",39.10367,-96.60065,335,908,15.74,-7999,-7999,-7999,-7999,-7999,-7999,0.327,-7999,-7999,-7999
"2023-10-08 05:00:00",204,"Site 3",39.10367,-96.60065,335,908,15.7,-7999,-7999,-7999,-7999,-7999,-7999,0.327,-7999,-7999,-7999
"2023-10-08 06:00:00",205,"Site 3",39.10367,-96.60065,335,908,15.65,-7999,-7999,-7999,-7999,-7999,-7999,0.327,-7999,-7999,-7999
"2023-10-08 07:00:00",206,"Site 3",39.10367,-96.60065,335,908,15.58,-7999,-7999,-7999,-7999,-7999,-7999,0.327,-7999,-7999,-7999
"2023-10-08 08:00:00",207,"Site 3",39.10367,-96.60065,335,908,15.52,-7999,-7999,-7999,-7999,-7999,-7999,0.327,-7999,-7999,-7999
"2023-10-08 09:00:00",208,"Site 3",39.10367,-96.60065,335,908,15.48,-7999,-7999,-7999,-7999,-7999,-7999,0.327,-7999,-7999,-7999
"2023-10-08 10:00:00",209,"Site 3",39.10367,-96.60065,335,908,15.44,-7999,-7999,-7999,-7999,-7999,-7999,0.326,-7999,-7999,-7999
"2023-10-08 11:00:00",210,"Site 3",39.10367,-96.60065,335,907,15.47,-7999,-7999,-7999,-7999,-7999,-7999,0.326,-7999,-7999,-7999
"2023-10-08 12:00:00",211,"Site 3",39.10367,-96.60065,335,907,15.53,-7999,-7999,-7999,-7999,-7999,-7999,0.326,-7999,-7999,-7999
"2023-10-08 13:00:00",212,"Site 3",39.10367,-96.60065,335,907,15.64,-7999,-7999,-7999,-7999,-7999,-7999,0.326,-7999,-7999,-7999
"2023-10-08 14:00:00",213,"Site 3",39.10367,-96.60065,335,907,15.81,-7999,-7999,-7999,-7999,-7999,-7999,0.325,-7999,-7999,-7999
"2023-10-08 15:00:00",214,"Site 3",39.10367,-96.60065,335,907,16.01,-7999,-7999,-7999,-7999,-7999,-7999,0.325,-7999,-7999,-7999
"2023-10-08 16:00:00",215,"Site 3",39.10367,-96.60065,335,907,16.23,-7999,-7999,-7999,-7999,-7999,-7999,0.325,-7999,-7999,-7999
"2023-10-08 17:00:00",216,"Site 3",39.10367,-96.60065,335,907,16.45,-7999,-7999,-7999,-7999,-7999,-7999,0.325,-7999,-7999,-7999
"2023-10-08 18:00:00",217,"Site 3",39.10367,-96.60065,335,906,16.68,-7999,-7999,-7999,-7999,-7999,-7999,0.324,-7999,-7999,-7999
"2023-10-08 19:00:00",218,"Site 3",39.10367,-96.60065,335,906,16.87,-7999,-7999,-7999,-7999,-7999,-7999,0.324,-7999,-7999,-7999
"2023-10-08 20:00:00",219,"Site 3",39.10367,-96.60065,335,906,16.99,-7999,-7999,-7999,-7999,-7999,-7999,0.324,-7999,-7999,-7999
"2023-10-08 21:00:00",220,"Site 3",39.10367,-96.60065,335,906,17.03,-7999,-7999,-7999,-7999,-7999,-7999,0.324,-7999,-7999,-7999
"2023-10-08 22:00:00",221,"Site 3",39.10367,-96.60065,335,906,17.02,-7999,-7999,-7999,-7999,-7999,-7999,0.324,-7999,-7999,-7999
"2023-10-08 23:00:00",222,"Site 3",39.10367,-96.60065,335,906,16.97,-7999,-7999,-7999,-7999,-7999,-7999,0.323,-7999,-7999,-7999
"2023-10-09 00:00:00",223,"Site 3",39.10367,-96.60065,335,906,16.9,-7999,-7999,-7999,-7999,-7999,-7999,0.324,-7999,-7999,-7999
"2023-10-09 01:00:00",224,"Site 3",39.10367,-96.60065,335,906,16.81,-7999,-7999,-7999,-7999,-7999,-7999,0.323,-7999,-7999,-7999
"2023-10-09 02:00:00",225,"Site 3",39.10367,-96.60065,335,906,16.72,-7999,-7999,-7999,-7999,-7999,-7999,0.323,-7999,-7999,-7999
"2023-10-09 03:00:00",226,"Site 3",39.10367,-96.60065,335,906,16.6,-7999,-7999,-7999,-7999,-7999,-7999,0.323,-7999,-7999,-7999
"2023-10-09 04:00:00",227,"Site 3",39.10367,-96.60065,335,906,16.48,-7999,-7999,-7999,-7999,-7999,-7999,0.323,-7999,-7999,-7999
"2023-10-09 05:00:00",228,"Site 3",39.10367,-96.60065,335,906,16.37,-7999,-7999,-7999,-7999,-7999,-7999,0.323,-7999,-7999,-7999
"2023-10-09 06:00:00",229,"Site 3",39.10367,-96.60065,335,906,16.21,-7999,-7999,-7999,-7999,-7999,-7999,0.323,-7999,-7999,-7999
"2023-10-09 07:00:00",230,"Site 3",39.10367,-96.60065,335,906,16.07,-7999,-7999,-7999,-7999,-7999,-7999,0.323,-7999,-7999,-7999
"2023-10-09 08:00:00",231,"Site 3",39.10367,-96.60065,335,906,15.94,-7999,-7999,-7999,-7999,-7999,-7999,0.323,-7999,-7999,-7999
"2023-10-09 09:00:00",232,"Site 3",39.10367,-96.60065,335,906,15.8,-7999,-7999,-7999,-7999,-7999,-7999,0.322,-7999,-7999,-7999
"2023-10-09 10:00:00",233,"Site 3",39.10367,-96.60065,335,905,15.71,-7999,-7999,-7999,-7999,-7999,-7999,0.322,-7999,-7999,-7999
"2023-10-09 11:00:00",234,"Site 3",39.10367,-96.60065,335,905,15.67,-7999,-7999,-7999,-7999,-7999,-7999,0.322,-7999,-7999,-7999
"2023-10-09 12:00:00",235,"Site 3",39.10367,-96.60065,335,905,15.68,-7999,-7999,-7999,-7999,-7999,-7999,0.322,-7999,-7999,-7999
"2023-10-09 13:00:00",236,"Site 3",39.10367,-96.60065,335,905,15.75,-7999,-7999,-7999,-7999,-7999,-7999,0.322,-7999,-7999,-7999
"2023-10-09 14:00:00",237,"Site 3",39.10367,-96.60065,335,905,15.88,-7999,-7999,-7999,-7999,-7999,-7999,0.321,-7999,-7999,-7999
"2023-10-09 15:00:00",238,"Site 3",39.10367,-96.60065,335,905,16.02,-7999,-7999,-7999,-7999,-7999,-7999,0.321,-7999,-7999,-7999
"2023-10-09 16:00:00",239,"Site 3",39.10367,-96.60065,335,905,16.17,-7999,-7999,-7999,-7999,-7999,-7999,0.321,-7999,-7999,-7999
"2023-10-09 17:00:00",240,"Site 3",39.10367,-96.60065,335,905,16.31,-7999,-7999,-7999,-7999,-7999,-7999,0.321,-7999,-7999,-7999
"2023-10-09 18:00:00",241,"Site 3",39.10367,-96.60065,335,905,16.44,-7999,-7999,-7999,-7999,-7999,-7999,0.32,-7999,-7999,-7999
"2023-10-09 19:00:00",242,"Site 3",39.10367,-96.60065,335,904,16.55,-7999,-7999,-7999,-7999,-7999,-7999,0.32,-7999,-7999,-7999
"2023-10-09 20:00:00",243,"Site 3",39.10367,-96.60065,335,904,16.59,-7999,-7999,-7999,-7999,-7999,-7999,0.32,-7999,-7999,-7999
"2023-10-09 21:00:00",244,"Site 3",39.10367,-96.60065,335,904,16.57,-7999,-7999,-7999,-7999,-7999,-7999,0.32,-7999,-7999,-7999
"2023-10-09 22:00:00",245,"Site 3",39.10367,-96.60065,335,904,16.5,-7999,-7999,-7999,-7999,-7999,-7999,0.32,-7999,-7999,-7999
"2023-10-09 23:00:00",246,"Site 3",39.10367,-96.60065,335,904,16.4,-7999,-7999,-7999,-7999,-7999,-7999,0.32,-7999,-7999,-7999
"2023-10-10 00:00:00",247,"Site 3",39.10367,-96.60065,335,904,16.26,-7999,-7999,-7999,-7999,-7999,-7999,0.32,-7999,-7999,-7999
"2023-10-10 01:00:00",248,"Site 3",39.10367,-96.60065,335,904,16.13,-7999,-7999,-7999,-7999,-7999,-7999,0.32,-7999,-7999,-7999
"2023-10-10 02:00:00",249,"Site 3",39.10367,-96.60065,335,904,15.99,-7999,-7999,-7999,-7999,-7999,-7999,0.319,-7999,-7999,-7999
"2023-10-10 03:00:00",250,"Site 3",39.10367,-96.60065,335,904,15.84,-7999,-7999,-7999,-7999,-7999,-7999,0.319,-7999,-7999,-7999
"2023-10-10 04:00:00",251,"Site 3",39.10367,-96.60065,335,904,15.7,-7999,-7999,-7999,-7999,-7999,-7999,0.319,-7999,-7999,-7999
"2023-10-10 05:00:00",252,"Site 3",39.10367,-96.60065,335,904,15.55,-7999,-7999,-7999,-7999,-7999,-7999,0.319,-7999,-7999,-7999
"2023-10-10 06:00:00",253,"Site 3",39.10367,-96.60065,335,904,15.41,-7999,-7999,-7999,-7999,-7999,-7999,0.319,-7999,-7999,-7999
"2023-10-10 07:00:00",254,"Site 3",39.10367,-96.60065,335,904,15.27,-7999,-7999,-7999,-7999,-7999,-7999,0.319,-7999,-7999,-7999
"2023-10-10 08:00:00",255,"Site 3",39.10367,-96.60065,335,904,15.15,-7999,-7999,-7999,-7999,-7999,-7999,0.319,-7999,-7999,-7999
"2023-10-10 09:00:00",256,"Site 3",39.10367,-96.60065,335,904,15.02,-7999,-7999,-7999,-7999,-7999,-7999,0.319,-7999,-7999,-7999
"2023-10-10 10:00:00",257,"Site 3",39.10367,-96.60065,335,903,14.94,-7999,-7999,-7999,-7999,-7999,-7999,0.318,-7999,-7999,-7999
"2023-10-10 11:00:00",258,"Site 3",39.10367,-96.60065,335,903,14.94,-7999,-7999,-7999,-7999,-7999,-7999,0.318,-7999,-7999,-7999
"2023-10-10 12:00:00",259,"Site 3",39.10367,-96.60065,335,903,14.99,-7999,-7999,-6699,"NAN",-7999,-7999,0.318,-7999,-7999,-7999
"2023-10-10 13:00:00",260,"Site 3",39.10367,-96.60065,335,903,15.13,-7999,-7999,-7999,-7999,-7999,-7999,0.317,-7999,-7999,-7999
"2023-10-10 14:00:00",261,"Site 3",39.10367,-96.60065,335,903,15.31,-7999,-7999,-7999,-7999,-7999,-7999,0.317,-7999,-7999,-7999
"2023-10-10 15:00:00",262,"Site 3",39.10367,-96.60065,335,903,15.5,-7999,-7999,-7999,-7999,-7999,-7999,0.317,-7999,-7999,-7999
"2023-10-10 16:00:00",263,"Site 3",39.10367,-96.60065,335,903,15.68,-7999,-7999,-7999,-7999,-7999,-7999,0.317,-7999,-7999,-7999
"2023-10-10 17:00:00",264,"Site 3",39.10367,-96.60065,335,902,15.83,-7999,-7999,-7999,-7999,-7999,-7999,0.316,-7999,-7999,-7999
"2023-10-10 18:00:00",265,"Site 3",39.10367,-96.60065,335,902,15.97,-7999,-7999,-7999,-7999,-7999,-7999,0.316,-7999,-7999,-7999
"2023-10-10 19:00:00",266,"Site 3",39.10367,-96.60065,335,902,16.06,-7999,-7999,-7999,-7999,-7999,-7999,0.316,-7999,-7999,-7999
"2023-10-10 20:00:00",267,"Site 3",39.10367,-96.60065,335,902,16.16,-7999,-7999,-7999,-7999,-7999,-7999,0.316,-7999,-7999,-7999
"2023-10-10 21:00:00",268,"Site 3",39.10367,-96.60065,335,902,16.21,-7999,-7999,-7999,-7999,-7999,-7999,0.316,-7999,-7999,-7999
"2023-10-10 22:00:00",269,"Site 3",39.10367,-96.60065,335,902,16.25,-7999,-7999,-7999,-7999,-7999,-7999,0.315,-7999,-7999,-7999
"2023-10-10 23:00:00",270,"Site 3",39.10367,-96.60065,335,902,16.27,-7999,-7999,-7999,-7999,-7999,-7999,0.315,-7999,-7999,-7999
"2023-10-11 00:00:00",271,"Site 3",39.10367,-96.60065,335,902,16.28,-7999,-7999,-7999,-7999,-7999,-7999,0.315,-7999,-7999,-7999
"2023-10-11 01:00:00",272,"Site 3",39.10367,-96.60065,335,902,16.28,-7999,-7999,-7999,-7999,-7999,-7999,0.315,-7999,-7999,-7999
"2023-10-11 02:00:00",273,"Site 3",39.10367,-96.60065,335,902,16.28,-7999,-7999,-7999,-7999,-7999,-7999,0.315,-7999,-7999,-7999
"2023-10-11 03:00:00",274,"Site 3",39.10367,-96.60065,335,901,16.28,-7999,-7999,-7999,-7999,-7999,-7999,0.315,-7999,-7999,-7999
"2023-10-11 04:00:00",275,"Site 3",39.10367,-96.60065,335,901,16.26,-7999,-7999,-7999,-7999,-7999,-7999,0.315,-7999,-7999,-7999
"2023-10-11 05:00:00",276,"Site 3",39.10367,-96.60065,335,901,16.24,-7999,-7999,-7999,-7999,-7999,-7999,0.314,-7999,-7999,-7999
"2023-10-11 06:00:00",277,"Site 3",39.10367,-96.60065,335,901,16.21,-7999,-7999,-7999,-7999,-7999,-7999,0.314,-7999,-7999,-7999
"2023-10-11 07:00:00",278,"Site 3",39.10367,-96.60065,335,901,16.18,-7999,-7999,-7999,-7999,-7999,-7999,0.314,-7999,-7999,-7999
"2023-10-11 08:00:00",279,"Site 3",39.10367,-96.60065,335,901,16.13,-7999,-7999,-7999,-7999,-7999,-7999,0.314,-7999,-7999,-7999
"2023-10-11 09:00:00",280,"Site 3",39.10367,-96.60065,335,901,16.09,-7999,-7999,-7999,-7999,-7999,-7999,0.314,-7999,-7999,-7999
"2023-10-11 10:00:00",281,"Site 3",39.10367,-96.60065,335,901,16.09,-7999,-7999,-7999,-7999,-7999,-7999,0.314,-7999,-7999,-7999
"2023-10-11 11:00:00",282,"Site 3",39.10367,-96.60065,335,901,16.16,-7999,-7999,-7999,-7999,-7999,-7999,0.313,-7999,-7999,-7999
"2023-10-11 12:00:00",283,"Site 3",39.10367,-96.60065,335,901,16.28,-7999,-7999,-7999,-7999,-7999,-7999,0.313,-7999,-7999,-7999
"2023-10-11 13:00:00",284,"Site 3",39.10367,-96.60065,335,901,16.45,-7999,-7999,-7999,-7999,-7999,-7999,0.313,-7999,-7999,-7999
"2023-10-11 14:00:00",285,"Site 3",39.10367,-96.60065,335,900,16.7,-7999,-7999,-7999,-7999,-7999,-7999,0.313,-7999,-7999,-7999
"2023-10-11 15:00:00",286,"Site 3",39.10367,-96.60065,335,900,16.95,-7999,-7999,-7999,-7999,-7999,-7999,0.312,-7999,-7999,-7999
"2023-10-11 16:00:00",287,"Site 3",39.10367,-96.60065,335,900,17.17,-7999,-7999,-7999,-7999,-7999,-7999,0.312,-7999,-7999,-7999
"2023-10-11 17:00:00",288,"Site 3",39.10367,-96.60065,335,900,17.38,-7999,-7999,-7999,-7999,-7999,-7999,0.312,-7999,-7999,-7999
"2023-10-11 18:00:00",289,"Site 3",39.10367,-96.60065,335,900,17.58,-7999,-7999,-7999,-7999,-7999,-7999,0.311,-7999,-7999,-7999
"2023-10-11 19:00:00",290,"Site 3",39.10367,-96.60065,335,900,17.74,-7999,-7999,-7999,-7999,-7999,-7999,0.311,-7999,-7999,-7999
"2023-10-11 20:00:00",291,"Site 3",39.10367,-96.60065,335,900,17.84,-7999,-7999,-7999,-7999,-7999,-7999,0.311,-7999,-7999,-7999
"2023-10-11 21:00:00",292,"Site 3",39.10367,-96.60065,335,899,17.93,-7999,-7999,-7999,-7999,-7999,-7999,0.311,-7999,-7999,-7999
"2023-10-11 22:00:00",293,"Site 3",39.10367,-96.60065,335,899,17.96,-7999,-7999,-7999,-7999,-7999,-7999,0.311,-7999,-7999,-7999
"2023-10-11 23:00:00",294,"Site 3",39.10367,-96.60065,335,899,18,-7999,-7999,-7999,-7999,-7999,-7999,0.31,-7999,-7999,-7999
"2023-10-12 00:00:00",295,"Site 3",39.10367,-96.60065,335,899,18,-7999,-7999,-7999,-7999,-7999,-7999,0.31,-7999,-7999,-7999
"2023-10-12 01:00:00",296,"Site 3",39.10367,-96.60065,335,899,18.01,-7999,-7999,-7999,-7999,-7999,-7999,0.31,-7999,-7999,-7999
"2023-10-12 02:00:00",297,"Site 3",39.10367,-96.60065,335,899,18,-7999,-7999,-7999,-7999,-7999,-7999,0.31,-7999,-7999,-7999
"2023-10-12 03:00:00",298,"Site 3",39.10367,-96.60065,335,899,18,-7999,-7999,-7999,-7999,-7999,-7999,0.31,-7999,-7999,-7999
"2023-10-12 04:00:00",299,"Site 3",39.10367,-96.60065,335,899,18,-7999,-7999,-7999,-7999,-7999,-7999,0.31,-7999,-7999,-7999
"2023-10-12 05:00:00",300,"Site 3",39.10367,-96.60065,335,899,17.97,-7999,-7999,-7999,-7999,-7999,-7999,0.309,-7999,-7999,-7999
"2023-10-12 06:00:00",301,"Site 3",39.10367,-96.60065,335,899,17.97,-7999,-7999,-7999,-7999,-7999,-7999,0.309,-7999,-7999,-7999
"2023-10-12 07:00:00",302,"Site 3",39.10367,-96.60065,335,898,17.93,-7999,-7999,-7999,-7999,-7999,-7999,0.309,-7999,-7999,-7999
"2023-10-12 08:00:00",303,"Site 3",39.10367,-96.60065,335,898,17.9,-7999,-7999,-7999,-7999,-7999,-7999,0.309,-7999,-7999,-7999
"2023-10-12 09:00:00",304,"Site 3",39.10367,-96.60065,335,898,17.85,-7999,-7999,-7999,-7999,-7999,-7999,0.309,-7999,-7999,-7999
"2023-10-12 10:00:00",305,"Site 3",39.10367,-96.60065,335,898,17.82,-7999,-7999,-7999,-7999,-7999,-7999,0.308,-7999,-7999,-7999
"2023-10-12 11:00:00",306,"Site 3",39.10367,-96.60065,335,898,17.81,-7999,-7999,-7999,-7999,-7999,-7999,0.308,-7999,-7999,-7999
"2023-10-12 12:00:00",307,"Site 3",39.10367,-96.60065,335,898,17.79,-7999,-7999,-7999,-7999,-7999,-7999,0.308,-7999,-7999,-7999
"2023-10-12 13:00:00",308,"Site 3",39.10367,-96.60065,335,898,17.78,-7999,-7999,-7999,-7999,-7999,-7999,0.308,-7999,-7999,-7999
"2023-10-12 14:00:00",309,"Site 3",39.10367,-96.60065,335,898,17.78,-7999,-7999,-7999,-7999,-7999,-7999,0.308,-7999,-7999,-7999
"2023-10-12 15:00:00",310,"Site 3",39.10367,-96.60065,335,898,17.78,-7999,-7999,-7999,-7999,-7999,-7999,0.308,-7999,-7999,-7999
"2023-10-12 16:00:00",311,"Site 3",39.10367,-96.60065,335,898,17.78,-7999,-7999,-7999,-7999,-7999,-7999,0.307,-7999,-7999,-7999
"2023-10-12 17:00:00",312,"Site 3",39.10367,-96.60065,335,898,17.78,-7999,-7999,-7999,-7999,-7999,-7999,0.307,-7999,-7999,-7999
"2023-10-12 18:00:00",313,"Site 3",39.10367,-96.60065,335,897,17.78,-7999,-7999,-7999,-7999,-7999,-7999,0.307,-7999,-7999,-7999
"2023-10-12 19:00:00",314,"Site 3",39.10367,-96.60065,335,897,17.79,-7999,-7999,-7999,-7999,-7999,-7999,0.307,-7999,-7999,-7999
"2023-10-12 20:00:00",315,"Site 3",39.10367,-96.60065,335,897,17.81,-7999,-7999,-7999,-7999,-7999,-7999,0.307,-7999,-7999,-7999
"2023-10-12 21:00:00",316,"Site 3",39.10367,-96.60065,335,897,17.81,-7999,-7999,-7999,-7999,-7999,-7999,0.307,-7999,-7999,-7999
"2023-10-12 22:00:00",317,"Site 3",39.10367,-96.60065,335,897,17.79,-7999,-7999,-7999,-7999,-7999,-7999,0.307,-7999,-7999,-7999
"2023-10-12 23:00:00",318,"Site 3",39.10367,-96.60065,335,897,17.78,-7999,-7999,-7999,-7999,-7999,-7999,0.307,-7999,-7999,-7999
"2023-10-13 00:00:00",319,"Site 3",39.10367,-96.60065,335,897,17.78,-7999,-7999,-7999,-7999,-7999,-7999,0.306,-7999,-7999,-7999
"2023-10-13 01:00:00",320,"Site 3",39.10367,-96.60065,335,897,17.77,-7999,-7999,-7999,-7999,-7999,-7999,0.306,-7999,-7999,-7999
"2023-10-13 02:00:00",321,"Site 3",39.10367,-96.60065,335,897,17.76,-7999,-7999,-7999,-7999,-7999,-7999,0.306,-7999,-7999,-7999
"2023-10-13 03:00:00",322,"Site 3",39.10367,-96.60065,335,897,17.74,-7999,-7999,-7999,-7999,-7999,-7999,0.306,-7999,-7999,-7999
"2023-10-13 04:00:00",323,"Site 3",39.10367,-96.60065,335,897,17.7,-7999,-7999,-7999,-7999,-7999,-7999,0.306,-7999,-7999,-7999
"2023-10-13 05:00:00",324,"Site 3",39.10367,-96.60065,335,897,17.63,-7999,-7999,-7999,-7999,-7999,-7999,0.306,-7999,-7999,-7999
"2023-10-13 06:00:00",325,"Site 3",39.10367,-96.60065,335,897,17.52,-7999,-7999,-7999,-7999,-7999,-7999,0.306,-7999,-7999,-7999
"2023-10-13 07:00:00",326,"Site 3",39.10367,-96.60065,335,897,17.41,-7999,-7999,-7999,-7999,-7999,-7999,0.306,-7999,-7999,-7999
"2023-10-13 08:00:00",327,"Site 3",39.10367,-96.60065,335,897,17.26,-7999,-7999,-7999,-7999,-7999,-7999,0.305,-7999,-7999,-7999
"2023-10-13 09:00:00",328,"Site 3",39.10367,-96.60065,335,896,17.12,-7999,-7999,-7999,-7999,-7999,-7999,0.305,-7999,-7999,-7999
"2023-10-13 10:00:00",329,"Site 3",39.10367,-96.60065,335,896,17,-7999,-7999,-7999,-7999,-7999,-7999,0.305,-7999,-7999,-7999
"2023-10-13 11:00:00",330,"Site 3",39.10367,-96.60065,335,896,16.92,-7999,-7999,-7999,-7999,-7999,-7999,0.305,-7999,-7999,-7999
"2023-10-13 12:00:00",331,"Site 3",39.10367,-96.60065,335,896,16.85,-7999,-7999,-7999,-7999,-7999,-7999,0.305,-7999,-7999,-7999
"2023-10-13 13:00:00",332,"Site 3",39.10367,-96.60065,335,896,16.8,-7999,-7999,-7999,-7999,-7999,-7999,0.304,-7999,-7999,-7999
"2023-10-13 14:00:00",333,"Site 3",39.10367,-96.60065,335,896,16.78,-7999,-7999,-7999,-7999,-7999,-7999,0.304,-7999,-7999,-7999
"2023-10-13 15:00:00",334,"Site 3",39.10367,-96.60065,335,896,16.76,-7999,-7999,-7999,-7999,-7999,-7999,0.304,-7999,-7999,-7999
"2023-10-13 16:00:00",335,"Site 3",39.10367,-96.60065,335,896,16.73,-7999,-7999,-7999,-7999,-7999,-7999,0.304,-7999,-7999,-7999
"2023-10-13 17:00:00",336,"Site 3",39.10367,-96.60065,335,896,16.69,-7999,-7999,-7999,-7999,-7999,-7999,0.304,-7999,-7999,-7999
"2023-10-13 18:00:00",337,"Site 3",39.10367,-96.60065,335,895,16.65,-7999,-7999,-7999,-7999,-7999,-7999,0.303,-7999,-7999,-7999
"2023-10-13 19:00:00",338,"Site 3",39.10367,-96.60065,335,895,16.6,-7999,-7999,-7999,-7999,-7999,-7999,0.303,-7999,-7999,-7999
"2023-10-13 20:00:00",339,"Site 3",39.10367,-96.60065,335,895,16.53,-7999,-7999,-7999,-7999,-7999,-7999,0.303,-7999,-7999,-7999
"2023-10-13 21:00:00",340,"Site 3",39.10367,-96.60065,335,895,16.47,-7999,-7999,-7999,-7999,-7999,-7999,0.303,-7999,-7999,-7999
"2023-10-13 22:00:00",341,"Site 3",39.10367,-96.60065,335,895,16.38,-7999,-7999,-7999,-7999,-7999,-7999,0.303,-7999,-7999,-7999
"2023-10-13 23:00:00",342,"Site 3",39.10367,-96.60065,335,895,16.29,-7999,-7999,-7999,-7999,-7999,-7999,0.303,-7999,-7999,-7999
"2023-10-14 00:00:00",343,"Site 3",39.10367,-96.60065,335,895,16.22,-7999,-7999,-7999,-7999,-7999,-7999,0.303,-7999,-7999,-7999
"2023-10-14 01:00:00",344,"Site 3",39.10367,-96.60065,335,895,16.12,-7999,-7999,-7999,-7999,-7999,-7999,0.303,-7999,-7999,-7999
"2023-10-14 02:00:00",345,"Site 3",39.10367,-96.60065,335,895,16.05,-7999,-7999,-7999,-7999,-7999,-7999,0.302,-7999,-7999,-7999
"2023-10-14 03:00:00",346,"Site 3",39.10367,-96.60065,335,895,15.97,-7999,-7999,-7999,-7999,-7999,-7999,0.302,-7999,-7999,-7999
"2023-10-14 04:00:00",347,"Site 3",39.10367,-96.60065,335,895,15.91,-7999,-7999,-7999,-7999,-7999,-7999,0.302,-7999,-7999,-7999
"2023-10-14 05:00:00",348,"Site 3",39.10367,-96.60065,335,895,15.83,-7999,-7999,-7999,-7999,-7999,-7999,0.302,-7999,-7999,-7999
"2023-10-14 06:00:00",349,"Site 3",39.10367,-96.60065,335,894,15.77,-7999,-7999,-7999,-7999,-7999,-7999,0.302,-7999,-7999,-7999
"2023-10-14 07:00:00",350,"Site 3",39.10367,-96.60065,335,894,15.72,-7999,-7999,-7999,-7999,-7999,-7999,0.302,-7999,-7999,-7999
"2023-10-14 08:00:00",351,"Site 3",39.10367,-96.60065,335,894,15.67,-7999,-7999,-7999,-7999,-7999,-7999,0.301,-7999,-7999,-7999
"2023-10-14 09:00:00",352,"Site 3",39.10367,-96.60065,335,894,15.62,-7999,-7999,-7999,-7999,-7999,-7999,0.301,-7999,-7999,-7999
"2023-10-14 10:00:00",353,"Site 3",39.10367,-96.60065,335,894,15.58,-7999,-7999,-7999,-7999,-7999,-7999,0.301,-7999,-7999,-7999
"2023-10-14 11:00:00",354,"Site 3",39.10367,-96.60065,335,894,15.54,-7999,-7999,-7999,-7999,-7999,-7999,0.301,-7999,-7999,-7999
"2023-10-14 12:00:00",355,"Site 3",39.10367,-96.60065,335,894,15.53,-7999,-7999,-7999,-7999,-7999,-7999,0.301,-7999,-7999,-7999
"2023-10-14 13:00:00",356,"Site 3",39.10367,-96.60065,335,894,15.5,-7999,-7999,-7999,-7999,-7999,-7999,0.301,-7999,-7999,-7999
"2023-10-14 14:00:00",357,"Site 3",39.10367,-96.60065,335,894,15.5,-7999,-7999,-7999,-7999,-7999,-7999,0.3,-7999,-7999,-7999
"2023-10-14 15:00:00",358,"Site 3",39.10367,-96.60065,335,894,15.5,-7999,-7999,-7999,-7999,-7999,-7999,0.3,-7999,-7999,-7999
"2023-10-14 16:00:00",359,"Site 3",39.10367,-96.60065,335,894,15.5,-7999,-7999,-7999,-7999,-7999,-7999,0.3,-7999,-7999,-7999
"2023-10-14 17:00:00",360,"Site 3",39.10367,-96.60065,335,893,15.5,-7999,-7999,-7999,-7999,-7999,-7999,0.3,-7999,-7999,-7999
"2023-10-14 18:00:00",361,"Site 3",39.10367,-96.60065,335,893,15.5,-7999,-7999,-7999,-7999,-7999,-7999,0.3,-7999,-7999,-7999
"2023-10-14 19:00:00",362,"Site 3",39.10367,-96.60065,335,893,15.5,-7999,-7999,-7999,-7999,-7999,-7999,0.3,-7999,-7999,-7999
"2023-10-14 20:00:00",363,"Site 3",39.10367,-96.60065,335,893,15.47,-7999,-7999,-7999,-7999,-7999,-7999,0.299,-7999,-7999,-7999
"2023-10-14 21:00:00",364,"Site 3",39.10367,-96.60065,335,893,15.46,-7999,-7999,-7999,-7999,-7999,-7999,0.299,-7999,-7999,-7999
"2023-10-14 22:00:00",365,"Site 3",39.10367,-96.60065,335,893,15.43,-7999,-7999,-7999,-7999,-7999,-7999,0.299,-7999,-7999,-7999
"2023-10-14 23:00:00",366,"Site 3",39.10367,-96.60065,335,893,15.41,-7999,-7999,-7999,-7999,-7999,-7999,0.299,-7999,-7999,-7999
"2023-10-15 00:00:00",367,"Site 3",39.10367,-96.60065,335,893,15.37,-7999,-7999,-7999,-7999,-7999,-7999,0.299,-7999,-7999,-7999
"2023-10-15 01:00:00",368,"Site 3",39.10367,-96.60065,335,893,15.33,-7999,-7999,-7999,-7999,-7999,-7999,0.299,-7999,-7999,-7999
"2023-10-15 02:00:00",369,"Site 3",39.10367,-96.60065,335,893,15.3,-7999,-7999,-7999,-7999,-7999,-7999,0.299,-7999,-7999,-7999
"2023-10-15 03:00:00",370,"Site 3",39.10367,-96.60065,335,893,15.26,-7999,-7999,-7999,-7999,-7999,-7999,0.299,-7999,-7999,-7999
"2023-10-15 04:00:00",371,"Site 3",39.10367,-96.60065,335,893,15.23,-7999,-7999,-7999,-7999,-7999,-7999,0.299,-7999,-7999,-7999
"2023-10-15 05:00:00",372,"Site 3",39.10367,-96.60065,335,892,15.19,-7999,-7999,-7999,-7999,-7999,-7999,0.298,-7999,-7999,-7999
"2023-10-15 06:00:00",373,"Site 3",39.10367,-96.60065,335,892,15.16,-7999,-7999,-7999,-7999,-7999,-7999,0.298,-7999,-7999,-7999
"2023-10-15 07:00:00",374,"Site 3",39.10367,-96.60065,335,892,15.1,-7999,-7999,-7999,-7999,-7999,-7999,0.298,-7999,-7999,-7999
"2023-10-15 08:00:00",375,"Site 3",39.10367,-96.60065,335,892,15.07,-7999,-7999,-7999,-7999,-7999,-7999,0.298,-7999,-7999,-7999
"2023-10-15 09:00:00",376,"Site 3",39.10367,-96.60065,335,892,15.02,-7999,-7999,-7999,-7999,-7999,-7999,0.298,-7999,-7999,-7999
"2023-10-15 10:00:00",377,"Site 3",39.10367,-96.60065,335,892,14.99,-7999,-7999,-7999,-7999,-7999,-7999,0.298,-7999,-7999,-7999
"2023-10-15 11:00:00",378,"Site 3",39.10367,-96.60065,335,892,14.96,-7999,-7999,-7999,-7999,-7999,-7999,0.297,-7999,-7999,-7999
"2023-10-15 12:00:00",379,"Site 3",39.10367,-96.60065,335,892,14.97,-7999,-7999,-7999,-7999,-7999,-7999,0.297,-7999,-7999,-7999
"2023-10-15 13:00:00",380,"Site 3",39.10367,-96.60065,335,892,14.97,-7999,-7999,-7999,-7999,-7999,-7999,0.297,-7999,-7999,-7999
"2023-10-15 14:00:00",381,"Site 3",39.10367,-96.60065,335,891,14.98,-7999,-7999,-7999,-7999,-7999,-7999,0.297,-7999,-7999,-7999
"2023-10-15 15:00:00",382,"Site 3",39.10367,-96.60065,335,891,15,-7999,-7999,-7999,-7999,-7999,-7999,0.297,-7999,-7999,-7999
"2023-10-15 16:00:00",383,"Site 3",39.10367,-96.60065,335,891,15.03,-7999,-7999,-7999,-7999,-7999,-7999,0.296,-7999,-7999,-7999
"2023-10-15 17:00:00",384,"Site 3",39.10367,-96.60065,335,891,15.03,-7999,-7999,-7999,-7999,-7999,-7999,0.296,-7999,-7999,-7999
"2023-10-15 18:00:00",385,"Site 3",39.10367,-96.60065,335,891,15.03,-7999,-7999,-7999,-7999,-7999,-7999,0.296,-7999,-7999,-7999
"2023-10-15 19:00:00",386,"Site 3",39.10367,-96.60065,335,891,15.02,-7999,-7999,-7999,-7999,-7999,-7999,0.296,-7999,-7999,-7999
"2023-10-15 20:00:00",387,"Site 3",39.10367,-96.60065,335,891,14.99,-7999,-7999,-7999,-7999,-7999,-7999,0.296,-7999,-7999,-7999
"2023-10-15 21:00:00",388,"Site 3",39.10367,-96.60065,335,891,14.96,-7999,-7999,-7999,-7999,-7999,-7999,0.295,-7999,-7999,-7999
"2023-10-15 22:00:00",389,"Site 3",39.10367,-96.60065,335,891,14.92,-7999,-7999,-7999,-7999,-7999,-7999,0.295,-7999,-7999,-7999
"2023-10-15 23:00:00",390,"Site 3",39.10367,-96.60065,335,891,14.86,-7999,-7999,-7999,-7999,-7999,-7999,0.295,-7999,-7999,-7999
"2023-10-16 00:00:00",391,"Site 3",39.10367,-96.60065,335,891,14.81,-7999,-7999,-7999,-7999,-7999,-7999,0.295,-7999,-7999,-7999
"2023-10-16 01:00:00",392,"Site 3",39.10367,-96.60065,335,891,14.75,-7999,-7999,-7999,-7999,-7999,-7999,0.295,-7999,-7999,-7999
"2023-10-16 02:00:00",393,"Site 3",39.10367,-96.60065,335,890,14.69,-7999,-7999,-7999,-7999,-7999,-7999,0.295,-7999,-7999,-7999
"2023-10-16 03:00:00",394,"Site 3",39.10367,-96.60065,335,890,14.57,-7999,-7999,-7999,-7999,-7999,-7999,0.295,-7999,-7999,-7999
"2023-10-16 04:00:00",395,"Site 3",39.10367,-96.60065,335,890,14.45,-7999,-7999,-7999,-7999,-7999,-7999,0.295,-7999,-7999,-7999
"2023-10-16 05:00:00",396,"Site 3",39.10367,-96.60065,335,890,14.3,-7999,-7999,-7999,-7999,-7999,-7999,0.295,-7999,-7999,-7999
"2023-10-16 06:00:00",397,"Site 3",39.10367,-96.60065,335,890,14.17,-7999,-7999,-7999,-7999,-7999,-7999,0.295,-7999,-7999,-7999
"2023-10-16 07:00:00",398,"Site 3",39.10367,-96.60065,335,890,14.02,-7999,-7999,-7999,-7999,-7999,-7999,0.294,-7999,-7999,-7999
"2023-10-16 08:00:00",399,"Site 3",39.10367,-96.60065,335,890,13.89,-7999,-7999,-7999,-7999,-7999,-7999,0.294,-7999,-7999,-7999
"2023-10-16 09:00:00",400,"Site 3",39.10367,-96.60065,335,890,13.74,-7999,-7999,-7999,-7999,-7999,-7999,0.294,-7999,-7999,-7999
"2023-10-16 10:00:00",401,"Site 3",39.10367,-96.60065,335,890,13.63,-7999,-7999,-7999,-7999,-7999,-7999,0.294,-7999,-7999,-7999
"2023-10-16 11:00:00",402,"Site 3",39.10367,-96.60065,335,890,13.59,-7999,-7999,-7999,-7999,-7999,-7999,0.293,-7999,-7999,-7999
"2023-10-16 12:00:00",403,"Site 3",39.10367,-96.60065,335,889,13.6,-7999,-7999,-7999,-7999,-7999,-7999,0.293,-7999,-7999,-7999
"2023-10-16 13:00:00",404,"Site 3",39.10367,-96.60065,335,889,13.7,-7999,-7999,-7999,-7999,-7999,-7999,0.293,-7999,-7999,-7999
"2023-10-16 14:00:00",405,"Site 3",39.10367,-96.60065,335,889,13.85,-7999,-7999,-7999,-7999,-7999,-7999,0.293,-7999,-7999,-7999
"2023-10-16 15:00:00",406,"Site 3",39.10367,-96.60065,335,889,14.03,-7999,-7999,-7999,-7999,-7999,-7999,0.292,-7999,-7999,-7999
"2023-10-16 16:00:00",407,"Site 3",39.10367,-96.60065,335,889,14.22,-7999,-7999,-7999,-7999,-7999,-7999,0.292,-7999,-7999,-7999
"2023-10-16 17:00:00",408,"Site 3",39.10367,-96.60065,335,889,14.41,-7999,-7999,-7999,-7999,-7999,-7999,0.292,-7999,-7999,-7999
"2023-10-16 18:00:00",409,"Site 3",39.10367,-96.60065,335,888,14.57,-7999,-7999,-3336,"NAN",-7999,-7999,0.291,-7999,-7664,-7999
"2023-10-16 19:00:00",410,"Site 3",39.10367,-96.60065,335,888,14.68,-7999,-7999,-7999,-7999,-7999,-7999,0.291,-7999,-7999,-7999
"2023-10-16 20:00:00",411,"Site 3",39.10367,-96.60065,335,888,14.74,-7999,-7999,-7999,"NAN",-7999,-7999,0.291,-7999,-7999,-7999
"2023-10-16 21:00:00",412,"Site 3",39.10367,-96.60065,335,888,14.73,-7999,-7999,-7999,-7999,-7999,-7999,0.291,-7999,-7999,-7999
"2023-10-16 22:00:00",413,"Site 3",39.10367,-96.60065,335,888,14.66,-7999,-7999,-7999,-7999,-7999,-7999,0.291,-7999,-7999,-7999
"2023-10-16 23:00:00",414,"Site 3",39.10367,-96.60065,335,888,14.56,-7999,-7999,-7999,-7999,-7999,-7999,0.291,-7999,-7999,-7999
"2023-10-17 00:00:00",415,"Site 3",39.10367,-96.60065,335,888,14.44,-7999,-7999,-7999,-7999,-7999,-7999,0.291,-7999,-7999,-7999
"2023-10-17 01:00:00",416,"Site 3",39.10367,-96.60065,335,888,14.32,-7999,-7999,-7999,-7999,-7999,-7999,0.291,-7999,-7999,-7999
"2023-10-17 02:00:00",417,"Site 3",39.10367,-96.60065,335,888,14.18,-7999,-7999,-7999,-7999,-7999,-7999,0.291,-7999,-7999,-7999
"2023-10-17 03:00:00",418,"Site 3",39.10367,-96.60065,335,888,14.04,-7999,-7999,-7999,-7999,-7999,-7999,0.291,-7999,-7999,-7999
"2023-10-17 04:00:00",419,"Site 3",39.10367,-96.60065,335,888,13.89,-7999,-7999,-7999,-7999,-7999,-7999,0.291,-7999,-7999,-7999
"2023-10-17 05:00:00",420,"Site 3",39.10367,-96.60065,335,888,13.74,-7999,-7999,-7999,-7999,-7999,-7999,0.29,-7999,-7999,-7999
"2023-10-17 06:00:00",421,"Site 3",39.10367,-96.60065,335,888,13.59,-7999,-7999,-7999,-7999,-7999,-7999,0.29,-7999,-7999,-7999
"2023-10-17 07:00:00",422,"Site 3",39.10367,-96.60065,335,888,13.45,-7999,-7999,-7999,-7999,-7999,-7999,0.29,-7999,-7999,-7999
"2023-10-17 08:00:00",423,"Site 3",39.10367,-96.60065,335,888,13.3,-7999,-7999,-7999,-7999,-7999,-7999,0.29,-7999,-7999,-7999
"2023-10-17 09:00:00",424,"Site 3",39.10367,-96.60065,335,887,13.17,-7999,-7999,-7999,-7999,-7999,-7999,0.29,-7999,-7999,-7999
"2023-10-17 10:00:00",425,"Site 3",39.10367,-96.60065,335,887,13.07,-7999,-7999,-7999,-7999,-7999,-7999,0.289,-7999,-7999,-7999
"2023-10-17 11:00:00",426,"Site 3",39.10367,-96.60065,335,887,13.03,-7999,-7999,-7999,-7999,-7999,-7999,0.289,-7999,-7999,-7999
"2023-10-17 12:00:00",427,"Site 3",39.10367,-96.60065,335,887,13.11,-7999,-7999,-6666,"NAN",-7999,-7999,0.288,-7999,-7999,-7999
"2023-10-17 13:00:00",428,"Site 3",39.10367,-96.60065,335,886,13.26,-7999,-7999,-7999,-7999,-7999,-7999,0.288,-7999,-7999,-7999
"2023-10-17 14:00:00",429,"Site 3",39.10367,-96.60065,335,886,13.53,-7999,-7999,-7999,-7999,-7999,-7999,0.288,-7999,-7999,-7999
"2023-10-17 15:00:00",430,"Site 3",39.10367,-96.60065,335,886,13.78,-7999,-7999,-7999,-7999,-7999,-7999,0.288,-7999,-7999,-7999
"2023-10-17 16:00:00",431,"Site 3",39.10367,-96.60065,335,886,14.04,-7999,-7999,-7999,-7999,-7999,-7999,0.287,-7999,-7999,-7999
"2023-10-17 17:00:00",432,"Site 3",39.10367,-96.60065,335,886,14.28,-7999,-7999,-7999,-7999,-7999,-7999,0.287,-7999,-7999,-7999
"2023-10-17 18:00:00",433,"Site 3",39.10367,-96.60065,335,886,14.5,-7999,-7999,-7999,-7999,-7999,-7999,0.287,-7999,-7999,-7999
"2023-10-17 19:00:00",434,"Site 3",39.10367,-96.60065,335,886,14.67,-7999,-7999,-7999,-7999,-7999,-7999,0.287,-7999,-7999,-7999
"2023-10-17 20:00:00",435,"Site 3",39.10367,-96.60065,335,885,14.78,-7999,-7999,-7999,-7999,-7999,-7999,0.287,-7999,-7999,-7999
"2023-10-17 21:00:00",436,"Site 3",39.10367,-96.60065,335,885,14.84,-7999,-7999,-7999,-7999,-7999,-7999,0.286,-7999,-7999,-7999
"2023-10-17 22:00:00",437,"Site 3",39.10367,-96.60065,335,885,14.84,-7999,-7999,-7999,-7999,-7999,-7999,0.286,-7999,-7999,-7999
"2023-10-17 23:00:00",438,"Site 3",39.10367,-96.60065,335,885,14.86,-7999,-7999,-7999,-7999,-7999,-7999,0.286,-7999,-7999,-7999
"2023-10-18 00:00:00",439,"Site 3",39.10367,-96.60065,335,885,14.84,-7999,-7999,-7999,-7999,-7999,-7999,0.286,-7999,-7999,-7999
"2023-10-18 01:00:00",440,"Site 3",39.10367,-96.60065,335,885,14.82,-7999,-7999,-7999,-7999,-7999,-7999,0.286,-7999,-7999,-7999
"2023-10-18 02:00:00",441,"Site 3",39.10367,-96.60065,335,885,14.79,-7999,-7999,-7999,-7999,-7999,-7999,0.286,-7999,-7999,-7999
"2023-10-18 03:00:00",442,"Site 3",39.10367,-96.60065,335,885,14.76,-7999,-7999,-7999,-7999,-7999,-7999,0.285,-7999,-7999,-7999
"2023-10-18 04:00:00",443,"Site 3",39.10367,-96.60065,335,885,14.73,-7999,-7999,-7999,-7999,-7999,-7999,0.285,-7999,-7999,-7999
"2023-10-18 05:00:00",444,"Site 3",39.10367,-96.60065,335,884,14.72,-7999,-7999,-7999,-7999,-7999,-7999,0.285,-7999,-7999,-7999
"2023-10-18 06:00:00",445,"Site 3",39.10367,-96.60065,335,884,14.7,-7999,-7999,-7999,-7999,-7999,-7999,0.285,-7999,-7999,-7999
"2023-10-18 07:00:00",446,"Site 3",39.10367,-96.60065,335,884,14.68,-7999,-7999,-7999,-7999,-7999,-7999,0.285,-7999,-7999,-7999
"2023-10-18 08:00:00",447,"Site 3",39.10367,-96.60065,335,884,14.65,-7999,-7999,-7999,-7999,-7999,-7999,0.285,-7999,-7999,-7999
"2023-10-18 09:00:00",448,"Site 3",39.10367,-96.60065,335,884,14.6,-7999,-7999,-7999,-7999,-7999,-7999,0.285,-7999,-7999,-7999
"2023-10-18 10:00:00",449,"Site 3",39.10367,-96.60065,335,884,14.59,-7999,-7999,-7999,-7999,-7999,-7999,0.284,-7999,-7999,-7999
"2023-10-18 11:00:00",450,"Site 3",39.10367,-96.60065,335,884,14.59,-7999,-7999,-7999,-7999,-7999,-7999,0.284,-7999,-7999,-7999
"2023-10-18 12:00:00",451,"Site 3",39.10367,-96.60065,335,884,14.61,-7999,-7999,-7999,-7999,-7999,-7999,0.284,-7999,-7999,-7999
"2023-10-18 13:00:00",452,"Site 3",39.10367,-96.60065,335,884,14.63,-7999,-7999,-7999,-7999,-7999,-7999,0.284,-7999,-7999,-7999
"2023-10-18 14:00:00",453,"Site 3",39.10367,-96.60065,335,884,14.67,-7999,-7999,-7999,-7999,-7999,-7999,0.284,-7999,-7999,-7999
"2023-10-18 15:00:00",454,"Site 3",39.10367,-96.60065,335,883,14.72,-7999,-7999,-7999,-7999,-7999,-7999,0.283,-7999,-7999,-7999
"2023-10-18 16:00:00",455,"Site 3",39.10367,-96.60065,335,883,14.79,-7999,-7999,-7999,-7999,-7999,-7999,0.283,-7999,-7999,-7999
"2023-10-18 17:00:00",456,"Site 3",39.10367,-96.60065,335,883,14.92,-7999,-7999,-7999,-7999,-7999,-7999,0.283,-7999,-7999,-7999
"2023-10-18 18:00:00",457,"Site 3",39.10367,-96.60065,335,883,15.05,-7999,-7999,-7999,-7999,-7999,-7999,0.283,-7999,-7999,-7999
"2023-10-18 19:00:00",458,"Site 3",39.10367,-96.60065,335,883,15.16,-7999,-7999,-7999,-7999,-7999,-7999,0.283,-7999,-7999,-7999
"2023-10-18 20:00:00",459,"Site 3",39.10367,-96.60065,335,883,15.22,-7999,-7999,-7999,-7999,-7999,-7999,0.282,-7999,-7999,-7999
"2023-10-18 21:00:00",460,"Site 3",39.10367,-96.60065,335,883,15.22,-7999,-7999,-7999,-7999,-7999,-7999,0.282,-7999,-7999,-7999
"2023-10-18 22:00:00",461,"Site 3",39.10367,-96.60065,335,883,15.2,-7999,-7999,-7999,-7999,-7999,-7999,0.282,-7999,-7999,-7999
"2023-10-18 23:00:00",462,"Site 3",39.10367,-96.60065,335,883,15.15,-7999,-7999,-7999,-7999,-7999,-7999,0.282,-7999,-7999,-7999
"2023-10-19 00:00:00",463,"Site 3",39.10367,-96.60065,335,883,15.08,-7999,-7999,-7999,-7999,-7999,-7999,0.282,-7999,-7999,-7999
"2023-10-19 01:00:00",464,"Site 3",39.10367,-96.60065,335,882,15,-7999,-7999,-7999,-7999,-7999,-7999,0.282,-7999,-7999,-7999
"2023-10-19 02:00:00",465,"Site 3",39.10367,-96.60065,335,882,14.91,-7999,-7999,-7999,-7999,-7999,-7999,0.282,-7999,-7999,-7999
"2023-10-19 03:00:00",466,"Site 3",39.10367,-96.60065,335,882,14.81,-7999,-7999,-7999,-7999,-7999,-7999,0.281,-7999,-7999,-7999
"2023-10-19 04:00:00",467,"Site 3",39.10367,-96.60065,335,882,14.69,-7999,-7999,-7999,-7999,-7999,-7999,0.281,-7999,-7999,-7999
"2023-10-19 05:00:00",468,"Site 3",39.10367,-96.60065,335,882,14.57,-7999,-7999,-7999,-7999,-7999,-7999,0.281,-7999,-7999,-7999
"2023-10-19 06:00:00",469,"Site 3",39.10367,-96.60065,335,882,14.47,-7999,-7999,-7999,-7999,-7999,-7999,0.281,-7999,-7999,-7999
"2023-10-19 07:00:00",470,"Site 3",39.10367,-96.60065,335,882,14.38,-7999,-7999,-7999,-7999,-7999,-7999,0.281,-7999,-7999,-7999
"2023-10-19 08:00:00",471,"Site 3",39.10367,-96.60065,335,882,14.29,-7999,-7999,-7999,-7999,-7999,-7999,0.281,-7999,-7999,-7999
"2023-10-19 09:00:00",472,"Site 3",39.10367,-96.60065,335,882,14.22,-7999,-7999,-7999,-7999,-7999,-7999,0.281,-7999,-7999,-7999
"2023-10-19 10:00:00",473,"Site 3",39.10367,-96.60065,335,882,14.19,-7999,-7999,-7999,-7999,-7999,-7999,0.28,-7999,-7999,-7999
"2023-10-19 11:00:00",474,"Site 3",39.10367,-96.60065,335,881,14.2,-7999,-7999,-7999,-7999,-7999,-7999,0.28,-7999,-7999,-7999
"2023-10-19 12:00:00",475,"Site 3",39.10367,-96.60065,335,881,14.25,-7999,-7999,-7999,-7999,-7999,-7999,0.28,-7999,-7999,-7999
"2023-10-19 13:00:00",476,"Site 3",39.10367,-96.60065,335,881,14.41,-7999,-7999,-7999,-7999,-7999,-7999,0.28,-7999,-7999,-7999
"2023-10-19 14:00:00",477,"Site 3",39.10367,-96.60065,335,881,14.6,-7999,-7999,-7999,-7999,-7999,-7999,0.279,-7999,-7999,-7999
"2023-10-19 15:00:00",478,"Site 3",39.10367,-96.60065,335,881,14.82,-7999,-7999,-7999,-7999,-7999,-7999,0.279,-7999,-7999,-7999
"2023-10-19 16:00:00",479,"Site 3",39.10367,-96.60065,335,881,15.05,-7999,-7999,-7999,-7999,-7999,-7999,0.279,-7999,-7999,-7999
"2023-10-19 17:00:00",480,"Site 3",39.10367,-96.60065,335,880,15.3,-7999,-7999,-7999,-7999,-7999,-7999,0.279,-7999,-7999,-7999
"2023-10-19 18:00:00",481,"Site 3",39.10367,-96.60065,335,880,15.52,-7999,-7999,-7999,-7999,-7999,-7999,0.278,-7999,-7999,-7999
"2023-10-19 19:00:00",482,"Site 3",39.10367,-96.60065,335,880,15.68,-7999,-7999,-7999,-7999,-7999,-7999,0.278,-7999,-7999,-7999
"2023-10-19 20:00:00",483,"Site 3",39.10367,-96.60065,335,880,15.74,-7999,-7999,-7999,-7999,-7999,-7999,0.278,-7999,-7999,-7999
"2023-10-19 21:00:00",484,"Site 3",39.10367,-96.60065,335,880,15.77,-7999,-7999,-7999,-7999,-7999,-7999,0.278,-7999,-7999,-7999
"2023-10-19 22:00:00",485,"Site 3",39.10367,-96.60065,335,880,15.74,-7999,-7999,-7999,-7999,-7999,-7999,0.278,-7999,-7999,-7999
"2023-10-19 23:00:00",486,"Site 3",39.10367,-96.60065,335,880,15.67,-7999,-7999,-7999,-7999,-7999,-7999,0.278,-7999,-7999,-7999
"2023-10-20 00:00:00",487,"Site 3",39.10367,-96.60065,335,880,15.59,-7999,-7999,-7999,-7999,-7999,-7999,0.278,-7999,-7999,-7999
"2023-10-20 01:00:00",488,"Site 3",39.10367,-96.60065,335,880,15.49,-7999,-7999,-7999,-7999,-7999,-7999,0.278,-7999,-7999,-7999
"2023-10-20 02:00:00",489,"Site 3",39.10367,-96.60065,335,880,15.38,-7999,-7999,-7999,-7999,-7999,-7999,0.277,-7999,-7999,-7999
"2023-10-20 03:00:00",490,"Site 3",39.10367,-96.60065,335,879,15.27,-7999,-7999,-7999,-7999,-7999,-7999,0.277,-7999,-7999,-7999
"2023-10-20 04:00:00",491,"Site 3",39.10367,-96.60065,335,879,15.16,-7999,-7999,-7999,-7999,-7999,-7999,0.277,-7999,-7999,-7999
"2023-10-20 05:00:00",492,"Site 3",39.10367,-96.60065,335,879,15.03,-7999,-7999,-7999,-7999,-7999,-7999,0.277,-7999,-7999,-7999
"2023-10-20 06:00:00",493,"Site 3",39.10367,-96.60065,335,879,14.91,-7999,-7999,-7999,-7999,-7999,-7999,0.277,-7999,-7999,-7999
"2023-10-20 07:00:00",494,"Site 3",39.10367,-96.60065,335,879,14.8,-7999,-7999,-7999,-7999,-7999,-7999,0.277,-7999,-7999,-7999
"2023-10-20 08:00:00",495,"Site 3",39.10367,-96.60065,335,879,14.69,-7999,-7999,-7999,-7999,-7999,-7999,0.277,-7999,-7999,-7999
"2023-10-20 09:00:00",496,"Site 3",39.10367,-96.60065,335,879,14.57,-7999,-7999,-7999,-7999,-7999,-7999,0.276,-7999,-7999,-7999
"2023-10-20 10:00:00",497,"Site 3",39.10367,-96.60065,335,879,14.49,-7999,-7999,-7999,-7999,-7999,-7999,0.276,-7999,-7999,-7999
"2023-10-20 11:00:00",498,"Site 3",39.10367,-96.60065,335,879,14.49,-7999,-7999,-7999,-7999,-7999,-7999,0.276,-7999,-7999,-7999
"2023-10-20 12:00:00",499,"Site 3",39.10367,-96.60065,335,878,14.56,-7999,-7999,-7999,-7999,-7999,-7999,0.276,-7999,-7999,-7999
"2023-10-20 13:00:00",500,"Site 3",39.10367,-96.60065,335,878,14.72,-7999,-7999,-7999,-7999,-7999,-7999,0.275,-7999,-7999,-7999
"2023-10-20 14:00:00",501,"Site 3",39.10367,-96.60065,335,878,14.96,-7999,-7999,-7999,-7999,-7999,-7999,0.275,-7999,-7999,-7999
"2023-10-20 15:00:00",502,"Site 3",39.10367,-96.60065,335,878,15.22,-7999,-7999,-7999,-7999,-7999,-7999,0.275,-7999,-7999,-7999
"2023-10-20 16:00:00",503,"Site 3",39.10367,-96.60065,335,878,15.47,-7999,-7999,-7999,-7999,-7999,-7999,0.275,-7999,-7999,-7999
"2023-10-20 17:00:00",504,"Site 3",39.10367,-96.60065,335,878,15.76,-7999,-7999,-7999,-7999,-7999,-7999,0.275,-7999,-7999,-7999
"2023-10-20 18:00:00",505,"Site 3",39.10367,-96.60065,335,878,16,-7999,-7999,-7999,-7999,-7999,-7999,0.274,-7999,-7999,-7999
"2023-10-20 19:00:00",506,"Site 3",39.10367,-96.60065,335,877,16.19,-7999,-7999,-7999,-7999,-7999,-7999,0.274,-7999,-7999,-7999
"2023-10-20 20:00:00",507,"Site 3",39.10367,-96.60065,335,877,16.27,-7999,-7999,-7999,-7999,-7999,-7999,0.274,-7999,-7999,-7999
"2023-10-20 21:00:00",508,"Site 3",39.10367,-96.60065,335,877,16.28,-7999,-7999,-7999,-7999,-7999,-7999,0.274,-7999,-7999,-7999
"2023-10-20 22:00:00",509,"Site 3",39.10367,-96.60065,335,877,16.25,-7999,-7999,-7999,-7999,-7999,-7999,0.274,-7999,-7999,-7999
"2023-10-20 23:00:00",510,"Site 3",39.10367,-96.60065,335,877,16.18,-7999,-7999,-7999,-7999,-7999,-7999,0.274,-7999,-7999,-7999
"2023-10-21 00:00:00",511,"Site 3",39.10367,-96.60065,335,877,16.09,-7999,-7999,-7999,-7999,-7999,-7999,0.274,-7999,-7999,-7999
"2023-10-21 01:00:00",512,"Site 3",39.10367,-96.60065,335,877,16,-7999,-7999,-7999,-7999,-7999,-7999,0.273,-7999,-7999,-7999
"2023-10-21 02:00:00",513,"Site 3",39.10367,-96.60065,335,877,15.9,-7999,-7999,-7999,-7999,-7999,-7999,0.273,-7999,-7999,-7999
"2023-10-21 03:00:00",514,"Site 3",39.10367,-96.60065,335,877,15.78,-7999,-7999,-7999,-7999,-7999,-7999,0.273,-7999,-7999,-7999
"2023-10-21 04:00:00",515,"Site 3",39.10367,-96.60065,335,877,15.67,-7999,-7999,-7999,-7999,-7999,-7999,0.273,-7999,-7999,-7999
"2023-10-21 05:00:00",516,"Site 3",39.10367,-96.60065,335,877,15.56,-7999,-7999,-7999,-7999,-7999,-7999,0.273,-7999,-7999,-7999
"2023-10-21 06:00:00",517,"Site 3",39.10367,-96.60065,335,876,15.44,-7999,-7999,-7999,-7999,-7999,-7999,0.273,-7999,-7999,-7999
"2023-10-21 07:00:00",518,"Site 3",39.10367,-96.60065,335,876,15.31,-7999,-7999,-7999,-7999,-7999,-7999,0.273,-7999,-7999,-7999
"2023-10-21 08:00:00",519,"Site 3",39.10367,-96.60065,335,876,15.21,-7999,-7999,-7999,-7999,-7999,-7999,0.272,-7999,-7999,-7999
"2023-10-21 09:00:00",520,"Site 3",39.10367,-96.60065,335,876,15.06,-7999,-7999,-7999,-7999,-7999,-7999,0.272,-7999,-7999,-7999
"2023-10-21 10:00:00",521,"Site 3",39.10367,-96.60065,335,876,14.99,-7999,-7999,-7999,-7999,-7999,-7999,0.272,-7999,-7999,-7999
"2023-10-21 11:00:00",522,"Site 3",39.10367,-96.60065,335,876,14.98,-7999,-7999,-7999,-7999,-7999,-7999,0.272,-7999,-7999,-7999
"2023-10-21 12:00:00",523,"Site 3",39.10367,-96.60065,335,876,15.03,-7999,-7999,-7999,-7999,-7999,-7999,0.271,-7999,-7999,-7999
"2023-10-21 13:00:00",524,"Site 3",39.10367,-96.60065,335,876,15.19,-7999,-7999,-7999,-7999,-7999,-7999,0.271,-7999,-7999,-7999
