"TOA5","CR300-23667","CR300","23666","CR300-CELL205.Std.10.02","CPU:Testbed_code_site_3.CR300","28349","Table_Acclima"
"TIMESTAMP","RECORD","station","latitude","longitude","altitude","Acclima_VWC_5_Avg","Acclima_Perm_5_Avg","Acclima_EC_5_Avg","Acclima_Temp_5_Avg","Acclima_VWC_20_Avg","Acclima_Perm_20_Avg","Acclima_EC_20_Avg","Acclima_Temp_20_Avg","Acclima_VWC_40_Avg","Acclima_Perm_40_Avg","Acclima_EC_40_Avg","Acclima_Temp_40_Avg"
"TS","RN","name","decdegrees","decdegrees","m","%","unitless","microS/cm","Deg c","%","unitless","microS/cm","Deg c","%","unitless","microS/cm","Deg c"
"","","Smp","Smp","Smp","Smp","Avg","Avg","Avg","Avg","Avg","Avg","Avg","Avg","Avg","Avg","Avg","Avg"
"2022-10-06 09:00:00",0,"Site 1",39.10236,-96.60097,335,8.1,5.2,35,16.3,26.8,14.5,316,19.6,30.9,17.2,509,20.5
"2022-10-06 10:00:00",1,"Site 1",39.10236,-96.60097,335,8.1,5.2,36.5,17,26.8,14.5,314.5,19.4,30.9,17.2,509,20.45
"2022-10-06 11:00:00",2,"Site 1",39.10236,-96.60097,335,8.1,5.2,37.33,18.07,26.8,14.5,313.7,19.33,30.87,17.23,508.7,20.37
"2022-10-06 12:00:00",3,"Site 1",39.10236,-96.60097,335,8.2,5.267,38.67,19.73,26.73,14.43,313.3,19.27,30.9,17.23,507,20.3
"2022-10-06 13:00:00",4,"Site 1",39.10236,-96.60097,335,8.43,5.333,40.33,21.37,26.7,14.4,313.3,19.3,30.87,17.2,506,20.27
"2022-10-06 14:00:00",5,"Site 1",39.10236,-96.60097,335,8.83,5.467,42,23.03,26.7,14.4,314.7,19.43,30.8,17.17,505.7,20.17
"2022-10-06 15:00:00",6,"Site 1",39.10236,-96.60097,335,9.07,5.567,43.33,24.6,26.7,14.4,316,19.63,30.83,17.17,505.3,20.1
"2022-10-06 16:00:00",7,"Site 1",39.10236,-96.60097,335,9.1,5.6,44,25.53,26.7,14.4,318,20,30.87,17.2,504.3,20.1
"2022-10-06 17:00:00",8,"Site 1",39.10236,-96.60097,335,8.83,5.5,43,25.3,26.7,14.4,320.7,20.37,30.83,17.17,504,20.1
"2022-10-06 18:00:00",9,"Site 1",39.10236,-96.60097,335,8.6,5.433,41.67,24.37,26.67,14.4,323.3,20.73,30.9,17.27,504.3,20.07
"2022-10-06 19:00:00",10,"Site 1",39.10236,-96.60097,335,8.27,5.3,40.33,23.17,26.7,14.4,325.3,21.07,30.87,17.23,505.3,20.1
"2022-10-06 20:00:00",11,"Site 1",39.10236,-96.60097,335,8.03,5.2,39,22.13,26.7,14.4,326.3,21.27,30.9,17.2,505.7,20.13
"2022-10-06 21:00:00",12,"Site 1",39.10236,-96.60097,335,7.9,5.2,38,21.27,26.7,14.4,327,21.37,30.9,17.27,506,20.27
"2022-10-06 22:00:00",13,"Site 1",39.10236,-96.60097,335,7.9,5.2,37,20.47,26.67,14.4,327,21.4,30.87,17.23,507,20.3
"2022-10-06 23:00:00",14,"Site 1",39.10236,-96.60097,335,7.9,5.2,36.33,19.77,26.7,14.4,326.3,21.27,30.8,17.17,508,20.37
"2022-10-07 00:00:00",15,"Site 1",39.10236,-96.60097,335,7.9,5.2,36,19.1,26.7,14.4,325.7,21.17,30.8,17.2,509,20.4
"2022-10-07 01:00:00",16,"Site 1",39.10236,-96.60097,335,7.833,5.133,35,18.43,26.67,14.4,324.7,21.03,30.9,17.2,509,20.43
"2022-10-07 02:00:00",17,"Site 1",39.10236,-96.60097,335,7.8,5.1,34.33,17.83,26.67,14.4,323.3,20.87,30.87,17.2,509,20.43
"2022-10-07 03:00:00",18,"Site 1",39.10236,-96.60097,335,7.8,5.1,34,17.3,26.6,14.4,321.3,20.67,30.9,17.2,509,20.47
"2022-10-07 04:00:00",19,"Site 1",39.10236,-96.60097,335,7.8,5.1,33.33,16.73,26.63,14.4,320,20.43,30.9,17.23,509,20.5
"2022-10-07 05:00:00",20,"Site 1",39.10236,-96.60097,335,7.8,5.1,33,16.27,26.6,14.4,318.3,20.2,30.93,17.23,509,20.4
"2022-10-07 06:00:00",21,"Site 1",39.10236,-96.60097,335,7.8,5.1,32.33,15.87,26.6,14.4,316.7,20.03,30.9,17.23,509,20.4
"2022-10-07 07:00:00",22,"Site 1",39.10236,-96.60097,335,7.8,5.1,32,15.5,26.6,14.4,315.3,19.8,30.87,17.2,508.3,20.37
"2022-10-07 08:00:00",23,"Site 1",39.10236,-96.60097,335,7.8,5.1,32,15.43,26.6,14.4,313.3,19.53,30.87,17.2,507.3,20.33
"2022-10-07 09:00:00",24,"Site 1",39.10236,-96.60097,335,7.867,5.167,32.33,15.6,26.6,14.4,311.3,19.33,30.9,17.2,506,20.27
"2022-10-07 10:00:00",25,"Site 1",39.10236,-96.60097,335,7.8,5.1,33,16.03,26.6,14.4,309.7,19.17,30.87,17.27,506,20.23
"2022-10-07 11:00:00",26,"Site 1",39.10236,-96.60097,335,7.833,5.133,33,16.1,26.57,14.37,308.3,19,30.83,17.2,504.7,20.13
"2022-10-07 12:00:00",27,"Site 1",39.10236,-96.60097,335,7.9,5.2,33.67,16.67,26.6,14.4,306.7,18.87,30.9,17.23,504,20.07
"2022-10-07 13:00:00",28,"Site 1",39.10236,-96.60097,335,7.9,5.2,34,17.3,26.6,14.4,306.3,18.8,30.83,17.2,502.7,20
"2022-10-07 14:00:00",29,"Site 1",39.10236,-96.60097,335,7.9,5.2,34,17.37,26.57,14.37,305.3,18.73,30.87,17.2,502,19.93
"2022-10-07 15:00:00",30,"Site 1",39.10236,-96.60097,335,7.9,5.2,34,17.17,26.6,14.4,305,18.73,30.83,17.17,501,19.87
"2022-10-07 16:00:00",31,"Site 1",39.10236,-96.60097,335,7.9,5.2,34,17.43,26.6,14.4,305,18.7,30.8,17.2,500.7,19.8
"2022-10-07 17:00:00",32,"Site 1",39.10236,-96.60097,335,7.9,5.2,34,17.27,26.6,14.4,304.7,18.7,30.87,17.2,499,19.73
"2022-10-07 18:00:00",33,"Site 1",39.10236,-96.60097,335,7.867,5.167,33.33,16.8,26.53,14.33,304.7,18.7,30.87,17.2,499,19.7
"2022-10-07 19:00:00",34,"Site 1",39.10236,-96.60097,335,7.8,5.1,32.33,16.1,26.5,14.33,304,18.7,30.83,17.17,499,19.7
"2022-10-07 20:00:00",35,"Site 1",39.10236,-96.60097,335,7.8,5.1,31.67,15.23,26.4,14.3,304,18.6,30.8,17.13,498.7,19.67
"2022-10-07 21:00:00",36,"Site 1",39.10236,-96.60097,335,7.8,5.1,31,14.6,26.43,14.3,303,18.57,30.83,17.2,498,19.63
"2022-10-07 22:00:00",37,"Site 1",39.10236,-96.60097,335,7.8,5.1,31,14.17,26.4,14.3,302,18.43,30.8,17.2,497.3,19.57
"2022-10-07 23:00:00",38,"Site 1",39.10236,-96.60097,335,7.8,5.1,31,13.9,26.4,14.3,300,18.3,30.83,17.2,497,19.53
"2022-10-08 00:00:00",39,"Site 1",39.10236,-96.60097,335,7.8,5.1,31,13.8,26.4,14.3,298.7,18.13,30.77,17.17,496.7,19.5
"2022-10-08 01:00:00",40,"Site 1",39.10236,-96.60097,335,7.8,5.1,31,13.8,26.4,14.3,296.7,17.93,30.83,17.23,495.7,19.47
"2022-10-08 02:00:00",41,"Site 1",39.10236,-96.60097,335,7.8,5.1,31,13.8,26.37,14.27,296,17.8,30.8,17.17,495,19.43
"2022-10-08 03:00:00",42,"Site 1",39.10236,-96.60097,335,7.8,5.1,30.33,13.6,26.4,14.3,295,17.63,30.87,17.17,494.7,19.4
"2022-10-08 04:00:00",43,"Site 1",39.10236,-96.60097,335,7.8,5.1,30,13.27,26.37,14.27,293.3,17.5,30.8,17.2,493.3,19.3
"2022-10-08 05:00:00",44,"Site 1",39.10236,-96.60097,335,7.8,5.1,30,13.07,26.33,14.23,292,17.37,30.8,17.17,492.3,19.23
"2022-10-08 06:00:00",45,"Site 1",39.10236,-96.60097,335,7.8,5.1,30,12.93,26.33,14.23,290.7,17.27,30.77,17.1,491.3,19.13
"2022-10-08 07:00:00",46,"Site 1",39.10236,-96.60097,335,7.8,5.1,30,12.87,26.3,14.2,289.7,17.1,30.67,17.1,490,19.1
"2022-10-08 08:00:00",47,"Site 1",39.10236,-96.60097,335,7.833,5.133,30,12.83,26.3,14.2,288.7,16.97,30.77,17.13,489.3,19
"2022-10-08 09:00:00",48,"Site 1",39.10236,-96.60097,335,7.9,5.2,30.67,13.2,26.3,14.2,287.3,16.83,30.73,17.1,488,18.97
"2022-10-08 10:00:00",49,"Site 1",39.10236,-96.60097,335,7.9,5.2,31,13.87,26.33,14.23,286,16.73,30.83,17.17,487,18.87
"2022-10-08 11:00:00",50,"Site 1",39.10236,-96.60097,335,7.967,5.2,32,14.83,26.33,14.23,285,16.63,30.7,17.1,486,18.8
"2022-10-08 12:00:00",51,"Site 1",39.10236,-96.60097,335,8,5.2,33,16.03,26.3,14.2,285,16.6,30.8,17.17,484.7,18.7
"2022-10-08 13:00:00",52,"Site 1",39.10236,-96.60097,335,8,5.2,34,17.2,26.3,14.2,284.7,16.67,30.73,17.13,484,18.67
"2022-10-08 14:00:00",53,"Site 1",39.10236,-96.60097,335,8.03,5.2,35.67,18.6,26.3,14.2,285.7,16.8,30.7,17.1,483,18.57
"2022-10-08 15:00:00",54,"Site 1",39.10236,-96.60097,335,8.1,5.2,36.67,19.97,26.3,14.2,287,17,30.77,17.1,482.3,18.5
"2022-10-08 16:00:00",55,"Site 1",39.10236,-96.60097,335,8.1,5.2,37,20.87,26.3,14.2,288.7,17.2,30.63,17.1,482,18.5
"2022-10-08 17:00:00",56,"Site 1",39.10236,-96.60097,335,8,5.2,36.67,20.63,26.3,14.2,290.3,17.53,30.7,17.13,482,18.47
"2022-10-08 18:00:00",57,"Site 1",39.10236,-96.60097,335,7.933,5.2,35.67,19.7,26.3,14.2,292.3,17.83,30.67,17.13,482,18.5
"2022-10-08 19:00:00",58,"Site 1",39.10236,-96.60097,335,7.9,5.2,34.33,18.4,26.3,14.2,294.3,18.1,30.77,17.13,482,18.5
"2022-10-08 20:00:00",59,"Site 1",39.10236,-96.60097,335,7.9,5.2,33.33,17.07,26.3,14.2,295,18.27,30.77,17.13,482,18.5
"2022-10-08 21:00:00",60,"Site 1",39.10236,-96.60097,335,7.9,5.2,32,16.1,26.3,14.2,295,18.3,30.73,17.13,482.7,18.53
"2022-10-08 22:00:00",61,"Site 1",39.10236,-96.60097,335,7.9,5.2,31.67,15.3,26.3,14.2,295,18.27,30.7,17.1,483,18.6
"2022-10-08 23:00:00",62,"Site 1",39.10236,-96.60097,335,7.9,5.2,31,14.67,26.3,14.2,294,18.17,30.77,17.13,483.3,18.63
"2022-10-09 00:00:00",63,"Site 1",39.10236,-96.60097,335,7.867,5.167,31,14.1,26.3,14.2,292.7,18.03,30.73,17.17,484,18.67
"2022-10-09 01:00:00",64,"Site 1",39.10236,-96.60097,335,7.9,5.2,30,13.6,26.3,14.2,291.3,17.87,30.77,17.13,484,18.63
"2022-10-09 02:00:00",65,"Site 1",39.10236,-96.60097,335,7.9,5.2,30,13.17,26.3,14.2,289.7,17.67,30.63,17.1,484,18.6
"2022-10-09 03:00:00",66,"Site 1",39.10236,-96.60097,335,7.9,5.2,30,12.77,26.3,14.2,288.7,17.47,30.77,17.13,483.3,18.67
"2022-10-09 04:00:00",67,"Site 1",39.10236,-96.60097,335,7.9,5.2,29.33,12.43,26.27,14.17,286.7,17.3,30.73,17.13,482.7,18.6
"2022-10-09 05:00:00",68,"Site 1",39.10236,-96.60097,335,7.9,5.2,29,12.1,26.27,14.17,285,17.07,30.67,17.1,482,18.6
"2022-10-09 06:00:00",69,"Site 1",39.10236,-96.60097,335,7.9,5.2,29,11.8,26.2,14.1,283.7,16.83,30.73,17.1,482,18.53
"2022-10-09 07:00:00",70,"Site 1",39.10236,-96.60097,335,7.9,5.2,29,11.53,26.2,14.1,282,16.67,30.67,17.1,481.3,18.47
"2022-10-09 08:00:00",71,"Site 1",39.10236,-96.60097,335,7.9,5.2,29,11.43,26.2,14.1,280.3,16.5,30.77,17.13,480,18.43
"2022-10-09 09:00:00",72,"Site 1",39.10236,-96.60097,335,7.933,5.2,29.33,11.9,26.23,14.13,279.3,16.27,30.7,17.1,479.3,18.33
"2022-10-09 10:00:00",73,"Site 1",39.10236,-96.60097,335,8,5.2,30.67,12.97,26.23,14.13,277.3,16.13,30.7,17.13,478,18.27
"2022-10-09 11:00:00",74,"Site 1",39.10236,-96.60097,335,8,5.2,32,14.4,26.17,14.1,276.3,16.03,30.67,17.1,477.3,18.2
"2022-10-09 12:00:00",75,"Site 1",39.10236,-96.60097,335,8.03,5.2,33.33,16.1,26.2,14.1,276,15.93,30.8,17.13,476.3,18.13
"2022-10-09 13:00:00",76,"Site 1",39.10236,-96.60097,335,8.1,5.2,34.67,17.9,26.17,14.1,276.7,16.07,30.67,17.1,475.3,18.07
"2022-10-09 14:00:00",77,"Site 1",39.10236,-96.60097,335,8.1,5.2,36.67,19.73,26.13,14.1,278.3,16.2,30.6,17.07,474,18
"2022-10-09 15:00:00",78,"Site 1",39.10236,-96.60097,335,8.23,5.3,38,21.47,26.13,14.1,279.7,16.5,30.6,17.07,474,18
"2022-10-09 16:00:00",79,"Site 1",39.10236,-96.60097,335,8.33,5.3,39,22.43,26.17,14.1,282.3,16.9,30.7,17.1,474,17.93
"2022-10-09 17:00:00",80,"Site 1",39.10236,-96.60097,335,8.2,5.3,38,22.27,26.2,14.1,285,17.33,30.63,17.1,473.7,17.9
"2022-10-09 18:00:00",81,"Site 1",39.10236,-96.60097,335,8,5.2,36.67,21.37,26.13,14.1,288,17.67,30.7,17.1,474,17.9
"2022-10-09 19:00:00",82,"Site 1",39.10236,-96.60097,335,7.933,5.2,35.33,19.83,26.13,14.1,290.3,18.07,30.63,17.1,474.3,18
"2022-10-09 20:00:00",83,"Site 1",39.10236,-96.60097,335,7.9,5.2,34,18.47,26.17,14.1,291.7,18.3,30.63,17.1,475,18.1
"2022-10-09 21:00:00",84,"Site 1",39.10236,-96.60097,335,7.9,5.2,33,17.37,26.1,14.1,292,18.43,30.77,17.13,476,18.13
"2022-10-09 22:00:00",85,"Site 1",39.10236,-96.60097,335,7.9,5.2,32,16.53,26.1,14.1,292,18.5,30.73,17.13,476.3,18.17
"2022-10-09 23:00:00",86,"Site 1",39.10236,-96.60097,335,7.9,5.2,31.67,15.83,26.1,14.1,291.7,18.4,30.6,17.07,477.7,18.23
"2022-10-10 00:00:00",87,"Site 1",39.10236,-96.60097,335,7.867,5.167,31,15.2,26.1,14.1,290.7,18.27,30.67,17.1,478,18.3
"2022-10-10 01:00:00",88,"Site 1",39.10236,-96.60097,335,7.833,5.133,30.67,14.7,26.1,14.1,289.3,18.1,30.67,17.1,478,18.37
"2022-10-10 02:00:00",89,"Site 1",39.10236,-96.60097,335,7.8,5.1,30,14.13,26.1,14.1,288.7,17.97,30.63,17.07,478.3,18.3
"2022-10-10 03:00:00",90,"Site 1",39.10236,-96.60097,335,7.8,5.1,30,13.63,26.1,14.1,287.3,17.77,30.67,17.1,478.7,18.4
"2022-10-10 04:00:00",91,"Site 1",39.10236,-96.60097,335,7.8,5.1,29.33,13.2,26.1,14.1,285.3,17.53,30.7,17.13,478,18.4
"2022-10-10 05:00:00",92,"Site 1",39.10236,-96.60097,335,7.8,5.1,29,12.77,26.1,14.1,284.3,17.37,30.63,17.1,478,18.3
"2022-10-10 06:00:00",93,"Site 1",39.10236,-96.60097,335,7.8,5.1,29,12.37,26.1,14.1,283,17.13,30.67,17.1,478,18.3
"2022-10-10 07:00:00",94,"Site 1",39.10236,-96.60097,335,7.8,5.1,28,12.03,26.1,14.1,281,16.93,30.7,17.1,478,18.3
"2022-10-10 08:00:00",95,"Site 1",39.10236,-96.60097,335,7.8,5.1,28,11.8,26.1,14.1,279.7,16.73,30.67,17.1,477.3,18.23
"2022-10-10 09:00:00",96,"Site 1",39.10236,-96.60097,335,7.9,5.2,29,12.1,26.1,14.1,278,16.53,30.63,17.1,476,18.17
"2022-10-10 10:00:00",97,"Site 1",39.10236,-96.60097,335,7.9,5.2,30,13.1,26.1,14.1,276.3,16.37,30.7,17.13,475.7,18.1
"2022-10-10 11:00:00",98,"Site 1",39.10236,-96.60097,335,7.9,5.2,31.33,14.53,26.1,14.1,276,16.2,30.57,17.07,474.3,18.1
"2022-10-10 12:00:00",99,"Site 1",39.10236,-96.60097,335,7.967,5.2,32.67,16.4,26.1,14.1,275,16.13,30.63,17.1,473.3,18
"2022-10-10 13:00:00",100,"Site 1",39.10236,-96.60097,335,7.967,5.2,34.33,18.3,26.1,14.1,276,16.2,30.57,17.07,473,17.93
"2022-10-10 14:00:00",101,"Site 1",39.10236,-96.60097,335,8,5.2,36.33,20.17,26.1,14.1,276.3,16.33,30.57,17.07,472,17.87
"2022-10-10 15:00:00",102,"Site 1",39.10236,-96.60097,335,8,5.2,37,21.73,26.1,14.1,278.7,16.6,30.6,17.07,472,17.8
"2022-10-10 16:00:00",103,"Site 1",39.10236,-96.60097,335,8,5.2,37,22.1,26.1,14.1,281,17.03,30.57,17.07,471.7,17.77
"2022-10-10 17:00:00",104,"Site 1",39.10236,-96.60097,335,7.933,5.2,37,22.3,26.1,14.1,284,17.4,30.6,17.03,471.3,17.77
"2022-10-10 18:00:00",105,"Site 1",39.10236,-96.60097,335,7.9,5.2,36.33,21.8,26.1,14.1,286.7,17.83,30.63,17.07,472,17.8
"2022-10-10 19:00:00",106,"Site 1",39.10236,-96.60097,335,7.867,5.167,35,20.67,26.1,14.1,289.3,18.17,30.67,17.1,472,17.87
"2022-10-10 20:00:00",107,"Site 1",39.10236,-96.60097,335,7.8,5.1,34.33,19.87,26.1,14.1,290.3,18.47,30.67,17.07,473,17.93
"2022-10-10 21:00:00",108,"Site 1",39.10236,-96.60097,335,7.8,5.1,34,19.23,26.1,14.1,291,18.6,30.67,17.1,474,18
"2022-10-10 22:00:00",109,"Site 1",39.10236,-96.60097,335,7.8,5.1,33,18.77,26.1,14.1,292,18.7,30.67,17.13,474,18.07
"2022-10-10 23:00:00",110,"Site 1",39.10236,-96.60097,335,7.8,5.1,33,18.37,26.1,14.1,292,18.7,30.57,17.07,475.3,18.1
"2022-10-11 00:00:00",111,"Site 1",39.10236,-96.60097,335,7.8,5.1,33,18.1,26.1,14.1,292,18.7,30.67,17.07,476,18.2
"2022-10-11 01:00:00",112,"Site 1",39.10236,-96.60097,335,7.8,5.1,32,17.97,26.1,14.1,292,18.67,30.67,17.1,476.7,18.27
"2022-10-11 02:00:00",113,"Site 1",39.10236,-96.60097,335,7.8,5.1,32,17.87,26.1,14.1,291,18.57,30.63,17.07,477.7,18.3
"2022-10-11 03:00:00",114,"Site 1",39.10236,-96.60097,335,7.8,5.1,32,17.7,26.1,14.1,291,18.5,30.67,17.1,478,18.33
"2022-10-11 04:00:00",115,"Site 1",39.10236,-96.60097,335,7.8,5.1,32,17.53,26.1,14.1,291,18.5,30.67,17.1,478,18.4
"2022-10-11 05:00:00",116,"Site 1",39.10236,-96.60097,335,7.733,5.1,32,17.4,26.1,14.1,290.7,18.43,30.6,17.1,478,18.4
"2022-10-11 06:00:00",117,"Site 1",39.10236,-96.60097,335,7.733,5.1,32,17.23,26.1,14.1,290,18.4,30.6,17.03,478.7,18.43
"2022-10-11 07:00:00",118,"Site 1",39.10236,-96.60097,335,7.7,5.1,32,17.07,26.03,14.03,290,18.37,30.67,17.1,479,18.47
"2022-10-11 08:00:00",119,"Site 1",39.10236,-96.60097,335,7.733,5.1,32,17.07,26.1,14.1,289,18.3,30.67,17.1,479,18.47
"2022-10-11 09:00:00",120,"Site 1",39.10236,-96.60097,335,7.8,5.1,32,17.47,26.1,14.1,289,18.2,30.73,17.1,479.3,18.47
"2022-10-11 10:00:00",121,"Site 1",39.10236,-96.60097,335,7.8,5.1,32.67,18.2,26.1,14.1,289,18.17,30.67,17.13,478.3,18.47
"2022-10-11 11:00:00",122,"Site 1",39.10236,-96.60097,335,7.8,5.1,33.67,19.1,26.1,14.1,288.7,18.13,30.6,17.07,478.3,18.43
"2022-10-11 12:00:00",123,"Site 1",39.10236,-96.60097,335,7.8,5.1,34.67,20.33,26.1,14.1,289,18.2,30.63,17.1,478.3,18.47
"2022-10-11 13:00:00",124,"Site 1",39.10236,-96.60097,335,7.8,5.1,35.67,21.77,26.1,14.1,289.3,18.33,30.7,17.1,478,18.47
"2022-10-11 14:00:00",125,"Site 1",39.10236,-96.60097,335,7.933,5.2,37,22.97,26.1,14.1,291.3,18.53,30.63,17.07,478,18.47
"2022-10-11 15:00:00",126,"Site 1",39.10236,-96.60097,335,8.03,5.2,38,23.87,26.1,14.1,293,18.73,30.63,17.07,478,18.5
"2022-10-11 16:00:00",127,"Site 1",39.10236,-96.60097,335,8.03,5.2,38,24.4,26.1,14.1,295,19.07,30.67,17.1,479,18.5
"2022-10-11 17:00:00",128,"Site 1",39.10236,-96.60097,335,7.967,5.2,37.33,24.27,26.1,14.1,297.7,19.43,30.67,17.1,479,18.5
"2022-10-11 18:00:00",129,"Site 1",39.10236,-96.60097,335,7.8,5.1,36.67,23.53,26.1,14.1,299.7,19.7,30.6,17.1,480,18.57
"2022-10-11 19:00:00",130,"Site 1",39.10236,-96.60097,335,7.8,5.1,36,22.7,26.1,14.1,301.7,19.97,30.73,17.13,481.3,18.63
"2022-10-11 20:00:00",131,"Site 1",39.10236,-96.60097,335,7.7,5.1,35,22,26.1,14.1,303,20.13,30.67,17.1,482,18.7
"2022-10-11 21:00:00",132,"Site 1",39.10236,-96.60097,335,7.7,5.1,34.67,21.47,26.1,14.1,303.3,20.3,30.63,17.1,483,18.8
"2022-10-11 22:00:00",133,"Site 1",39.10236,-96.60097,335,7.633,5.1,34,20.97,26.1,14.1,303,20.3,30.63,17.1,484,18.9
"2022-10-11 23:00:00",134,"Site 1",39.10236,-96.60097,335,7.6,5.1,34,20.57,26.1,14.1,303.3,20.3,30.7,17.1,484.7,19
"2022-10-12 00:00:00",135,"Site 1",39.10236,-96.60097,335,7.6,5.1,33.33,20.2,26.1,14.1,303,20.27,30.67,17.13,486,19.03
"2022-10-12 01:00:00",136,"Site 1",39.10236,-96.60097,335,7.6,5.1,33,20.03,26.07,14.07,303,20.2,30.63,17.07,486.3,19.1
"2022-10-12 02:00:00",137,"Site 1",39.10236,-96.60097,335,33.63,19.47,158.3,18.67,26.9,14.57,324,20.07,30.63,17.1,488,19.13
"2022-10-12 03:00:00",138,"Site 1",39.10236,-96.60097,335,34.8,20.27,192,17.8,27.2,14.7,332.7,20,30.63,17.1,488,19.17
"2022-10-12 04:00:00",139,"Site 1",39.10236,-96.60097,335,33.73,19.4,191,17.5,27.2,14.7,332.7,19.83,30.7,17.1,489,19.2
"2022-10-12 05:00:00",140,"Site 1",39.10236,-96.60097,335,33.2,18.93,187.7,17.03,27.2,14.7,331.7,19.7,30.67,17.13,489.3,19.23
"2022-10-12 06:00:00",141,"Site 1",39.10236,-96.60097,335,32.87,18.67,183,16.37,27.2,14.7,330,19.53,30.73,17.07,490,19.2
"2022-10-12 07:00:00",142,"Site 1",39.10236,-96.60097,335,32.63,18.5,178,15.6,27.17,14.7,328.7,19.33,30.67,17.13,490,19.27
"2022-10-12 08:00:00",143,"Site 1",39.10236,-96.60097,335,32.37,18.33,174.3,14.97,27.13,14.7,326.7,19.17,30.67,17.1,490,19.2
"2022-10-12 09:00:00",144,"Site 1",39.10236,-96.60097,335,32.23,18.2,173,14.83,27.2,14.7,324.7,18.93,30.63,17.07,488.7,19.2
"2022-10-12 10:00:00",145,"Site 1",39.10236,-96.60097,335,32,18.07,175,15.17,27.17,14.7,322.3,18.63,30.67,17.07,488.7,19.2
"2022-10-12 11:00:00",146,"Site 1",39.10236,-96.60097,335,31.73,17.83,177.3,15.9,27.17,14.7,320.7,18.47,30.67,17.1,488,19.17
"2022-10-12 12:00:00",147,"Site 1",39.10236,-96.60097,335,31.2,17.47,177.7,16.97,27.13,14.7,319.7,18.27,30.67,17.1,487.7,19.1
"2022-10-12 13:00:00",148,"Site 1",39.10236,-96.60097,335,30.77,17.13,178,17.97,27.2,14.7,319,18.2,30.7,17.07,487.3,19.07
"2022-10-12 14:00:00",149,"Site 1",39.10236,-96.60097,335,30.3,16.83,179,18.87,27.13,14.7,319.7,18.27,30.7,17.07,486.3,19
"2022-10-12 15:00:00",150,"Site 1",39.10236,-96.60097,335,29.93,16.6,178.3,19.77,27.13,14.7,320.3,18.33,30.63,17.07,486,18.97
"2022-10-12 16:00:00",151,"Site 1",39.10236,-96.60097,335,29.6,16.3,174.7,19.87,27.1,14.7,321.3,18.47,30.73,17.13,485.3,18.93
"2022-10-12 17:00:00",152,"Site 1",39.10236,-96.60097,335,29.27,16.17,169.3,19.1,27.13,14.7,323,18.67,30.63,17.1,485.7,18.9
"2022-10-12 18:00:00",153,"Site 1",39.10236,-96.60097,335,29.1,16,165,18.3,27.1,14.7,324,18.8,30.7,17.1,485.3,18.9
"2022-10-12 19:00:00",154,"Site 1",39.10236,-96.60097,335,28.93,15.93,160,17.3,27.1,14.7,324.7,18.9,30.7,17.13,485,18.9
"2022-10-12 20:00:00",155,"Site 1",39.10236,-96.60097,335,28.87,15.8,156,16.53,27.1,14.7,324.7,18.9,30.67,17.13,485.7,18.9
"2022-10-12 21:00:00",156,"Site 1",39.10236,-96.60097,335,28.7,15.8,152.3,15.8,27.13,14.7,324,18.83,30.63,17.1,486,18.9
"2022-10-12 22:00:00",157,"Site 1",39.10236,-96.60097,335,28.7,15.77,148.7,14.9,27.1,14.7,322.7,18.7,30.7,17.1,486,18.9
"2022-10-12 23:00:00",158,"Site 1",39.10236,-96.60097,335,28.67,15.67,145,14.07,27.1,14.7,321.3,18.53,30.67,17.1,486,18.9
"2022-10-13 00:00:00",159,"Site 1",39.10236,-96.60097,335,28.6,15.67,142,13.37,27.1,14.7,319.7,18.33,30.67,17.07,486,18.9
"2022-10-13 01:00:00",160,"Site 1",39.10236,-96.60097,335,28.57,15.6,139.7,12.73,27.1,14.7,318,18.13,30.73,17.1,486,18.9
"2022-10-13 02:00:00",161,"Site 1",39.10236,-96.60097,335,28.5,15.6,137.3,12.17,27.03,14.63,315.7,17.87,30.67,17.03,485.3,18.9
"2022-10-13 03:00:00",162,"Site 1",39.10236,-96.60097,335,28.43,15.6,135,11.63,27.07,14.67,313.3,17.6,30.63,17.1,484.7,18.87
"2022-10-13 04:00:00",163,"Site 1",39.10236,-96.60097,335,28.4,15.57,133.3,11.2,27.03,14.63,311,17.4,30.73,17.13,484,18.77
"2022-10-13 05:00:00",164,"Site 1",39.10236,-96.60097,335,28.4,15.57,131.7,10.73,27.07,14.67,308.3,17.07,30.6,17.1,483,18.8
"2022-10-13 06:00:00",165,"Site 1",39.10236,-96.60097,335,28.4,15.5,130.3,10.4,27,14.63,306,16.8,30.67,17.1,482,18.63
"2022-10-13 07:00:00",166,"Site 1",39.10236,-96.60097,335,28.37,15.5,128.7,10.1,27,14.6,303.3,16.57,30.6,17.1,481.7,18.6
"2022-10-13 08:00:00",167,"Site 1",39.10236,-96.60097,335,28.3,15.5,128,9.97,27,14.6,301.3,16.3,30.6,17.1,480,18.5
"2022-10-13 09:00:00",168,"Site 1",39.10236,-96.60097,335,28.37,15.5,129.3,10.23,27.03,14.63,299,16,30.67,17.07,478.7,18.4
"2022-10-13 10:00:00",169,"Site 1",39.10236,-96.60097,335,28.3,15.43,132,10.9,27.07,14.67,296.3,15.83,30.57,17,477.7,18.3
"2022-10-13 11:00:00",170,"Site 1",39.10236,-96.60097,335,28.1,15.3,135,11.9,27,14.6,295,15.57,30.6,17.1,476,18.23
"2022-10-13 12:00:00",171,"Site 1",39.10236,-96.60097,335,27.8,15.13,137,13.1,27.03,14.63,294,15.5,30.6,17.07,474.3,18.13
"2022-10-13 13:00:00",172,"Site 1",39.10236,-96.60097,335,27.43,14.9,139.7,14.27,27.03,14.63,293.7,15.5,30.63,17.07,473.3,18.03
"2022-10-13 14:00:00",173,"Site 1",39.10236,-96.60097,335,27.03,14.67,142,15.2,27,14.63,294,15.57,30.53,17.03,472,17.93
"2022-10-13 15:00:00",174,"Site 1",39.10236,-96.60097,335,26.6,14.4,143.7,16.17,27,14.6,295,15.7,30.6,17.07,471,17.83
"2022-10-13 16:00:00",175,"Site 1",39.10236,-96.60097,335,26.3,14.2,142.7,16.63,27.03,14.63,296,15.87,30.6,17.1,470,17.8
"2022-10-13 17:00:00",176,"Site 1",39.10236,-96.60097,335,26.07,14.07,138.7,16.23,27,14.6,297.7,16.07,30.53,17,469.7,17.7
"2022-10-13 18:00:00",177,"Site 1",39.10236,-96.60097,335,25.83,13.93,134.3,15.37,26.93,14.6,299.3,16.3,30.57,17.07,469.7,17.67
"2022-10-13 19:00:00",178,"Site 1",39.10236,-96.60097,335,25.73,13.83,130.3,14.3,26.97,14.6,300,16.4,30.63,17.1,469.3,17.6
"2022-10-13 20:00:00",179,"Site 1",39.10236,-96.60097,335,25.63,13.8,126.3,13.33,26.9,14.6,300,16.5,30.57,17,469,17.63
"2022-10-13 21:00:00",180,"Site 1",39.10236,-96.60097,335,25.5,13.7,123,12.5,26.97,14.6,299.7,16.47,30.57,17.03,468.7,17.6
"2022-10-13 22:00:00",181,"Site 1",39.10236,-96.60097,335,25.47,13.7,120.3,11.73,26.93,14.6,298.7,16.37,30.57,17.03,468.7,17.6
"2022-10-13 23:00:00",182,"Site 1",39.10236,-96.60097,335,25.37,13.67,118,11.1,26.9,14.6,297.3,16.23,30.67,17.07,468.7,17.6
"2022-10-14 00:00:00",183,"Site 1",39.10236,-96.60097,335,25.37,13.67,116.3,10.53,26.9,14.6,295.3,16.03,30.53,17.03,468,17.6
"2022-10-14 01:00:00",184,"Site 1",39.10236,-96.60097,335,25.3,13.6,114.3,10.03,26.9,14.6,294,15.83,30.57,16.97,468,17.6
"2022-10-14 02:00:00",185,"Site 1",39.10236,-96.60097,335,25.2,13.5,112.3,9.57,26.9,14.6,291.7,15.6,30.57,17,468,17.53
"2022-10-14 03:00:00",186,"Site 1",39.10236,-96.60097,335,25.2,13.5,111.3,9.2,26.9,14.6,289.3,15.4,30.57,17.03,467,17.5
"2022-10-14 04:00:00",187,"Site 1",39.10236,-96.60097,335,25.2,13.5,110,8.87,26.9,14.6,287.7,15.17,30.57,17,466,17.5
"2022-10-14 05:00:00",188,"Site 1",39.10236,-96.60097,335,25.13,13.5,108.7,8.6,26.9,14.6,285.3,14.93,30.57,17,465.7,17.4
"2022-10-14 06:00:00",189,"Site 1",39.10236,-96.60097,335,25.1,13.5,108,8.3,26.9,14.6,283.7,14.7,30.57,17.03,464.3,17.37
"2022-10-14 07:00:00",190,"Site 1",39.10236,-96.60097,335,25.03,13.43,107.7,8.23,26.83,14.53,281.7,14.47,30.6,17.03,463.7,17.27
"2022-10-14 08:00:00",191,"Site 1",39.10236,-96.60097,335,25.03,13.43,108.7,8.57,26.9,14.6,279.7,14.27,30.57,17,462.7,17.2
"2022-10-14 09:00:00",192,"Site 1",39.10236,-96.60097,335,25.1,13.47,110.3,9.13,26.9,14.6,278.3,14.1,30.57,17,461,17.03
"2022-10-14 10:00:00",193,"Site 1",39.10236,-96.60097,335,25.07,13.47,113.3,9.9,26.9,14.6,276.7,13.93,30.57,16.97,459.3,16.93
"2022-10-14 11:00:00",194,"Site 1",39.10236,-96.60097,335,24.93,13.37,117,11.03,26.9,14.6,276,13.8,30.43,16.93,458.7,16.87
"2022-10-14 12:00:00",195,"Site 1",39.10236,-96.60097,335,24.77,13.23,120,12.57,26.9,14.6,276,13.8,30.5,16.93,457,16.77
"2022-10-14 13:00:00",196,"Site 1",39.10236,-96.60097,335,24.5,13.13,123,13.9,26.9,14.6,276,13.83,30.5,17,456,16.7
"2022-10-14 14:00:00",197,"Site 1",39.10236,-96.60097,335,24.33,13.03,126,15.4,26.9,14.6,277.3,14,30.53,16.97,455,16.63
"2022-10-14 15:00:00",198,"Site 1",39.10236,-96.60097,335,24.1,12.87,127.3,16.57,26.9,14.6,279,14.27,30.47,16.9,454,16.6
"2022-10-14 16:00:00",199,"Site 1",39.10236,-96.60097,335,23.9,12.8,127.7,16.87,26.9,14.6,281,14.53,30.5,16.97,454,16.53
"2022-10-14 17:00:00",200,"Site 1",39.10236,-96.60097,335,23.67,12.63,127.3,17.13,26.9,14.6,283.3,14.87,30.57,17,454,16.53
"2022-10-14 18:00:00",201,"Site 1",39.10236,-96.60097,335,23.57,12.57,125,16.7,26.9,14.6,285.7,15.2,30.53,16.93,453.7,16.47
"2022-10-14 19:00:00",202,"Site 1",39.10236,-96.60097,335,23.47,12.5,123,16.07,26.9,14.6,287.3,15.4,30.57,17,454,16.5
"2022-10-14 20:00:00",203,"Site 1",39.10236,-96.60097,335,23.4,12.5,120.7,15.4,26.9,14.6,289,15.63,30.43,16.93,454,16.5
"2022-10-14 21:00:00",204,"Site 1",39.10236,-96.60097,335,23.37,12.47,118.7,14.73,26.9,14.6,289.3,15.77,30.53,16.97,454,16.53
"2022-10-14 22:00:00",205,"Site 1",39.10236,-96.60097,335,23.3,12.4,116.7,14.1,26.9,14.6,290,15.83,30.47,16.9,454.7,16.6
"2022-10-14 23:00:00",206,"Site 1",39.10236,-96.60097,335,23.27,12.4,114.3,13.5,26.9,14.6,290,15.8,30.5,16.93,455,16.6
"2022-10-15 00:00:00",207,"Site 1",39.10236,-96.60097,335,23.17,12.37,112.3,12.87,26.9,14.6,289.3,15.8,30.53,17,455.3,16.7
"2022-10-15 01:00:00",208,"Site 1",39.10236,-96.60097,335,23.13,12.33,110.3,12.27,26.9,14.6,289,15.77,30.53,16.93,455.3,16.7
"2022-10-15 02:00:00",209,"Site 1",39.10236,-96.60097,335,23.1,12.3,108.3,11.7,26.87,14.57,288,15.6,30.5,16.93,455,16.7
"2022-10-15 03:00:00",210,"Site 1",39.10236,-96.60097,335,23.07,12.3,106.3,11.1,26.8,14.5,286.7,15.47,30.47,16.93,455,16.7
"2022-10-15 04:00:00",211,"Site 1",39.10236,-96.60097,335,23,12.3,104.3,10.5,26.83,14.53,285.3,15.33,30.53,16.97,455.7,16.7
"2022-10-15 05:00:00",212,"Site 1",39.10236,-96.60097,335,22.93,12.23,102.7,10,26.87,14.57,284,15.17,30.57,17,455,16.73
"2022-10-15 06:00:00",213,"Site 1",39.10236,-96.60097,335,22.9,12.2,101.3,9.6,26.8,14.5,282,14.93,30.53,16.97,455,16.7
"2022-10-15 07:00:00",214,"Site 1",39.10236,-96.60097,335,22.87,12.17,100.3,9.23,26.83,14.53,280.3,14.73,30.53,17.03,455,16.63
"2022-10-15 08:00:00",215,"Site 1",39.10236,-96.60097,335,22.87,12.17,99,9.03,26.8,14.5,279,14.53,30.5,16.93,454,16.63
"2022-10-15 09:00:00",216,"Site 1",39.10236,-96.60097,335,22.9,12.2,100.7,9.3,26.87,14.57,277,14.33,30.53,17,453.3,16.6
"2022-10-15 10:00:00",217,"Site 1",39.10236,-96.60097,335,22.9,12.2,103.7,10.13,26.9,14.6,275.7,14.13,30.47,16.93,452.7,16.5
"2022-10-15 11:00:00",218,"Site 1",39.10236,-96.60097,335,22.83,12.13,108,11.47,26.87,14.57,274.3,14.03,30.43,16.93,452,16.43
"2022-10-15 12:00:00",219,"Site 1",39.10236,-96.60097,335,22.7,12.07,111,13.07,26.87,14.57,274,13.93,30.47,16.93,451,16.37
"2022-10-15 13:00:00",220,"Site 1",39.10236,-96.60097,335,22.6,12,114,14.63,26.87,14.57,274.3,13.97,30.47,16.97,450.3,16.33
"2022-10-15 14:00:00",221,"Site 1",39.10236,-96.60097,335,22.47,11.93,116.7,16.17,26.9,14.6,275.7,14.1,30.5,16.97,450,16.3
"2022-10-15 15:00:00",222,"Site 1",39.10236,-96.60097,335,22.3,11.87,117.3,16.9,26.9,14.6,277,14.3,30.5,16.97,449,16.27
"2022-10-15 16:00:00",223,"Site 1",39.10236,-96.60097,335,22.2,11.8,118.3,17.5,26.9,14.6,279.3,14.63,30.5,16.9,449,16.2
"2022-10-15 17:00:00",224,"Site 1",39.10236,-96.60097,335,22.07,11.7,117.7,17.8,26.9,14.6,281.3,14.97,30.5,16.93,449,16.2
"2022-10-15 18:00:00",225,"Site 1",39.10236,-96.60097,335,22.07,11.7,116,17.23,26.87,14.57,283.7,15.27,30.47,16.97,449.3,16.2
"2022-10-15 19:00:00",226,"Site 1",39.10236,-96.60097,335,22,11.7,113,16.3,26.9,14.6,285.7,15.5,30.57,17.07,449.3,16.2
"2022-10-15 20:00:00",227,"Site 1",39.10236,-96.60097,335,21.97,11.67,110.7,15.43,26.87,14.57,287,15.67,30.5,16.93,450,16.23
"2022-10-15 21:00:00",228,"Site 1",39.10236,-96.60097,335,21.93,11.63,108.7,14.73,26.9,14.6,288,15.8,30.43,16.93,450,16.27
"2022-10-15 22:00:00",229,"Site 1",39.10236,-96.60097,335,21.87,11.6,106.7,14.07,26.9,14.6,287.7,15.83,30.47,16.9,450.3,16.3
"2022-10-15 23:00:00",230,"Site 1",39.10236,-96.60097,335,21.8,11.6,104.7,13.4,26.9,14.6,287.3,15.87,30.53,17,451,16.37
"2022-10-16 00:00:00",231,"Site 1",39.10236,-96.60097,335,21.7,11.53,103,12.9,26.87,14.57,287,15.77,30.5,16.93,452,16.4
"2022-10-16 01:00:00",232,"Site 1",39.10236,-96.60097,335,21.53,11.43,101.7,12.33,26.87,14.57,286,15.63,30.47,16.9,452,16.4
"2022-10-16 02:00:00",233,"Site 1",39.10236,-96.60097,335,21.5,11.4,100,11.9,26.83,14.53,284.7,15.53,30.53,17,452,16.43
"2022-10-16 03:00:00",234,"Site 1",39.10236,-96.60097,335,21.37,11.37,98.7,11.47,26.8,14.5,284,15.4,30.5,16.93,452.3,16.4
"2022-10-16 04:00:00",235,"Site 1",39.10236,-96.60097,335,21.27,11.27,97.3,11.07,26.8,14.5,282.7,15.27,30.5,16.93,452,16.43
"2022-10-16 05:00:00",236,"Site 1",39.10236,-96.60097,335,21.2,11.2,95.7,10.63,26.8,14.5,281.3,15.07,30.57,16.97,452,16.43
"2022-10-16 06:00:00",237,"Site 1",39.10236,-96.60097,335,21,11.17,94.7,10.2,26.8,14.5,280,14.93,30.53,16.97,452,16.4
"2022-10-16 07:00:00",238,"Site 1",39.10236,-96.60097,335,20.97,11.1,93.3,9.8,26.8,14.5,278.3,14.73,30.53,16.97,451.3,16.4
"2022-10-16 08:00:00",239,"Site 1",39.10236,-96.60097,335,20.87,11.07,93,9.6,26.8,14.5,277,14.57,30.5,16.93,451,16.4
"2022-10-16 09:00:00",240,"Site 1",39.10236,-96.60097,335,20.9,11.13,94,9.87,26.87,14.57,275.7,14.33,30.47,16.97,450,16.37
"2022-10-16 10:00:00",241,"Site 1",39.10236,-96.60097,335,21.13,11.2,97,10.83,26.8,14.5,274,14.2,30.47,16.93,449.7,16.3
"2022-10-16 11:00:00",242,"Site 1",39.10236,-96.60097,335,21.17,11.23,100.7,12.23,26.8,14.5,273,14.03,30.43,16.93,449,16.23
"2022-10-16 12:00:00",243,"Site 1",39.10236,-96.60097,335,21.27,11.3,104,13.9,26.8,14.5,273,14,30.5,16.93,448,16.13
"2022-10-16 13:00:00",244,"Site 1",39.10236,-96.60097,335,21.27,11.3,107.3,15.53,26.83,14.53,273.3,14.07,30.5,16.97,447,16.13
"2022-10-16 14:00:00",245,"Site 1",39.10236,-96.60097,335,21.27,11.3,110.7,17.17,26.87,14.57,274.7,14.23,30.47,16.9,447,16.07
"2022-10-16 15:00:00",246,"Site 1",39.10236,-96.60097,335,21.17,11.23,112,18.17,26.9,14.6,276.3,14.43,30.43,16.9,446.3,16.07
"2022-10-16 16:00:00",247,"Site 1",39.10236,-96.60097,335,21,11.17,112,18.63,26.87,14.57,279,14.8,30.5,16.93,446.7,15.97
"2022-10-16 17:00:00",248,"Site 1",39.10236,-96.60097,335,20.9,11.1,110,18.3,26.9,14.6,281,15.1,30.37,16.93,446.3,15.93
"2022-10-16 18:00:00",249,"Site 1",39.10236,-96.60097,335,20.63,10.97,106.3,17.13,26.8,14.5,283.7,15.4,30.5,16.97,447,15.9
"2022-10-16 19:00:00",250,"Site 1",39.10236,-96.60097,335,20.3,10.77,103,15.83,26.83,14.53,285.3,15.67,30.47,16.9,447,16.03
"2022-10-16 20:00:00",251,"Site 1",39.10236,-96.60097,335,20.1,10.67,100,14.7,26.8,14.5,286,15.8,30.47,16.9,447,16.03
"2022-10-16 21:00:00",252,"Site 1",39.10236,-96.60097,335,19.97,10.6,97,13.83,26.8,14.5,286,15.83,30.5,16.93,448.3,16.07
"2022-10-16 22:00:00",253,"Site 1",39.10236,-96.60097,335,19.8,10.5,95,13,26.83,14.53,285.7,15.8,30.47,16.9,448.7,16.17
"2022-10-16 23:00:00",254,"Site 1",39.10236,-96.60097,335,19.6,10.4,93,12.3,26.8,14.5,284.7,15.7,30.5,16.93,449,16.2
"2022-10-17 00:00:00",255,"Site 1",39.10236,-96.60097,335,19.43,10.3,91,11.6,26.83,14.53,283.7,15.57,30.53,17,449,16.2
"2022-10-17 01:00:00",256,"Site 1",39.10236,-96.60097,335,19.2,10.2,89.3,10.87,26.8,14.5,282.3,15.43,30.6,17.03,449.7,16.23
"2022-10-17 02:00:00",257,"Site 1",39.10236,-96.60097,335,19.03,10.1,87.3,10.3,26.8,14.5,280.7,15.23,30.47,17,449.3,16.27
"2022-10-17 03:00:00",258,"Site 1",39.10236,-96.60097,335,18.93,10.03,85.7,9.6,26.8,14.5,279.3,14.97,30.5,16.93,449,16.23
"2022-10-17 04:00:00",259,"Site 1",39.10236,-96.60097,335,18.73,10,83.7,9.1,26.8,14.5,277.3,14.8,30.47,16.9,449,16.23
"2022-10-17 05:00:00",260,"Site 1",39.10236,-96.60097,335,18.63,9.93,82.3,8.57,26.8,14.5,275.7,14.5,30.47,16.93,449,16.2
"2022-10-17 06:00:00",261,"Site 1",39.10236,-96.60097,335,18.53,9.83,81,8.03,26.8,14.5,273.7,14.3,30.53,17,448.7,16.2
"2022-10-17 07:00:00",262,"Site 1",39.10236,-96.60097,335,18.4,9.8,79.67,7.633,26.8,14.5,271.7,14.03,30.57,17,448,16.1
"2022-10-17 08:00:00",263,"Site 1",39.10236,-96.60097,335,18.3,9.7,79,7.233,26.8,14.5,270,13.8,30.53,16.97,447,16.03
"2022-10-17 09:00:00",264,"Site 1",39.10236,-96.60097,335,18.47,9.8,79.33,7.4,26.8,14.5,268,13.53,30.5,16.93,445.7,15.93
"2022-10-17 10:00:00",265,"Site 1",39.10236,-96.60097,335,18.63,9.9,81,7.967,26.8,14.5,266,13.3,30.4,16.87,444.7,15.9
"2022-10-17 11:00:00",266,"Site 1",39.10236,-96.60097,335,18.8,10,83.3,8.87,26.8,14.5,264.7,13.1,30.47,16.9,444,15.87
"2022-10-17 12:00:00",267,"Site 1",39.10236,-96.60097,335,18.87,10,85.7,10.1,26.8,14.5,263.7,12.97,30.43,16.93,442.3,15.7
"2022-10-17 13:00:00",268,"Site 1",39.10236,-96.60097,335,19.07,10.1,88.7,11.7,26.8,14.5,263,12.9,30.47,16.93,442,15.67
"2022-10-17 14:00:00",269,"Site 1",39.10236,-96.60097,335,19.4,10.27,93,13.47,26.8,14.5,263.7,12.93,30.47,16.93,441,15.57
"2022-10-17 15:00:00",270,"Site 1",39.10236,-96.60097,335,19.57,10.43,95.7,15.07,26.8,14.5,264.7,13.1,30.37,16.9,439.7,15.53
"2022-10-17 16:00:00",271,"Site 1",39.10236,-96.60097,335,19.63,10.4,96,15.8,26.8,14.5,266.3,13.33,30.4,16.9,439,15.4
"2022-10-17 17:00:00",272,"Site 1",39.10236,-96.60097,335,19.43,10.3,94,15.43,26.8,14.5,268.7,13.63,30.4,16.87,439,15.4
"2022-10-17 18:00:00",273,"Site 1",39.10236,-96.60097,335,18.97,10.07,90.3,14.2,26.8,14.5,270.7,13.9,30.47,16.93,439,15.37
"2022-10-17 19:00:00",274,"Site 1",39.10236,-96.60097,335,18.73,9.97,87,12.83,26.8,14.5,272,14.13,30.4,16.9,439,15.37
"2022-10-17 20:00:00",275,"Site 1",39.10236,-96.60097,335,18.47,9.83,84,11.6,26.8,14.5,272,14.2,30.5,16.97,439,15.37
"2022-10-17 21:00:00",276,"Site 1",39.10236,-96.60097,335,18.2,9.7,81.3,10.6,26.8,14.5,272,14.23,30.53,16.97,439,15.4
"2022-10-17 22:00:00",277,"Site 1",39.10236,-96.60097,335,18.1,9.6,79,9.7,26.8,14.5,271.7,14.17,30.47,16.93,439,15.37
"2022-10-17 23:00:00",278,"Site 1",39.10236,-96.60097,335,17.97,9.57,77.33,9,26.8,14.5,270.3,14.07,30.5,16.93,439,15.43
"2022-10-18 00:00:00",279,"Site 1",39.10236,-96.60097,335,17.87,9.5,76.33,8.4,26.8,14.5,269,13.87,30.47,16.93,439,15.4
"2022-10-18 01:00:00",280,"Site 1",39.10236,-96.60097,335,17.83,9.5,75,7.967,26.8,14.5,267.3,13.63,30.43,16.9,439,15.4
"2022-10-18 02:00:00",281,"Site 1",39.10236,-96.60097,335,17.73,9.43,73.67,7.5,26.77,14.47,265.7,13.4,30.47,16.97,439,15.4
"2022-10-18 03:00:00",282,"Site 1",39.10236,-96.60097,335,17.57,9.37,72.67,7.067,26.7,14.4,264,13.2,30.47,16.93,437.7,15.37
"2022-10-18 04:00:00",283,"Site 1",39.10236,-96.60097,335,17.5,9.33,71.67,6.633,26.73,14.43,262.7,12.97,30.47,16.93,437.3,15.3
"2022-10-18 05:00:00",284,"Site 1",39.10236,-96.60097,335,17.43,9.3,70.33,6.133,26.73,14.43,260.7,12.77,30.5,16.97,437,15.23
"2022-10-18 06:00:00",285,"Site 1",39.10236,-96.60097,335,17.3,9.2,69,5.6,26.7,14.4,259.3,12.5,30.37,16.9,436,15.2
"2022-10-18 07:00:00",286,"Site 1",39.10236,-96.60097,335,17.03,9.1,67.67,5.1,26.63,14.4,257.3,12.3,30.53,16.93,435.3,15.13
"2022-10-18 08:00:00",287,"Site 1",39.10236,-96.60097,335,17.13,9.2,67,4.767,26.63,14.4,255.7,12.03,30.47,16.93,434.3,15.07
"2022-10-18 09:00:00",288,"Site 1",39.10236,-96.60097,335,17.13,9.13,67.33,4.8,26.73,14.43,253.3,11.83,30.33,16.87,433,15
"2022-10-18 10:00:00",289,"Site 1",39.10236,-96.60097,335,17.43,9.3,69,5.333,26.73,14.43,251.7,11.6,30.37,16.9,431.3,14.9
"2022-10-18 11:00:00",290,"Site 1",39.10236,-96.60097,335,17.7,9.43,71.67,6.367,26.7,14.4,250,11.4,30.37,16.9,430.7,14.8
"2022-10-18 12:00:00",291,"Site 1",39.10236,-96.60097,335,17.87,9.5,74,7.833,26.7,14.4,249.3,11.23,30.33,16.87,429.7,14.67
"2022-10-18 13:00:00",292,"Site 1",39.10236,-96.60097,335,18.2,9.67,78,9.7,26.7,14.4,249,11.2,30.37,16.9,428,14.63
"2022-10-18 14:00:00",293,"Site 1",39.10236,-96.60097,335,18.57,9.87,82,11.5,26.7,14.4,249.7,11.2,30.33,16.87,427.3,14.47
"2022-10-18 15:00:00",294,"Site 1",39.10236,-96.60097,335,18.73,9.97,85,13,26.7,14.4,250.7,11.4,30.37,16.9,426.3,14.37
"2022-10-18 16:00:00",295,"Site 1",39.10236,-96.60097,335,18.63,9.9,85.7,13.8,26.73,14.43,252.3,11.63,30.37,16.87,425.3,14.37
"2022-10-18 17:00:00",296,"Site 1",39.10236,-96.60097,335,18.57,9.87,84,13.53,26.77,14.47,254.7,11.97,30.37,16.87,425,14.3
"2022-10-18 18:00:00",297,"Site 1",39.10236,-96.60097,335,18.3,9.73,80.7,12.3,26.7,14.4,256.7,12.27,30.47,16.9,425,14.27
"2022-10-18 19:00:00",298,"Site 1",39.10236,-96.60097,335,18,9.57,77,10.8,26.7,14.4,257.7,12.5,30.43,16.93,425,14.27
"2022-10-18 20:00:00",299,"Site 1",39.10236,-96.60097,335,17.83,9.5,74,9.5,26.67,14.4,258.3,12.6,30.43,16.9,425,14.23
"2022-10-18 21:00:00",300,"Site 1",39.10236,-96.60097,335,17.63,9.4,71.67,8.47,26.63,14.4,258.3,12.6,30.4,16.9,425,14.3
"2022-10-18 22:00:00",301,"Site 1",39.10236,-96.60097,335,17.43,9.3,69.67,7.567,26.63,14.4,257.3,12.6,30.43,16.93,425,14.3
"2022-10-18 23:00:00",302,"Site 1",39.10236,-96.60097,335,17.33,9.23,68,6.8,26.6,14.4,256.7,12.37,30.37,16.9,425,14.3
"2022-10-19 00:00:00",303,"Site 1",39.10236,-96.60097,335,17.23,9.2,66.33,6.133,26.63,14.4,255.3,12.23,30.4,16.9,425,14.3
"2022-10-19 01:00:00",304,"Site 1",39.10236,-96.60097,335,17.1,9.2,65.33,5.5,26.6,14.4,253.3,12.03,30.37,16.87,424.7,14.3
"2022-10-19 02:00:00",305,"Site 1",39.10236,-96.60097,335,16.83,9,64,5.033,26.6,14.4,251.7,11.8,30.43,16.9,424.3,14.3
"2022-10-19 03:00:00",306,"Site 1",39.10236,-96.60097,335,17,9.1,63,4.533,26.6,14.4,249.7,11.53,30.4,16.9,423.7,14.2
"2022-10-19 04:00:00",307,"Site 1",39.10236,-96.60097,335,16.67,8.9,62,4.267,26.6,14.4,248.3,11.33,30.4,16.9,423.7,14.2
"2022-10-19 05:00:00",308,"Site 1",39.10236,-96.60097,335,16.8,9,61.33,3.933,26.6,14.4,246,11.03,30.4,16.9,422.3,14.07
"2022-10-19 06:00:00",309,"Site 1",39.10236,-96.60097,335,16.77,8.97,60.33,3.7,26.57,14.37,244.3,10.8,30.43,16.93,421.7,14.07
"2022-10-19 07:00:00",310,"Site 1",39.10236,-96.60097,335,16.7,8.9,60,3.433,26.5,14.3,242.7,10.6,30.47,16.93,420.7,14
"2022-10-19 08:00:00",311,"Site 1",39.10236,-96.60097,335,16.47,8.8,60,3.267,26.53,14.33,240.7,10.4,30.37,16.9,419,13.87
"2022-10-19 09:00:00",312,"Site 1",39.10236,-96.60097,335,16.9,9.03,60.33,3.333,26.6,14.4,239.3,10.13,30.33,16.9,417.7,13.8
"2022-10-19 10:00:00",313,"Site 1",39.10236,-96.60097,335,17.1,9.17,63,3.967,26.6,14.4,237.3,9.97,30.37,16.9,417,13.7
"2022-10-19 11:00:00",314,"Site 1",39.10236,-96.60097,335,17.37,9.27,66,5.467,26.6,14.4,236.7,9.77,30.37,16.9,415.7,13.63
"2022-10-19 12:00:00",315,"Site 1",39.10236,-96.60097,335,17.7,9.43,69.33,7.5,26.6,14.4,236,9.7,30.4,16.9,414.3,13.5
"2022-10-19 13:00:00",316,"Site 1",39.10236,-96.60097,335,17.7,9.4,73.33,9.7,26.6,14.4,236.3,9.73,30.3,16.83,413.7,13.43
"2022-10-19 14:00:00",317,"Site 1",39.10236,-96.60097,335,17.67,9.4,78,11.9,26.6,14.4,237.3,9.83,30.33,16.9,413,13.37
"2022-10-19 15:00:00",318,"Site 1",39.10236,-96.60097,335,17.57,9.37,81,13.67,26.6,14.4,239.3,10.1,30.33,16.87,411.7,13.23
"2022-10-19 16:00:00",319,"Site 1",39.10236,-96.60097,335,17.53,9.33,82,14.73,26.6,14.4,242,10.5,30.3,16.87,411,13.2
"2022-10-19 17:00:00",320,"Site 1",39.10236,-96.60097,335,17.37,9.27,81.3,14.77,26.6,14.4,244.7,10.87,30.27,16.87,411,13.2
"2022-10-19 18:00:00",321,"Site 1",39.10236,-96.60097,335,17.2,9.2,78.33,13.77,26.6,14.4,247.7,11.33,30.27,16.83,410.7,13.17
"2022-10-19 19:00:00",322,"Site 1",39.10236,-96.60097,335,17,9.1,75,12.33,26.6,14.4,249.7,11.7,30.33,16.87,411,13.17
"2022-10-19 20:00:00",323,"Site 1",39.10236,-96.60097,335,17,9.1,73,11.17,26.6,14.4,251.3,11.97,30.3,16.87,411,13.2
"2022-10-19 21:00:00",324,"Site 1",39.10236,-96.60097,335,16.87,9,71.33,10.3,26.6,14.4,252,12.1,30.37,16.9,412,13.27
"2022-10-19 22:00:00",325,"Site 1",39.10236,-96.60097,335,16.8,9,69.67,9.57,26.6,14.4,252,12.17,30.37,16.93,413,13.33
"2022-10-19 23:00:00",326,"Site 1",39.10236,-96.60097,335,16.77,8.97,68.33,8.9,26.6,14.4,252,12.1,30.43,16.9,413.3,13.37
"2022-10-20 00:00:00",327,"Site 1",39.10236,-96.60097,335,16.77,8.97,67,8.33,26.6,14.4,251,12.07,30.33,16.87,413.3,13.37
"2022-10-20 01:00:00",328,"Site 1",39.10236,-96.60097,335,16.7,8.9,66,7.833,26.6,14.4,250.3,11.93,30.3,16.87,414,13.47
"2022-10-20 02:00:00",329,"Site 1",39.10236,-96.60097,335,16.6,8.9,65,7.4,26.53,14.33,249.7,11.83,30.33,16.87,414,13.47
"2022-10-20 03:00:00",330,"Site 1",39.10236,-96.60097,335,16.6,8.9,64,7,26.53,14.33,248.3,11.67,30.3,16.87,414,13.5
"2022-10-20 04:00:00",331,"Site 1",39.10236,-96.60097,335,16.53,8.9,63.33,6.7,26.57,14.37,247.7,11.53,30.33,16.9,414,13.5
"2022-10-20 05:00:00",332,"Site 1",39.10236,-96.60097,335,16.5,8.87,63,6.433,26.57,14.37,246.3,11.37,30.33,16.83,414,13.5
"2022-10-20 06:00:00",333,"Site 1",39.10236,-96.60097,335,16.5,8.87,62.67,6.2,26.53,14.33,245,11.2,30.3,16.83,413.7,13.47
"2022-10-20 07:00:00",334,"Site 1",39.10236,-96.60097,335,16.47,8.83,62,6,26.43,14.3,244,11,30.3,16.87,413,13.4
"2022-10-20 08:00:00",335,"Site 1",39.10236,-96.60097,335,16.47,8.8,62,5.9,26.47,14.3,243,10.87,30.3,16.87,412.7,13.4
"2022-10-20 09:00:00",336,"Site 1",39.10236,-96.60097,335,16.47,8.8,62.67,6.333,26.57,14.37,241.7,10.73,30.3,16.9,411.7,13.33
"2022-10-20 10:00:00",337,"Site 1",39.10236,-96.60097,335,16.5,8.87,65,7.267,26.6,14.4,241,10.6,30.33,16.87,411,13.3
"2022-10-20 11:00:00",338,"Site 1",39.10236,-96.60097,335,16.5,8.9,68,8.73,26.6,14.4,240.3,10.5,30.33,16.87,411,13.27
"2022-10-20 12:00:00",339,"Site 1",39.10236,-96.60097,335,16.5,8.9,71,10.7,26.53,14.33,240.7,10.5,30.37,16.87,410,13.23
"2022-10-20 13:00:00",340,"Site 1",39.10236,-96.60097,335,16.5,8.9,75,13,26.6,14.4,241.3,10.6,30.3,16.87,410,13.17
"2022-10-20 14:00:00",341,"Site 1",39.10236,-96.60097,335,16.5,8.87,79,15.17,26.57,14.37,243,10.83,30.23,16.83,409.7,13.17
"2022-10-20 15:00:00",342,"Site 1",39.10236,-96.60097,335,16.43,8.8,81.3,16.97,26.6,14.4,245.3,11.17,30.27,16.8,409,13.1
"2022-10-20 16:00:00",343,"Site 1",39.10236,-96.60097,335,16.4,8.77,82,17.9,26.6,14.4,249,11.6,30.3,16.87,409,13.13
"2022-10-20 17:00:00",344,"Site 1",39.10236,-96.60097,335,16.23,8.7,80.7,17.73,26.6,14.4,252,12.07,30.3,16.9,409,13.1
"2022-10-20 18:00:00",345,"Site 1",39.10236,-96.60097,335,16.17,8.67,78,16.6,26.6,14.4,255,12.57,30.33,16.87,409.7,13.1
"2022-10-20 19:00:00",346,"Site 1",39.10236,-96.60097,335,16,8.6,75,15.17,26.6,14.4,258,12.9,30.37,16.9,410.3,13.2
"2022-10-20 20:00:00",347,"Site 1",39.10236,-96.60097,335,15.97,8.6,72.33,13.93,26.6,14.4,259.7,13.23,30.37,16.9,411.3,13.23
"2022-10-20 21:00:00",348,"Site 1",39.10236,-96.60097,335,15.97,8.6,70.33,12.97,26.6,14.4,260.3,13.37,30.3,16.83,412.7,13.3
"2022-10-20 22:00:00",349,"Site 1",39.10236,-96.60097,335,15.87,8.53,69,12.17,26.6,14.4,261,13.4,30.37,16.87,413.3,13.4
"2022-10-20 23:00:00",350,"Site 1",39.10236,-96.60097,335,15.9,8.5,67.67,11.5,26.6,14.4,260.3,13.4,30.37,16.9,414.3,13.5
"2022-10-21 00:00:00",351,"Site 1",39.10236,-96.60097,335,15.9,8.5,66.33,10.9,26.6,14.4,260,13.37,30.33,16.87,415,13.6
"2022-10-21 01:00:00",352,"Site 1",39.10236,-96.60097,335,15.73,8.5,66,10.6,26.6,14.4,260,13.27,30.3,16.83,415.7,13.67
"2022-10-21 02:00:00",353,"Site 1",39.10236,-96.60097,335,15.7,8.5,65.67,10.33,26.6,14.4,259,13.17,30.33,16.83,416.7,13.7
"2022-10-21 03:00:00",354,"Site 1",39.10236,-96.60097,335,15.73,8.5,65,10.3,26.6,14.4,258,13.03,30.4,16.9,417,13.77
"2022-10-21 04:00:00",355,"Site 1",39.10236,-96.60097,335,15.77,8.5,65,10.23,26.6,14.4,257,12.87,30.37,16.9,417.3,13.8
"2022-10-21 05:00:00",356,"Site 1",39.10236,-96.60097,335,15.7,8.43,65,10.17,26.6,14.4,256.7,12.8,30.33,16.9,417,13.8
"2022-10-21 06:00:00",357,"Site 1",39.10236,-96.60097,335,15.7,8.4,65,10.1,26.6,14.4,256,12.7,30.33,16.9,418,13.83
"2022-10-21 07:00:00",358,"Site 1",39.10236,-96.60097,335,15.7,8.4,64.67,10.1,26.6,14.4,255,12.6,30.3,16.9,417.7,13.8
"2022-10-21 08:00:00",359,"Site 1",39.10236,-96.60097,335,15.6,8.4,64.33,10.07,26.6,14.4,255,12.53,30.3,16.9,418,13.8
"2022-10-21 09:00:00",360,"Site 1",39.10236,-96.60097,335,15.6,8.4,65,10.47,26.6,14.4,254.7,12.47,30.4,16.9,417,13.8
"2022-10-21 10:00:00",361,"Site 1",39.10236,-96.60097,335,15.63,8.4,66.33,11.3,26.6,14.4,254,12.4,30.37,16.87,417,13.77
"2022-10-21 11:00:00",362,"Site 1",39.10236,-96.60097,335,15.57,8.4,68.33,12.6,26.6,14.4,254,12.37,30.37,16.87,417,13.77
"2022-10-21 12:00:00",363,"Site 1",39.10236,-96.60097,335,15.53,8.4,70.67,14.4,26.6,14.4,254.7,12.4,30.33,16.87,416.7,13.7
"2022-10-21 13:00:00",364,"Site 1",39.10236,-96.60097,335,15.53,8.4,73,16.5,26.6,14.4,255.3,12.57,30.33,16.9,417,13.77
"2022-10-21 14:00:00",365,"Site 1",39.10236,-96.60097,335,15.53,8.4,76,18.53,26.6,14.4,257.3,12.8,30.37,16.87,417,13.7
"2022-10-21 15:00:00",366,"Site 1",39.10236,-96.60097,335,15.37,8.3,77.67,20.1,26.63,14.4,260,13.13,30.3,16.9,417,13.7
"2022-10-21 16:00:00",367,"Site 1",39.10236,-96.60097,335,15.33,8.23,77.33,20.63,26.67,14.4,263,13.57,30.3,16.87,417,13.73
"2022-10-21 17:00:00",368,"Site 1",39.10236,-96.60097,335,15.07,8.17,75.67,20.2,26.67,14.4,266,14.03,30.33,16.9,417.3,13.8
"2022-10-21 18:00:00",369,"Site 1",39.10236,-96.60097,335,15,8.13,73.67,19.27,26.7,14.4,269,14.43,30.33,16.87,418.3,13.8
"2022-10-21 19:00:00",370,"Site 1",39.10236,-96.60097,335,14.83,8.03,71,17.83,26.7,14.43,271.7,14.83,30.43,16.9,419.3,13.9
"2022-10-21 20:00:00",371,"Site 1",39.10236,-96.60097,335,14.8,8,68.67,16.7,26.7,14.4,273.3,15.1,30.4,16.9,420.3,14.03
"2022-10-21 21:00:00",372,"Site 1",39.10236,-96.60097,335,14.77,8,67.67,16.07,26.7,14.4,274.3,15.2,30.43,16.9,422,14.07
"2022-10-21 22:00:00",373,"Site 1",39.10236,-96.60097,335,14.73,8,67,15.77,26.7,14.4,275,15.3,30.37,16.9,423,14.2
"2022-10-21 23:00:00",374,"Site 1",39.10236,-96.60097,335,14.7,8,66,15.4,26.7,14.4,275,15.3,30.4,16.93,424.3,14.27
"2022-10-22 00:00:00",375,"Site 1",39.10236,-96.60097,335,14.7,8,65.67,15,26.7,14.4,275,15.2,30.37,16.9,425,14.4
"2022-10-22 01:00:00",376,"Site 1",39.10236,-96.60097,335,14.67,7.967,65,14.7,26.63,14.4,275,15.2,30.37,16.9,426.3,14.47
"2022-10-22 02:00:00",377,"Site 1",39.10236,-96.60097,335,14.63,7.933,64,14.4,26.7,14.4,274,15.13,30.47,16.9,427,14.53
"2022-10-22 03:00:00",378,"Site 1",39.10236,-96.60097,335,14.53,7.9,63.67,14.17,26.67,14.4,274,15.07,30.47,16.9,427.7,14.57
"2022-10-22 04:00:00",379,"Site 1",39.10236,-96.60097,335,14.53,7.9,63,13.97,26.67,14.4,273.3,15.03,30.43,16.9,428.3,14.67
"2022-10-22 05:00:00",380,"Site 1",39.10236,-96.60097,335,14.5,7.9,63,13.73,26.7,14.4,273,14.9,30.53,16.97,429,14.7
"2022-10-22 06:00:00",381,"Site 1",39.10236,-96.60097,335,14.5,7.9,62.33,13.57,26.67,14.4,272.7,14.87,30.43,16.9,429.3,14.73
"2022-10-22 07:00:00",382,"Site 1",39.10236,-96.60097,335,14.5,7.9,61.33,13.37,26.67,14.4,272,14.8,30.43,16.9,430,14.77
"2022-10-22 08:00:00",383,"Site 1",39.10236,-96.60097,335,14.47,7.867,60,13.2,26.67,14.4,272,14.7,30.47,16.93,430,14.8
"2022-10-22 09:00:00",384,"Site 1",39.10236,-96.60097,335,14.47,7.867,60.67,13.43,26.67,14.4,271,14.6,30.47,16.9,430,14.8
"2022-10-22 10:00:00",385,"Site 1",39.10236,-96.60097,335,14.47,7.867,62,14.1,26.73,14.43,270.7,14.57,30.43,16.93,430,14.8
"2022-10-22 11:00:00",386,"Site 1",39.10236,-96.60097,335,14.4,7.8,63.33,15.23,26.73,14.43,270.3,14.5,30.4,16.9,430,14.8
"2022-10-22 12:00:00",387,"Site 1",39.10236,-96.60097,335,14.37,7.8,64.67,16.8,26.73,14.43,270.7,14.5,30.47,16.93,430,14.8
"2022-10-22 13:00:00",388,"Site 1",39.10236,-96.60097,335,14.37,7.8,67,18.63,26.77,14.47,271.7,14.63,30.47,16.9,430.3,14.8
"2022-10-22 14:00:00",389,"Site 1",39.10236,-96.60097,335,14.3,7.8,68.67,20.23,26.7,14.4,273,14.83,30.33,16.9,430.3,14.8
"2022-10-22 15:00:00",390,"Site 1",39.10236,-96.60097,335,14.23,7.8,70,21.47,26.77,14.47,275,15.1,30.37,16.87,430,14.8
"2022-10-22 16:00:00",391,"Site 1",39.10236,-96.60097,335,14.1,7.7,70,22.07,26.77,14.47,278,15.47,30.43,16.9,431,14.83
"2022-10-22 17:00:00",392,"Site 1",39.10236,-96.60097,335,14,7.633,68.67,21.77,26.8,14.5,280.7,15.83,30.37,16.9,431,14.9
"2022-10-22 18:00:00",393,"Site 1",39.10236,-96.60097,335,13.83,7.567,66.67,20.7,26.8,14.5,283.7,16.23,30.47,16.9,432.7,14.9
"2022-10-22 19:00:00",394,"Site 1",39.10236,-96.60097,335,13.7,7.5,64.33,19.47,26.8,14.5,285.3,16.53,30.43,16.9,433.3,14.97
"2022-10-22 20:00:00",395,"Site 1",39.10236,-96.60097,335,13.6,7.5,62.67,18.5,26.8,14.5,287.3,16.73,30.43,16.9,434.3,15.07
"2022-10-22 21:00:00",396,"Site 1",39.10236,-96.60097,335,13.57,7.467,62,17.83,26.8,14.5,288,16.8,30.43,16.93,435.7,15.2
"2022-10-22 22:00:00",397,"Site 1",39.10236,-96.60097,335,13.6,7.5,61,17.57,26.8,14.5,288,16.8,30.47,16.97,436.7,15.3
"2022-10-22 23:00:00",398,"Site 1",39.10236,-96.60097,335,13.53,7.433,61,17.47,26.8,14.5,288,16.8,30.53,16.97,438.3,15.37
"2022-10-23 00:00:00",399,"Site 1",39.10236,-96.60097,335,13.5,7.4,61,17.3,26.8,14.5,288,16.8,30.47,16.93,439,15.43
"2022-10-23 01:00:00",400,"Site 1",39.10236,-96.60097,335,13.5,7.4,60,17.13,26.8,14.5,287.7,16.77,30.5,16.93,440,15.53
"2022-10-23 02:00:00",401,"Site 1",39.10236,-96.60097,335,13.47,7.4,60,16.93,26.8,14.5,288,16.7,30.53,16.97,441,15.6
"2022-10-23 03:00:00",402,"Site 1",39.10236,-96.60097,335,13.43,7.4,60,16.83,26.8,14.5,287.3,16.67,30.47,16.97,441.3,15.6
"2022-10-23 04:00:00",403,"Site 1",39.10236,-96.60097,335,13.47,7.4,59.33,16.67,26.8,14.5,287,16.63,30.5,16.93,442,15.7
"2022-10-23 05:00:00",404,"Site 1",39.10236,-96.60097,335,13.4,7.4,59,16.57,26.8,14.5,287,16.6,30.47,16.93,442.3,15.77
"2022-10-23 06:00:00",405,"Site 1",39.10236,-96.60097,335,13.4,7.4,59,16.5,26.8,14.5,287,16.53,30.47,16.93,443,15.73
"2022-10-23 07:00:00",406,"Site 1",39.10236,-96.60097,335,13.33,7.333,59,16.4,26.8,14.5,287,16.53,30.5,16.97,443.7,15.8
"2022-10-23 08:00:00",407,"Site 1",39.10236,-96.60097,335,13.3,7.3,59,16.43,26.8,14.5,286,16.47,30.53,16.97,444,15.8
"2022-10-23 09:00:00",408,"Site 1",39.10236,-96.60097,335,13.3,7.3,59,16.7,26.8,14.5,286,16.4,30.53,16.97,444,15.83
"2022-10-23 10:00:00",409,"Site 1",39.10236,-96.60097,335,13.33,7.333,59.67,17.43,26.8,14.5,286,16.4,30.5,16.93,444,15.87
"2022-10-23 11:00:00",410,"Site 1",39.10236,-96.60097,335,13.3,7.3,60.67,18.6,26.8,14.5,286,16.4,30.5,16.97,444.3,15.83
"2022-10-23 12:00:00",411,"Site 1",39.10236,-96.60097,335,13.27,7.3,61.67,19.83,26.8,14.5,286.7,16.47,30.43,16.93,444.3,15.9
"2022-10-23 13:00:00",412,"Site 1",39.10236,-96.60097,335,13.2,7.3,62.67,20.73,26.8,14.5,287.7,16.57,30.4,16.93,445,15.9
"2022-10-23 14:00:00",413,"Site 1",39.10236,-96.60097,335,13.2,7.3,62,20.67,26.8,14.5,289,16.77,30.43,16.9,445,15.9
"2022-10-23 15:00:00",414,"Site 1",39.10236,-96.60097,335,13.2,7.3,63.33,21.63,26.8,14.5,290.7,17,30.57,17.03,445,15.9
"2022-10-23 16:00:00",415,"Site 1",39.10236,-96.60097,335,13.1,7.2,63.67,22.4,26.8,14.5,292.3,17.23,30.5,16.97,445.3,15.97
"2022-10-23 17:00:00",416,"Site 1",39.10236,-96.60097,335,13.13,7.233,62.67,22.33,26.8,14.5,294.3,17.47,30.53,17,446.3,16.03
"2022-10-23 18:00:00",417,"Site 1",39.10236,-96.60097,335,13.03,7.2,61.33,21.63,26.8,14.5,295.7,17.7,30.47,16.93,447,16.1
"2022-10-23 19:00:00",418,"Site 1",39.10236,-96.60097,335,13,7.2,60.33,20.9,26.8,14.5,297.3,17.93,30.53,16.97,448,16.1
"2022-10-23 20:00:00",419,"Site 1",39.10236,-96.60097,335,12.9,7.1,59.33,20.33,26.8,14.5,298.3,18.07,30.5,16.97,449,16.2
"2022-10-23 21:00:00",420,"Site 1",39.10236,-96.60097,335,12.9,7.1,59,19.93,26.83,14.53,299,18.1,30.57,17.03,450,16.27
"2022-10-23 22:00:00",421,"Site 1",39.10236,-96.60097,335,12.9,7.1,58,19.73,26.8,14.5,299.3,18.2,30.53,17,450.7,16.4
"2022-10-23 23:00:00",422,"Site 1",39.10236,-96.60097,335,12.87,7.1,58,19.57,26.8,14.5,299.7,18.2,30.53,16.97,452,16.4
"2022-10-24 00:00:00",423,"Site 1",39.10236,-96.60097,335,12.9,7.1,58,19.47,26.83,14.53,300,18.2,30.47,16.93,452.3,16.5
"2022-10-24 01:00:00",424,"Site 1",39.10236,-96.60097,335,12.9,7.1,57.67,19.33,26.8,14.5,300,18.2,30.57,17,454,16.6
"2022-10-24 02:00:00",425,"Site 1",39.10236,-96.60097,335,12.87,7.1,57,19.17,26.9,14.6,300,18.13,30.53,16.97,454,16.6
"2022-10-24 03:00:00",426,"Site 1",39.10236,-96.60097,335,12.8,7.1,57,19,26.83,14.53,300,18.1,30.53,16.97,455,16.7
"2022-10-24 04:00:00",427,"Site 1",39.10236,-96.60097,335,12.8,7.1,56.67,18.9,26.83,14.53,300,18.1,30.43,16.9,455.3,16.7
"2022-10-24 05:00:00",428,"Site 1",39.10236,-96.60097,335,12.8,7.1,56,18.43,26.8,14.5,300,18.1,30.57,17,456,16.73
"2022-10-24 06:00:00",429,"Site 1",39.10236,-96.60097,335,12.7,7.033,55,17.93,26.8,14.5,300,18.03,30.53,16.97,456.7,16.77
"2022-10-24 07:00:00",430,"Site 1",39.10236,-96.60097,335,12.6,7,54,17.4,26.8,14.5,299.3,18,30.53,16.97,457,16.8
"2022-10-24 08:00:00",431,"Site 1",39.10236,-96.60097,335,12.43,6.9,53.33,16.8,26.8,14.5,298.7,17.9,30.53,16.97,457.7,16.8
"2022-10-24 09:00:00",432,"Site 1",39.10236,-96.60097,335,12.27,6.867,53,16.27,26.8,14.5,298,17.83,30.6,17.07,457,16.83
"2022-10-24 10:00:00",433,"Site 1",39.10236,-96.60097,335,12.4,6.9,53,15.93,26.8,14.5,296.7,17.67,30.53,17,458,16.8
"2022-10-24 11:00:00",434,"Site 1",39.10236,-96.60097,335,13.07,7.2,53.33,15.5,26.8,14.5,295.7,17.53,30.5,16.97,458,16.9
"2022-10-24 12:00:00",435,"Site 1",39.10236,-96.60097,335,14.8,8.03,58.33,15.2,26.8,14.5,295,17.43,30.53,17.03,458,16.9
"2022-10-24 13:00:00",436,"Site 1",39.10236,-96.60097,335,17.43,9.3,68,15,26.8,14.5,294.3,17.27,30.6,17,458,16.87
"2022-10-24 14:00:00",437,"Site 1",39.10236,-96.60097,335,19.3,10.23,77,14.9,26.8,14.5,292.7,17.1,30.57,17.03,458,16.87
"2022-10-24 15:00:00",438,"Site 1",39.10236,-96.60097,335,19.57,10.33,81,15,26.8,14.5,291.7,16.97,30.6,17.03,457.7,16.83
"2022-10-24 16:00:00",439,"Site 1",39.10236,-96.60097,335,19.93,10.57,84.3,15.17,26.8,14.5,291,16.83,30.57,17,457.7,16.8
"2022-10-24 17:00:00",440,"Site 1",39.10236,-96.60097,335,20.17,10.7,85.3,15.03,26.8,14.5,290,16.7,30.53,17,457,16.8
"2022-10-24 18:00:00",441,"Site 1",39.10236,-96.60097,335,20.23,10.73,85.7,14.63,26.8,14.5,289.3,16.67,30.53,16.97,457,16.77
"2022-10-24 19:00:00",442,"Site 1",39.10236,-96.60097,335,20.27,10.77,84.3,13.8,26.8,14.5,289,16.57,30.6,17,457,16.73
"2022-10-24 20:00:00",443,"Site 1",39.10236,-96.60097,335,20.23,10.73,83,12.9,26.8,14.5,288.3,16.43,30.6,17,456.7,16.7
"2022-10-24 21:00:00",444,"Site 1",39.10236,-96.60097,335,20.23,10.73,82,12.3,26.8,14.5,286.7,16.3,30.6,17.07,456,16.7
"2022-10-24 22:00:00",445,"Site 1",39.10236,-96.60097,335,20.23,10.73,80.7,11.63,26.8,14.5,284.7,16.13,30.5,17,455,16.63
"2022-10-24 23:00:00",446,"Site 1",39.10236,-96.60097,335,20.2,10.7,79.67,11,26.77,14.47,283.7,15.93,30.6,17.03,455,16.6
"2022-10-25 00:00:00",447,"Site 1",39.10236,-96.60097,335,20.2,10.7,79,10.47,26.7,14.4,281.7,15.73,30.5,16.93,454.7,16.53
"2022-10-25 01:00:00",448,"Site 1",39.10236,-96.60097,335,20.17,10.7,78,10.13,26.7,14.4,279.7,15.5,30.57,17,454,16.5
"2022-10-25 02:00:00",449,"Site 1",39.10236,-96.60097,335,20.2,10.7,78,9.97,26.67,14.4,278,15.3,30.53,17.03,453.7,16.43
"2022-10-25 03:00:00",450,"Site 1",39.10236,-96.60097,335,20.17,10.7,78,9.67,26.67,14.4,276,15,30.53,16.97,452.3,16.33
"2022-10-25 04:00:00",451,"Site 1",39.10236,-96.60097,335,20.2,10.7,77.33,9.43,26.67,14.4,274.3,14.8,30.57,17.03,452,16.3
"2022-10-25 05:00:00",452,"Site 1",39.10236,-96.60097,335,20.17,10.7,77,9.2,26.6,14.4,272.3,14.57,30.6,17.03,450.7,16.27
"2022-10-25 06:00:00",453,"Site 1",39.10236,-96.60097,335,20.17,10.7,76.33,8.87,26.6,14.4,271.3,14.4,30.6,17.03,450,16.17
"2022-10-25 07:00:00",454,"Site 1",39.10236,-96.60097,335,20.13,10.7,75.33,8.37,26.6,14.4,269.3,14.2,30.5,16.93,448.7,16.1
"2022-10-25 08:00:00",455,"Site 1",39.10236,-96.60097,335,20.2,10.7,74.67,7.967,26.6,14.4,267.7,14,30.5,16.97,447.3,16.03
"2022-10-25 09:00:00",456,"Site 1",39.10236,-96.60097,335,20.2,10.7,75.33,7.9,26.63,14.4,265.7,13.8,30.43,16.9,446,15.9
"2022-10-25 10:00:00",457,"Site 1",39.10236,-96.60097,335,20.33,10.8,77.33,8.5,26.7,14.4,264.3,13.57,30.5,16.97,444.7,15.83
"2022-10-25 11:00:00",458,"Site 1",39.10236,-96.60097,335,20.47,10.87,79.33,9.5,26.67,14.4,263,13.43,30.47,16.93,444,15.77
"2022-10-25 12:00:00",459,"Site 1",39.10236,-96.60097,335,20.57,10.93,82,10.7,26.67,14.4,262,13.27,30.5,16.93,443,15.7
"2022-10-25 13:00:00",460,"Site 1",39.10236,-96.60097,335,20.67,10.93,85.3,12.1,26.63,14.4,262,13.2,30.47,16.9,441.3,15.53
"2022-10-25 14:00:00",461,"Site 1",39.10236,-96.60097,335,20.77,11,89.7,13.5,26.67,14.4,262,13.3,30.43,16.93,440.7,15.47
"2022-10-25 15:00:00",462,"Site 1",39.10236,-96.60097,335,20.8,11.07,92.3,14.6,26.63,14.4,262.7,13.4,30.43,16.93,439.3,15.4
"2022-10-25 16:00:00",463,"Site 1",39.10236,-96.60097,335,20.7,10.97,92.7,15.2,26.67,14.4,264.3,13.57,30.37,16.9,439,15.3
"2022-10-25 17:00:00",464,"Site 1",39.10236,-96.60097,335,20.5,10.87,91,15.03,26.67,14.4,265.7,13.83,30.47,16.9,438,15.3
"2022-10-25 18:00:00",465,"Site 1",39.10236,-96.60097,335,20.13,10.67,88,14,26.6,14.4,267.7,14.03,30.5,16.97,438,15.2
"2022-10-25 19:00:00",466,"Site 1",39.10236,-96.60097,335,19.87,10.53,84,12.8,26.6,14.4,268.7,14.23,30.47,16.93,437,15.17
"2022-10-25 20:00:00",467,"Site 1",39.10236,-96.60097,335,19.6,10.43,81.3,11.7,26.6,14.4,269,14.3,30.43,16.93,437,15.2
"2022-10-25 21:00:00",468,"Site 1",39.10236,-96.60097,335,19.37,10.27,79,10.83,26.6,14.4,269,14.33,30.5,16.9,438,15.2
"2022-10-25 22:00:00",469,"Site 1",39.10236,-96.60097,335,19.17,10.13,77.33,10.07,26.6,14.4,268.3,14.2,30.47,16.93,437.3,15.2
"2022-10-25 23:00:00",470,"Site 1",39.10236,-96.60097,335,19.03,10.1,75.67,9.4,26.6,14.4,267.3,14.1,30.47,16.93,437.3,15.2
"2022-10-26 00:00:00",471,"Site 1",39.10236,-96.60097,335,18.83,10,74.33,8.87,26.6,14.4,265.7,13.97,30.43,16.9,437,15.2
"2022-10-26 01:00:00",472,"Site 1",39.10236,-96.60097,335,18.77,9.97,73,8.3,26.6,14.4,264.3,13.77,30.5,16.93,437,15.23
"2022-10-26 02:00:00",473,"Site 1",39.10236,-96.60097,335,18.67,9.9,72,7.9,26.6,14.4,262.7,13.57,30.53,17,436.7,15.2
"2022-10-26 03:00:00",474,"Site 1",39.10236,-96.60097,335,18.6,9.87,71,7.433,26.57,14.37,261,13.37,30.5,16.93,436,15.2
"2022-10-26 04:00:00",475,"Site 1",39.10236,-96.60097,335,18.47,9.8,70,7.067,26.53,14.33,259.7,13.13,30.5,16.9,436,15.13
"2022-10-26 05:00:00",476,"Site 1",39.10236,-96.60097,335,18.4,9.8,69,6.8,26.5,14.3,258,12.93,30.4,16.9,435.3,15.13
"2022-10-26 06:00:00",477,"Site 1",39.10236,-96.60097,335,18.33,9.73,68.67,6.5,26.5,14.3,256.3,12.7,30.47,16.9,434,15
"2022-10-26 07:00:00",478,"Site 1",39.10236,-96.60097,335,18.27,9.73,68,6.2,26.5,14.3,254.7,12.53,30.5,16.97,433.7,14.9
"2022-10-26 08:00:00",479,"Site 1",39.10236,-96.60097,335,18.23,9.7,68,6.133,26.5,14.3,253,12.33,30.5,16.97,432.7,14.87
"2022-10-26 09:00:00",480,"Site 1",39.10236,-96.60097,335,18.33,9.73,69.33,6.633,26.5,14.3,251.7,12.1,30.37,16.9,431.3,14.8
"2022-10-26 10:00:00",481,"Site 1",39.10236,-96.60097,335,18.6,9.9,72,7.733,26.53,14.33,250,11.93,30.43,16.9,430.3,14.73
"2022-10-26 11:00:00",482,"Site 1",39.10236,-96.60097,335,18.87,10,75.67,9.3,26.57,14.37,249.3,11.8,30.43,16.9,429.3,14.63
"2022-10-26 12:00:00",483,"Site 1",39.10236,-96.60097,335,19,10.1,79,11.17,26.5,14.3,249,11.7,30.4,16.87,427.7,14.53
"2022-10-26 13:00:00",484,"Site 1",39.10236,-96.60097,335,19.23,10.2,82.3,12.7,26.5,14.3,249.3,11.77,30.4,16.93,427.3,14.47
"2022-10-26 14:00:00",485,"Site 1",39.10236,-96.60097,335,19.43,10.3,85.3,14.17,26.53,14.33,250.3,11.9,30.47,16.93,426.7,14.37
"2022-10-26 15:00:00",486,"Site 1",39.10236,-96.60097,335,19.47,10.37,86.7,15.1,26.5,14.3,251.7,12.17,30.47,16.9,425,14.3
"2022-10-26 16:00:00",487,"Site 1",39.10236,-96.60097,335,19.43,10.33,86.3,15.47,26.6,14.4,254,12.43,30.33,16.9,425,14.27
"2022-10-26 17:00:00",488,"Site 1",39.10236,-96.60097,335,19.23,10.2,85,15.2,26.6,14.4,256,12.73,30.4,16.9,424.7,14.23
"2022-10-26 18:00:00",489,"Site 1",39.10236,-96.60097,335,18.97,10.07,82,14.3,26.5,14.3,257.7,13.03,30.4,16.93,424.7,14.2
"2022-10-26 19:00:00",490,"Site 1",39.10236,-96.60097,335,18.8,9.97,79.67,13.3,26.5,14.3,259.3,13.27,30.43,16.93,425,14.2
"2022-10-26 20:00:00",491,"Site 1",39.10236,-96.60097,335,18.6,9.9,77.33,12.33,26.57,14.37,260,13.43,30.43,16.93,425,14.2
"2022-10-26 21:00:00",492,"Site 1",39.10236,-96.60097,335,18.53,9.83,76.33,11.77,26.53,14.33,260,13.5,30.47,16.93,425,14.27
"2022-10-26 22:00:00",493,"Site 1",39.10236,-96.60097,335,18.4,9.8,75.33,11.27,26.5,14.3,260,13.5,30.4,16.9,425,14.3
"2022-10-26 23:00:00",494,"Site 1",39.10236,-96.60097,335,18.27,9.7,73.67,10.7,26.5,14.3,260,13.43,30.47,16.97,425.7,14.3
"2022-10-27 00:00:00",495,"Site 1",39.10236,-96.60097,335,18.2,9.7,72.67,10.2,26.5,14.3,259.3,13.4,30.5,16.97,426,14.33
"2022-10-27 01:00:00",496,"Site 1",39.10236,-96.60097,335,18.1,9.6,72,9.97,26.5,14.3,258.7,13.27,30.43,16.93,426.3,14.4
"2022-10-27 02:00:00",497,"Site 1",39.10236,-96.60097,335,18.1,9.6,71.67,9.7,26.5,14.3,257.7,13.17,30.43,16.93,426.3,14.4
"2022-10-27 03:00:00",498,"Site 1",39.10236,-96.60097,335,18.03,9.6,71,9.43,26.47,14.3,257,13.07,30.4,16.9,427,14.33
"2022-10-27 04:00:00",499,"Site 1",39.10236,-96.60097,335,18.03,9.6,70.67,9.4,26.43,14.3,256,12.93,30.47,16.93,426,14.37
"2022-10-27 05:00:00",500,"Site 1",39.10236,-96.60097,335,17.97,9.57,70,9.2,26.47,14.3,255,12.87,30.43,16.9,426,14.33
"2022-10-27 06:00:00",501,"Site 1",39.10236,-96.60097,335,17.93,9.53,70,9.07,26.5,14.3,254.7,12.7,30.43,16.9,425.3,14.3
"2022-10-27 07:00:00",502,"Site 1",39.10236,-96.60097,335,17.9,9.5,69.33,8.9,26.4,14.3,253.7,12.6,30.4,16.87,425,14.3
"2022-10-27 08:00:00",503,"Site 1",39.10236,-96.60097,335,17.9,9.5,69,8.9,26.4,14.3,252.7,12.53,30.47,16.93,425,14.3
"2022-10-27 09:00:00",504,"Site 1",39.10236,-96.60097,335,18,9.57,70.33,9.27,26.43,14.3,252,12.4,30.4,16.9,424.3,14.2
"2022-10-27 10:00:00",505,"Site 1",39.10236,-96.60097,335,18.17,9.67,71.67,10.13,26.5,14.3,251.3,12.3,30.4,16.9,424,14.23
"2022-10-27 11:00:00",506,"Site 1",39.10236,-96.60097,335,18.33,9.73,73.67,11.23,26.47,14.3,251,12.3,30.37,16.9,423,14.17
"2022-10-27 12:00:00",507,"Site 1",39.10236,-96.60097,335,18.53,9.83,75.33,12.4,26.47,14.3,251,12.3,30.33,16.9,422.7,14.13
"2022-10-27 13:00:00",508,"Site 1",39.10236,-96.60097,335,18.37,9.77,77.33,13.73,26.43,14.3,252,12.33,30.37,16.9,422.3,14.1
"2022-10-27 14:00:00",509,"Site 1",39.10236,-96.60097,335,18.07,9.6,78,14.73,26.5,14.3,252.7,12.53,30.33,16.9,422,14.07
"2022-10-27 15:00:00",510,"Site 1",39.10236,-96.60097,335,17.87,9.5,77.67,15,26.5,14.3,254.3,12.7,30.37,16.9,422,14
"2022-10-27 16:00:00",511,"Site 1",39.10236,-96.60097,335,17.5,9.33,77,15.03,26.5,14.3,255.7,12.97,30.43,16.87,422,14
"2022-10-27 17:00:00",512,"Site 1",39.10236,-96.60097,335,17.37,9.27,76,14.9,26.5,14.3,257.3,13.17,30.43,16.9,422,14
"2022-10-27 18:00:00",513,"Site 1",39.10236,-96.60097,335,17.27,9.23,74,14.2,26.5,14.3,258.7,13.4,30.4,16.9,422,14.03
"2022-10-27 19:00:00",514,"Site 1",39.10236,-96.60097,335,17.3,9.2,73,13.6,26.5,14.3,259.7,13.57,30.43,16.9,422,14.07
"2022-10-27 20:00:00",515,"Site 1",39.10236,-96.60097,335,17.17,9.2,72,13.23,26.47,14.3,260,13.67,30.33,16.9,423,14.1
"2022-10-27 21:00:00",516,"Site 1",39.10236,-96.60097,335,17.27,9.2,72,12.93,26.5,14.3,260,13.7,30.43,16.9,423.3,14.1
"2022-10-27 22:00:00",517,"Site 1",39.10236,-96.60097,335,17.17,9.17,71.33,12.6,26.5,14.3,260,13.73,30.47,16.93,424,14.13
"2022-10-27 23:00:00",518,"Site 1",39.10236,-96.60097,335,17.23,9.2,71.33,12.3,26.5,14.3,260,13.7,30.4,16.9,424,14.2
"2022-10-28 00:00:00",519,"Site 1",39.10236,-96.60097,335,17.67,9.4,70,12.1,26.5,14.3,260,13.7,30.4,16.9,424.3,14.2
"2022-10-28 01:00:00",520,"Site 1",39.10236,-96.60097,335,18.1,9.63,71,11.93,26.47,14.3,260,13.6,30.4,16.9,425,14.3
"2022-10-28 02:00:00",521,"Site 1",39.10236,-96.60097,335,18.3,9.73,71,11.83,26.5,14.3,260,13.6,30.5,16.93,425,14.3
"2022-10-28 03:00:00",522,"Site 1",39.10236,-96.60097,335,18.27,9.73,71,11.6,26.5,14.3,259.3,13.57,30.43,16.9,425,14.3
"2022-10-28 04:00:00",523,"Site 1",39.10236,-96.60097,335,18.3,9.7,71,11.47,26.5,14.3,259,13.5,30.4,16.9,425,14.3
"2022-10-28 05:00:00",524,"Site 1",39.10236,-96.60097,335,18.23,9.7,70.33,11,26.47,14.3,258.3,13.4,30.4,16.87,425,14.3
"2022-10-28 06:00:00",525,"Site 1",39.10236,-96.60097,335,18.1,9.6,68.67,10.27,26.47,14.3,258,13.37,30.47,16.93,425,14.3
"2022-10-28 07:00:00",526,"Site 1",39.10236,-96.60097,335,18.1,9.6,68,9.83,26.47,14.3,257,13.27,30.47,16.93,425,14.3
"2022-10-28 08:00:00",527,"Site 1",39.10236,-96.60097,335,18.03,9.6,68,9.6,26.4,14.3,256.7,13.17,30.47,16.93,425,14.3
"2022-10-28 09:00:00",528,"Site 1",39.10236,-96.60097,335,18.17,9.67,68.67,9.63,26.43,14.3,255.3,13.03,30.4,16.9,424,14.3
"2022-10-28 10:00:00",529,"Site 1",39.10236,-96.60097,335,18.33,9.73,70.33,10.23,26.47,14.3,255,12.97,30.3,16.9,424,14.27
"2022-10-28 11:00:00",530,"Site 1",39.10236,-96.60097,335,18.47,9.8,72.33,11.2,26.5,14.3,254,12.87,30.43,16.9,424,14.2
"2022-10-28 12:00:00",531,"Site 1",39.10236,-96.60097,335,18.63,9.93,75,12.53,26.5,14.3,254,12.8,30.4,16.9,424,14.2
"2022-10-28 13:00:00",532,"Site 1",39.10236,-96.60097,335,18.87,10,78,14.1,26.43,14.3,254.3,12.8,30.43,16.93,423.3,14.2
"2022-10-28 14:00:00",533,"Site 1",39.10236,-96.60097,335,18.87,10,81.3,15.73,26.47,14.3,255.3,12.93,30.37,16.9,423,14.13
"2022-10-28 15:00:00",534,"Site 1",39.10236,-96.60097,335,18.7,9.93,83.3,16.8,26.5,14.3,256.7,13.17,30.47,16.9,423,14.13
"2022-10-28 16:00:00",535,"Site 1",39.10236,-96.60097,335,18.53,9.83,84,17.5,26.5,14.3,259,13.4,30.4,16.9,422.7,14.1
"2022-10-28 17:00:00",536,"Site 1",39.10236,-96.60097,335,18.3,9.7,82,17.1,26.5,14.3,261,13.7,30.37,16.9,423,14.1
"2022-10-28 18:00:00",537,"Site 1",39.10236,-96.60097,335,18.2,9.7,79,15.93,26.5,14.3,262.7,14,30.4,16.9,423.3,14.17
"2022-10-28 19:00:00",538,"Site 1",39.10236,-96.60097,335,18.17,9.67,76,14.47,26.5,14.3,264.7,14.27,30.43,16.93,424,14.2
"2022-10-28 20:00:00",539,"Site 1",39.10236,-96.60097,335,18.1,9.6,73.33,13.23,26.5,14.3,265.3,14.37,30.37,16.9,424.3,14.2
"2022-10-28 21:00:00",540,"Site 1",39.10236,-96.60097,335,18.1,9.6,71.67,12.3,26.5,14.3,265.7,14.4,30.43,16.9,425,14.3
"2022-10-28 22:00:00",541,"Site 1",39.10236,-96.60097,335,18.07,9.6,69.67,11.53,26.5,14.3,265,14.37,30.47,16.93,425.3,14.3
"2022-10-28 23:00:00",542,"Site 1",39.10236,-96.60097,335,18.03,9.6,68.67,10.87,26.5,14.3,263.7,14.2,30.43,16.93,426.3,14.4
"2022-10-29 00:00:00",543,"Site 1",39.10236,-96.60097,335,17.97,9.57,67.33,10.2,26.47,14.3,263,14.1,30.47,16.9,427,14.4
"2022-10-29 01:00:00",544,"Site 1",39.10236,-96.60097,335,17.87,9.5,66,9.73,26.47,14.3,261.7,13.93,30.43,16.9,427,14.4
"2022-10-29 02:00:00",545,"Site 1",39.10236,-96.60097,335,17.8,9.5,65.33,9.23,26.5,14.3,260.3,13.73,30.43,16.9,427,14.5
"2022-10-29 03:00:00",546,"Site 1",39.10236,-96.60097,335,17.8,9.5,64.33,8.77,26.4,14.3,259.3,13.53,30.47,16.93,427,14.43
"2022-10-29 04:00:00",547,"Site 1",39.10236,-96.60097,335,17.63,9.4,63.33,8.37,26.47,14.3,257.3,13.33,30.4,16.9,427,14.43
"2022-10-29 05:00:00",548,"Site 1",39.10236,-96.60097,335,17.6,9.4,62.67,7.933,26.4,14.3,256.3,13.13,30.47,16.93,426.7,14.4
"2022-10-29 06:00:00",549,"Site 1",39.10236,-96.60097,335,17.47,9.3,62,7.567,26.4,14.3,254.7,12.97,30.47,16.93,426.3,14.43
"2022-10-29 07:00:00",550,"Site 1",39.10236,-96.60097,335,17.43,9.3,61,7.233,26.4,14.3,253,12.7,30.4,16.9,426,14.33
"2022-10-29 08:00:00",551,"Site 1",39.10236,-96.60097,335,17.4,9.3,61,7.067,26.4,14.3,251.7,12.5,30.4,16.9,425,14.3
"2022-10-29 09:00:00",552,"Site 1",39.10236,-96.60097,335,17.57,9.37,61.67,7.333,26.4,14.3,250.3,12.3,30.33,16.9,424.3,14.23
"2022-10-29 10:00:00",553,"Site 1",39.10236,-96.60097,335,17.73,9.43,63.67,8.1,26.43,14.3,248.7,12.13,30.4,16.9,424,14.2
"2022-10-29 11:00:00",554,"Site 1",39.10236,-96.60097,335,17.8,9.5,66.33,9.5,26.4,14.3,248,11.93,30.33,16.9,422.7,14.13
"2022-10-29 12:00:00",555,"Site 1",39.10236,-96.60097,335,17.73,9.43,70.67,11.57,26.4,14.3,247.3,11.9,30.4,16.93,422,14.1
"2022-10-29 13:00:00",556,"Site 1",39.10236,-96.60097,335,17.43,9.3,74,13.83,26.4,14.3,248,11.9,30.4,16.9,421,14
"2022-10-29 14:00:00",557,"Site 1",39.10236,-96.60097,335,17.37,9.27,76.67,15.5,26.4,14.3,248.7,12.03,30.37,16.9,421,13.9
"2022-10-29 15:00:00",558,"Site 1",39.10236,-96.60097,335,17.27,9.2,78,16.53,26.43,14.3,250.3,12.3,30.3,16.9,420,13.87
"2022-10-29 16:00:00",559,"Site 1",39.10236,-96.60097,335,17.1,9.13,78,17.07,26.4,14.3,253,12.67,30.3,16.87,419,13.9
"2022-10-29 17:00:00",560,"Site 1",39.10236,-96.60097,335,16.9,9.03,76.33,16.6,26.43,14.3,255.3,13,30.33,16.9,419,13.8
"2022-10-29 18:00:00",561,"Site 1",39.10236,-96.60097,335,16.73,8.93,73,15.37,26.5,14.3,257.3,13.33,30.4,16.9,419,13.8
"2022-10-29 19:00:00",562,"Site 1",39.10236,-96.60097,335,16.7,8.9,70,13.83,26.47,14.3,259.3,13.57,30.43,16.9,419.7,13.87
"2022-10-29 20:00:00",563,"Site 1",39.10236,-96.60097,335,16.67,8.9,67.67,12.63,26.43,14.3,260,13.77,30.4,16.9,420.3,13.9
"2022-10-29 21:00:00",564,"Site 1",39.10236,-96.60097,335,16.6,8.9,66,11.73,26.47,14.3,260,13.8,30.43,16.93,421,13.93
"2022-10-29 22:00:00",565,"Site 1",39.10236,-96.60097,335,16.57,8.9,65,11.13,26.47,14.3,259.7,13.73,30.43,16.93,421.3,14
"2022-10-29 23:00:00",566,"Site 1",39.10236,-96.60097,335,16.53,8.9,65,10.83,26.43,14.3,259,13.63,30.47,16.97,422,14
"2022-10-30 00:00:00",567,"Site 1",39.10236,-96.60097,335,16.53,8.9,64,10.67,26.4,14.3,258,13.53,30.37,16.9,422,14.03
"2022-10-30 01:00:00",568,"Site 1",39.10236,-96.60097,335,16.5,8.9,64,10.5,26.4,14.3,257,13.4,30.4,16.9,422,14.1
"2022-10-30 02:00:00",569,"Site 1",39.10236,-96.60097,335,16.5,8.83,63.33,10.3,26.43,14.3,256.3,13.27,30.43,16.9,422.7,14.1
"2022-10-30 03:00:00",570,"Site 1",39.10236,-96.60097,335,16.5,8.83,63,10.2,26.4,14.3,255.7,13.13,30.37,16.9,422.7,14.1
"2022-10-30 04:00:00",571,"Site 1",39.10236,-96.60097,335,16.5,8.8,63,10.1,26.4,14.3,255,13.03,30.4,16.9,422.3,14.1
"2022-10-30 05:00:00",572,"Site 1",39.10236,-96.60097,335,16.4,8.8,63,9.9,26.4,14.3,254.3,12.93,30.37,16.87,422,14.07
"2022-10-30 06:00:00",573,"Site 1",39.10236,-96.60097,335,16.43,8.83,63,9.9,26.4,14.3,253.3,12.83,30.47,16.93,422,14.03
"2022-10-30 07:00:00",574,"Site 1",39.10236,-96.60097,335,16.4,8.8,63,9.83,26.4,14.3,252.7,12.8,30.4,16.87,422,14.03
"2022-10-30 08:00:00",575,"Site 1",39.10236,-96.60097,335,16.43,8.8,62.67,9.8,26.4,14.3,252,12.67,30.43,16.9,421.7,14.03
"2022-10-30 09:00:00",576,"Site 1",39.10236,-96.60097,335,16.47,8.83,63.33,10.2,26.4,14.3,251.7,12.6,30.37,16.9,421,13.97
"2022-10-30 10:00:00",577,"Site 1",39.10236,-96.60097,335,16.5,8.87,65.67,11.23,26.4,14.3,251,12.57,30.33,16.87,421,14
"2022-10-30 11:00:00",578,"Site 1",39.10236,-96.60097,335,16.5,8.8,68,12.57,26.4,14.3,251,12.5,30.33,16.87,420.3,13.97
"2022-10-30 12:00:00",579,"Site 1",39.10236,-96.60097,335,16.4,8.8,71,14.17,26.4,14.3,251.3,12.53,30.47,16.9,420,13.9
"2022-10-30 13:00:00",580,"Site 1",39.10236,-96.60097,335,16.27,8.7,72.33,15.63,26.4,14.3,252,12.63,30.37,16.9,419.3,13.9
"2022-10-30 14:00:00",581,"Site 1",39.10236,-96.60097,335,16.2,8.7,72.33,16.37,26.4,14.3,253.7,12.83,30.33,16.9,419,13.9
"2022-10-30 15:00:00",582,"Site 1",39.10236,-96.60097,335,16.03,8.6,72,16.43,26.4,14.3,255.3,13.1,30.37,16.9,419,13.87
"2022-10-30 16:00:00",583,"Site 1",39.10236,-96.60097,335,15.9,8.6,71.67,16.4,26.43,14.3,257.3,13.4,30.43,16.9,419,13.83
"2022-10-30 17:00:00",584,"Site 1",39.10236,-96.60097,335,15.83,8.5,70.67,16.17,26.4,14.3,259.3,13.6,30.33,16.87,419,13.87
"2022-10-30 18:00:00",585,"Site 1",39.10236,-96.60097,335,15.77,8.47,69.33,15.5,26.4,14.3,260.3,13.8,30.33,16.87,419.7,13.83
"2022-10-30 19:00:00",586,"Site 1",39.10236,-96.60097,335,15.7,8.47,67.33,14.67,26.43,14.3,261.3,14,30.43,16.9,420.7,13.9
"2022-10-30 20:00:00",587,"Site 1",39.10236,-96.60097,335,15.63,8.4,66,13.9,26.43,14.3,262,14.1,30.37,16.9,421,13.9
"2022-10-30 21:00:00",588,"Site 1",39.10236,-96.60097,335,15.63,8.4,65,13.33,26.43,14.3,262,14.17,30.4,16.87,422,14
"2022-10-30 22:00:00",589,"Site 1",39.10236,-96.60097,335,15.6,8.4,64.67,13.1,26.43,14.3,262,14.13,30.37,16.9,422,14.03
"2022-10-30 23:00:00",590,"Site 1",39.10236,-96.60097,335,15.6,8.4,63.67,12.73,26.43,14.3,262,14.1,30.37,16.9,422.3,14.1
"2022-10-31 00:00:00",591,"Site 1",39.10236,-96.60097,335,15.6,8.4,63,12.3,26.43,14.3,261.3,14.03,30.47,16.9,423.7,14.1
"2022-10-31 01:00:00",592,"Site 1",39.10236,-96.60097,335,15.57,8.4,62.67,12.03,26.4,14.3,261,14,30.43,16.93,424,14.2
"2022-10-31 02:00:00",593,"Site 1",39.10236,-96.60097,335,15.53,8.4,62,11.83,26.4,14.3,260.3,13.9,30.4,16.9,424,14.2
"2022-10-31 03:00:00",594,"Site 1",39.10236,-96.60097,335,15.43,8.33,62,11.73,26.4,14.3,260,13.8,30.37,16.9,424,14.2
"2022-10-31 04:00:00",595,"Site 1",39.10236,-96.60097,335,15.43,8.33,62,11.6,26.4,14.3,259.7,13.73,30.43,16.9,424,14.27
"2022-10-31 05:00:00",596,"Site 1",39.10236,-96.60097,335,15.4,8.3,61,11.4,26.4,14.3,259,13.6,30.47,16.9,424,14.23
"2022-10-31 06:00:00",597,"Site 1",39.10236,-96.60097,335,15.3,8.23,60,10.93,26.4,14.3,258,13.53,30.43,16.93,424,14.2
"2022-10-31 07:00:00",598,"Site 1",39.10236,-96.60097,335,15.17,8.2,58.67,10.13,26.4,14.3,257.3,13.47,30.47,16.9,424,14.2
"2022-10-31 08:00:00",599,"Site 1",39.10236,-96.60097,335,15,8.1,57.33,9.5,26.4,14.3,256.7,13.37,30.47,16.93,424,14.2
"2022-10-31 09:00:00",600,"Site 1",39.10236,-96.60097,335,15.1,8.2,58,9.5,26.4,14.3,255.3,13.23,30.37,16.9,423.7,14.2
"2022-10-31 10:00:00",601,"Site 1",39.10236,-96.60097,335,15.17,8.2,58.67,10.07,26.4,14.3,254.7,13.07,30.37,16.87,423,14.2
"2022-10-31 11:00:00",602,"Site 1",39.10236,-96.60097,335,15.23,8.2,60,10.97,26.4,14.3,253.7,12.93,30.33,16.87,422.7,14.17
"2022-10-31 12:00:00",603,"Site 1",39.10236,-96.60097,335,15.3,8.2,61.67,12.3,26.4,14.3,253,12.9,30.33,16.87,422.3,14.07
"2022-10-31 13:00:00",604,"Site 1",39.10236,-96.60097,335,15.27,8.23,64,14.07,26.4,14.3,253,12.87,30.37,16.9,422,14.07
"2022-10-31 14:00:00",605,"Site 1",39.10236,-96.60097,335,15.3,8.2,67,15.87,26.4,14.3,254.3,12.97,30.37,16.87,422,14.07
"2022-10-31 15:00:00",606,"Site 1",39.10236,-96.60097,335,15.23,8.2,68.33,17.1,26.4,14.3,255.3,13.1,30.43,16.93,421.7,14.03
"2022-10-31 16:00:00",607,"Site 1",39.10236,-96.60097,335,15.03,8.13,68.33,17.83,26.43,14.3,257.3,13.4,30.37,16.9,421,14.03
"2022-10-31 17:00:00",608,"Site 1",39.10236,-96.60097,335,15,8.1,67,17.5,26.47,14.3,259.7,13.7,30.4,16.9,421.3,14
"2022-10-31 18:00:00",609,"Site 1",39.10236,-96.60097,335,14.77,8,64.33,16.2,26.47,14.3,261.7,14.03,30.47,16.9,421.3,14.03
"2022-10-31 19:00:00",610,"Site 1",39.10236,-96.60097,335,14.7,8,61,14.7,26.4,14.3,263,14.27,30.47,16.9,422,14.07
"2022-10-31 20:00:00",611,"Site 1",39.10236,-96.60097,335,14.53,7.9,59.33,13.4,26.47,14.3,264,14.43,30.47,16.93,423,14.1
"2022-10-31 21:00:00",612,"Site 1",39.10236,-96.60097,335,14.4,7.8,57.67,12.43,26.4,14.3,264,14.43,30.4,16.9,424,14.17
"2022-10-31 22:00:00",613,"Site 1",39.10236,-96.60097,335,14.2,7.767,56.33,11.7,26.4,14.3,263.3,14.37,30.37,16.9,424,14.2
"2022-10-31 23:00:00",614,"Site 1",39.10236,-96.60097,335,14.17,7.7,56,11.23,26.4,14.3,262.7,14.23,30.33,16.9,424.7,14.2
"2022-11-01 00:00:00",615,"Site 1",39.10236,-96.60097,335,14.13,7.7,55,11,26.4,14.3,261.7,14.07,30.4,16.9,425,14.3
"2022-11-01 01:00:00",616,"Site 1",39.10236,-96.60097,335,14,7.633,55,10.7,26.4,14.3,260.7,13.97,30.43,16.9,425,14.33
"2022-11-01 02:00:00",617,"Site 1",39.10236,-96.60097,335,13.97,7.6,54,10.5,26.4,14.3,259.7,13.8,30.4,16.9,425,14.3
"2022-11-01 03:00:00",618,"Site 1",39.10236,-96.60097,335,13.9,7.6,54,10.33,26.4,14.3,258.7,13.63,30.43,16.9,425,14.23
"2022-11-01 04:00:00",619,"Site 1",39.10236,-96.60097,335,13.93,7.6,54,10.3,26.4,14.3,257.3,13.47,30.47,16.9,425,14.33
"2022-11-01 05:00:00",620,"Site 1",39.10236,-96.60097,335,13.9,7.6,54,10.33,26.4,14.3,257,13.37,30.43,16.93,425,14.27
"2022-11-01 06:00:00",621,"Site 1",39.10236,-96.60097,335,13.9,7.6,54,10.37,26.4,14.3,255.7,13.23,30.47,16.93,425,14.27
"2022-11-01 07:00:00",622,"Site 1",39.10236,-96.60097,335,13.9,7.6,54,10.33,26.4,14.3,255,13.17,30.47,16.93,424.7,14.2
"2022-11-01 08:00:00",623,"Site 1",39.10236,-96.60097,335,13.9,7.6,54,10.4,26.37,14.27,255,13.03,30.33,16.9,424,14.2
"2022-11-01 09:00:00",624,"Site 1",39.10236,-96.60097,335,13.93,7.6,54.33,10.77,26.4,14.3,254,12.97,30.37,16.9,423.7,14.2
"2022-11-01 10:00:00",625,"Site 1",39.10236,-96.60097,335,14.1,7.7,55.67,11.6,26.4,14.3,253,12.9,30.4,16.9,423,14.2
"2022-11-01 11:00:00",626,"Site 1",39.10236,-96.60097,335,14.27,7.8,57,12.73,26.4,14.3,253,12.87,30.4,16.9,422,14.07
"2022-11-01 12:00:00",627,"Site 1",39.10236,-96.60097,335,14.27,7.8,59,14.37,26.4,14.3,253.7,12.9,30.37,16.9,422,14.1
"2022-11-01 13:00:00",628,"Site 1",39.10236,-96.60097,335,14.2,7.767,61,16.23,26.4,14.3,254.3,12.97,30.4,16.9,422,14.07
"2022-11-01 14:00:00",629,"Site 1",39.10236,-96.60097,335,14.23,7.767,63.33,17.97,26.4,14.3,255.7,13.2,30.37,16.9,421.3,14
"2022-11-01 15:00:00",630,"Site 1",39.10236,-96.60097,335,14.2,7.733,65,19.1,26.4,14.3,258,13.47,30.37,16.9,421.3,14
"2022-11-01 16:00:00",631,"Site 1",39.10236,-96.60097,335,14.13,7.7,65,19.7,26.4,14.3,260.3,13.8,30.33,16.9,421.3,14
"2022-11-01 17:00:00",632,"Site 1",39.10236,-96.60097,335,13.97,7.633,63.67,19.3,26.47,14.3,262.7,14.2,30.43,16.9,422,14.03
"2022-11-01 18:00:00",633,"Site 1",39.10236,-96.60097,335,13.83,7.6,61.33,18.17,26.43,14.3,265,14.5,30.37,16.87,422,14.03
"2022-11-01 19:00:00",634,"Site 1",39.10236,-96.60097,335,13.8,7.5,59.33,16.97,26.43,14.3,266.7,14.87,30.43,16.9,422.3,14.1
"2022-11-01 20:00:00",635,"Site 1",39.10236,-96.60097,335,13.73,7.5,57.67,16.03,26.47,14.3,268,15.07,30.43,16.93,423.7,14.2
"2022-11-01 21:00:00",636,"Site 1",39.10236,-96.60097,335,13.6,7.5,56.67,15.3,26.4,14.3,269,15.13,30.43,16.93,425,14.27
"2022-11-01 22:00:00",637,"Site 1",39.10236,-96.60097,335,13.6,7.5,56,14.73,26.47,14.3,269,15.2,30.4,16.9,425.3,14.3
"2022-11-01 23:00:00",638,"Site 1",39.10236,-96.60097,335,13.57,7.467,55,14.3,26.43,14.3,269,15.1,30.4,16.9,426.7,14.37
"2022-11-02 00:00:00",639,"Site 1",39.10236,-96.60097,335,13.57,7.467,54.67,14,26.43,14.3,268.3,15.07,30.4,16.9,427,14.4
"2022-11-02 01:00:00",640,"Site 1",39.10236,-96.60097,335,13.53,7.433,54,13.67,26.43,14.3,268,14.97,30.47,16.9,428,14.5
"2022-11-02 02:00:00",641,"Site 1",39.10236,-96.60097,335,13.5,7.4,54,13.37,26.43,14.3,267.3,14.9,30.43,16.9,428,14.53
"2022-11-02 03:00:00",642,"Site 1",39.10236,-96.60097,335,13.5,7.4,53.33,13.13,26.4,14.3,266.7,14.8,30.43,16.9,428.3,14.57
"2022-11-02 04:00:00",643,"Site 1",39.10236,-96.60097,335,13.47,7.4,53,12.97,26.4,14.3,266,14.67,30.43,16.9,429,14.6
"2022-11-02 05:00:00",644,"Site 1",39.10236,-96.60097,335,13.5,7.4,53,12.87,26.4,14.3,266,14.6,30.47,16.9,429,14.6
"2022-11-02 06:00:00",645,"Site 1",39.10236,-96.60097,335,13.5,7.4,53,12.77,26.4,14.3,265,14.5,30.43,16.9,429.3,14.67
"2022-11-02 07:00:00",646,"Site 1",39.10236,-96.60097,335,13.5,7.4,52.67,12.67,26.4,14.3,264.7,14.4,30.47,16.97,430,14.6
"2022-11-02 08:00:00",647,"Site 1",39.10236,-96.60097,335,13.47,7.4,52.33,12.63,26.4,14.3,263.7,14.33,30.37,16.9,429.7,14.6
"2022-11-02 09:00:00",648,"Site 1",39.10236,-96.60097,335,13.5,7.4,53,13,26.4,14.3,263,14.27,30.4,16.9,428.7,14.6
"2022-11-02 10:00:00",649,"Site 1",39.10236,-96.60097,335,13.5,7.4,54,13.73,26.43,14.3,263,14.2,30.37,16.87,429,14.6
"2022-11-02 11:00:00",650,"Site 1",39.10236,-96.60097,335,13.5,7.433,55.33,14.87,26.5,14.3,263,14.13,30.33,16.87,428.3,14.57
"2022-11-02 12:00:00",651,"Site 1",39.10236,-96.60097,335,13.5,7.4,56.67,16,26.43,14.3,263,14.2,30.43,16.9,428.3,14.6
"2022-11-02 13:00:00",652,"Site 1",39.10236,-96.60097,335,13.5,7.4,58.33,17.47,26.47,14.3,263.7,14.23,30.43,16.9,428,14.57
"2022-11-02 14:00:00",653,"Site 1",39.10236,-96.60097,335,13.5,7.4,60.33,18.93,26.47,14.3,265.3,14.43,30.4,16.93,428,14.57
"2022-11-02 15:00:00",654,"Site 1",39.10236,-96.60097,335,13.5,7.4,61,19.7,26.5,14.3,266.3,14.63,30.43,16.93,428,14.57
"2022-11-02 16:00:00",655,"Site 1",39.10236,-96.60097,335,13.37,7.333,61,20.13,26.47,14.3,268.7,14.93,30.43,16.9,428.7,14.6
"2022-11-02 17:00:00",656,"Site 1",39.10236,-96.60097,335,13.3,7.333,59.67,19.7,26.47,14.3,270.3,15.27,30.43,16.87,429,14.6
"2022-11-02 18:00:00",657,"Site 1",39.10236,-96.60097,335,13.2,7.3,58,18.67,26.5,14.3,272.3,15.57,30.5,16.97,429.7,14.63
"2022-11-02 19:00:00",658,"Site 1",39.10236,-96.60097,335,13.17,7.267,56.33,17.73,26.47,14.3,273.7,15.77,30.4,16.9,430.3,14.7
"2022-11-02 20:00:00",659,"Site 1",39.10236,-96.60097,335,13.1,7.2,55.33,17,26.5,14.3,275,15.9,30.5,16.9,430.7,14.77
"2022-11-02 21:00:00",660,"Site 1",39.10236,-96.60097,335,13.1,7.2,54.67,16.5,26.47,14.3,275,15.93,30.4,16.9,431.3,14.83
"2022-11-02 22:00:00",661,"Site 1",39.10236,-96.60097,335,13.07,7.2,54,15.93,26.47,14.3,275,15.93,30.5,16.93,433,14.9
"2022-11-02 23:00:00",662,"Site 1",39.10236,-96.60097,335,13.03,7.2,53.33,15.53,26.47,14.3,275,15.9,30.43,16.9,433,14.9
"2022-11-03 00:00:00",663,"Site 1",39.10236,-96.60097,335,13.1,7.2,53,15.27,26.5,14.3,275,15.87,30.43,16.93,434,15
"2022-11-03 01:00:00",664,"Site 1",39.10236,-96.60097,335,13.07,7.2,52.67,15,26.47,14.3,274.3,15.8,30.47,16.93,434,15
"2022-11-03 02:00:00",665,"Site 1",39.10236,-96.60097,335,13.1,7.2,52,14.87,26.47,14.3,274,15.7,30.43,16.9,435,15.03
"2022-11-03 03:00:00",666,"Site 1",39.10236,-96.60097,335,13.03,7.2,52,14.8,26.47,14.3,273.7,15.6,30.47,16.93,435.3,15.1
"2022-11-03 04:00:00",667,"Site 1",39.10236,-96.60097,335,13.07,7.2,52,14.67,26.5,14.3,273,15.53,30.43,16.9,436,15.1
"2022-11-03 05:00:00",668,"Site 1",39.10236,-96.60097,335,13.07,7.2,52,14.63,26.5,14.3,272.3,15.47,30.47,16.93,436,15.1
"2022-11-03 06:00:00",669,"Site 1",39.10236,-96.60097,335,13.07,7.2,52,14.7,26.5,14.3,272,15.4,30.5,16.9,436,15.13
"2022-11-03 07:00:00",670,"Site 1",39.10236,-96.60097,335,13.1,7.2,52,14.83,26.43,14.3,272,15.33,30.53,16.93,436,15.13
"2022-11-03 08:00:00",671,"Site 1",39.10236,-96.60097,335,13,7.2,52,14.87,26.47,14.3,272,15.3,30.43,16.9,436,15.17
"2022-11-03 09:00:00",672,"Site 1",39.10236,-96.60097,335,13.1,7.2,52.67,15.17,26.47,14.3,271.3,15.27,30.43,16.93,436,15.1
"2022-11-03 10:00:00",673,"Site 1",39.10236,-96.60097,335,13.07,7.2,53.33,15.73,26.5,14.3,271,15.2,30.4,16.9,436,15.17
"2022-11-03 11:00:00",674,"Site 1",39.10236,-96.60097,335,13.1,7.2,54,16.57,26.5,14.3,271.3,15.2,30.5,16.97,436,15.13
"2022-11-03 12:00:00",675,"Site 1",39.10236,-96.60097,335,13.1,7.2,55,17.5,26.5,14.3,271.7,15.27,30.47,16.93,436,15.1
