"TOA5","CR300-10553","CR300","10553","CR300-CELL205.Std.10.04","CPU:Testbed_code_site_2.CR300","37015","Table_Teros54"
"TIMESTAMP","RECORD","station","latitude","longitude","altitude","Teros54_RAW_15_Avg","Teros54_Temp_15_Avg","Teros54_RAW_30_Avg","Teros54_Temp_30_Avg","Teros54_RAW_45_Avg","Teros54_Temp_45_Avg","Teros54_RAW_60_Avg","Teros54_Temp_60_Avg","Teros54_VWC_15_Avg","Teros54_VWC_30_Avg","Teros54_VWC_45_Avg","Teros54_VWC_60_Avg"
"TS","RN","name","decdegrees","decdegrees","m","mV","Deg C","mV","Deg C","mV","Deg C","mV","Deg C","m^3/m^3","m^3/m^3","m^3/m^3","m^3/m^3"
"","","Smp","Smp","Smp","Smp","Avg","Avg","Avg","Avg","Avg","Avg","Avg","Avg","Avg","Avg","Avg","Avg"
"2023-09-29 17:00:00",0,"Site 2",39.10245,-96.59987,335,759,25.66,852,23.44,817,22.78,865,22.47,0.173,0.241,0.208,0.256
"2023-09-29 18:00:00",1,"Site 2",39.10245,-96.59987,335,759.3,24.97,851,22.86,817,22.35,864,22.17,0.174,0.24,0.208,0.256
"2023-09-29 19:00:00",2,"Site 2",39.10245,-96.59987,335,759.4,24.75,851,22.7,818,22.16,864,22.03,0.174,0.24,0.208,0.256
"2023-09-29 20:00:00",3,"Site 2",39.10245,-96.59987,335,759.4,24.69,851,22.69,817,22.09,864,21.99,0.174,0.24,0.208,0.256
"2023-09-29 21:00:00",4,"Site 2",39.10245,-96.59987,335,759.5,24.58,851,22.75,817,22.09,864,21.97,0.174,0.24,0.208,0.256
"2023-09-29 22:00:00",5,"Site 2",39.10245,-96.59987,335,759.5,24.44,852,22.8,818,22.09,864,21.97,0.174,0.24,0.208,0.256
"2023-09-29 23:00:00",6,"Site 2",39.10245,-96.59987,335,759.4,24.26,852,22.85,818,22.1,864,21.97,0.174,0.24,0.208,0.256
"2023-09-30 00:00:00",7,"Site 2",39.10245,-96.59987,335,759.4,24.1,852,22.9,818,22.13,864,21.96,0.174,0.24,0.208,0.256
"2023-09-30 01:00:00",8,"Site 2",39.10245,-96.59987,335,759.2,23.96,852,22.94,818,22.17,864,21.97,0.174,0.241,0.208,0.256
"2023-09-30 02:00:00",9,"Site 2",39.10245,-96.59987,335,759.1,23.82,852,22.94,818,22.2,864,21.97,0.173,0.241,0.208,0.256
"2023-09-30 03:00:00",10,"Site 2",39.10245,-96.59987,335,759.2,23.71,852,22.97,"NAN",22.22,864,21.97,0.174,0.241,"NAN",0.256
"2023-09-30 04:00:00",11,"Site 2",39.10245,-96.59987,335,759.2,23.57,852,22.94,818,22.25,864,22,0.174,0.241,0.208,0.256
"2023-09-30 05:00:00",12,"Site 2",39.10245,-96.59987,335,758.9,23.46,852,22.94,818,22.28,864,22.01,0.173,0.241,0.209,0.256
"2023-09-30 06:00:00",13,"Site 2",39.10245,-96.59987,335,759,23.34,852,22.94,818,22.29,864,22.03,0.173,0.241,0.209,0.256
"2023-09-30 07:00:00",14,"Site 2",39.10245,-96.59987,335,758.9,23.23,852,22.91,818,22.31,865,22.05,0.173,0.241,0.209,0.256
"2023-09-30 08:00:00",15,"Site 2",39.10245,-96.59987,335,758.9,23.13,852,22.9,818,22.34,865,22.06,0.173,0.241,0.209,0.256
"2023-09-30 09:00:00",16,"Site 2",39.10245,-96.59987,335,758.8,23.03,852,22.87,818,22.34,865,22.06,0.173,0.241,0.209,0.256
"2023-09-30 10:00:00",17,"Site 2",39.10245,-96.59987,335,758.7,22.94,852,22.84,818,22.36,865,22.09,0.173,0.241,0.209,0.256
"2023-09-30 11:00:00",18,"Site 2",39.10245,-96.59987,335,758.7,22.86,852,22.8,818,22.37,865,22.09,0.173,0.241,0.209,0.256
"2023-09-30 12:00:00",19,"Site 2",39.10245,-96.59987,335,758.8,22.85,852,22.78,818,22.37,865,22.12,0.173,0.241,0.209,0.256
"2023-09-30 13:00:00",20,"Site 2",39.10245,-96.59987,335,758.7,22.97,852,22.75,818,22.37,865,22.13,0.173,0.241,0.209,0.256
"2023-09-30 14:00:00",21,"Site 2",39.10245,-96.59987,335,758.8,23.21,852,22.73,818,22.37,865,22.14,0.173,0.241,0.209,0.257
"2023-09-30 15:00:00",22,"Site 2",39.10245,-96.59987,335,759.1,23.57,852,22.72,818,22.37,865,22.15,0.173,0.241,0.209,0.256
"2023-09-30 16:00:00",23,"Site 2",39.10245,-96.59987,335,759.2,24.03,852,22.75,818,22.37,865,22.16,0.174,0.24,0.209,0.257
"2023-09-30 17:00:00",24,"Site 2",39.10245,-96.59987,335,759.6,24.46,852,22.8,818,22.37,865,22.16,0.174,0.24,0.209,0.256
"2023-09-30 18:00:00",25,"Site 2",39.10245,-96.59987,335,759.6,24.78,852,22.87,818,22.37,865,22.18,0.174,0.241,0.209,0.256
"2023-09-30 19:00:00",26,"Site 2",39.10245,-96.59987,335,759.8,25.01,852,22.98,818,22.38,865,22.18,0.174,0.241,0.209,0.256
"2023-09-30 20:00:00",27,"Site 2",39.10245,-96.59987,335,760,25.12,852,23.09,818,22.41,865,22.18,0.174,0.241,0.209,0.256
"2023-09-30 21:00:00",28,"Site 2",39.10245,-96.59987,335,760.1,25.12,852,23.19,818,22.43,865,22.19,0.174,0.241,0.209,0.256
"2023-09-30 22:00:00",29,"Site 2",39.10245,-96.59987,335,760,25.01,852,23.28,818,22.46,865,22.2,0.174,0.241,0.209,0.256
"2023-09-30 23:00:00",30,"Site 2",39.10245,-96.59987,335,760,24.86,852,23.37,818,22.5,865,22.21,0.174,0.241,0.209,0.256
"2023-10-01 00:00:00",31,"Site 2",39.10245,-96.59987,335,759.8,24.71,852,23.42,818,22.53,865,22.22,0.174,0.241,0.209,0.256
"2023-10-01 01:00:00",32,"Site 2",39.10245,-96.59987,335,759.8,24.57,852,23.46,818,22.57,865,22.24,0.174,0.241,0.209,0.257
"2023-10-01 02:00:00",33,"Site 2",39.10245,-96.59987,335,759.6,24.42,853,23.48,818,22.62,865,22.25,0.174,0.242,0.209,0.256
"2023-10-01 03:00:00",34,"Site 2",39.10245,-96.59987,335,759.7,24.26,853,23.5,818,22.65,865,22.25,0.174,0.242,0.209,0.256
"2023-10-01 04:00:00",35,"Site 2",39.10245,-96.59987,335,759.5,24.11,853,23.5,819,22.67,865,22.29,0.174,0.242,0.209,0.257
"2023-10-01 05:00:00",36,"Site 2",39.10245,-96.59987,335,759.2,23.97,853,23.48,819,22.7,865,22.3,0.174,0.242,0.209,0.256
"2023-10-01 06:00:00",37,"Site 2",39.10245,-96.59987,335,759.1,23.81,853,23.46,818,22.72,865,22.31,0.173,0.242,0.209,0.257
"2023-10-01 07:00:00",38,"Site 2",39.10245,-96.59987,335,759.3,23.67,853,23.43,819,22.75,865,22.34,0.174,0.242,0.209,0.257
"2023-10-01 08:00:00",39,"Site 2",39.10245,-96.59987,335,759,23.53,852,23.4,818,22.75,865,22.35,0.173,0.241,0.209,0.257
"2023-10-01 09:00:00",40,"Site 2",39.10245,-96.59987,335,758.9,23.39,852,23.35,819,22.77,865,22.37,0.173,0.241,0.209,0.257
"2023-10-01 10:00:00",41,"Site 2",39.10245,-96.59987,335,758.7,23.26,852,23.32,818,22.78,865,22.38,0.173,0.241,0.209,0.257
"2023-10-01 11:00:00",42,"Site 2",39.10245,-96.59987,335,758.6,23.17,852,23.27,818,22.78,865,22.41,0.173,0.241,0.209,0.257
"2023-10-01 12:00:00",43,"Site 2",39.10245,-96.59987,335,758.7,23.14,852,23.23,819,22.78,865,22.41,0.173,0.241,0.209,0.257
"2023-10-01 13:00:00",44,"Site 2",39.10245,-96.59987,335,758.7,23.2,852,23.18,819,22.78,865,22.44,0.173,0.241,0.209,0.257
"2023-10-01 14:00:00",45,"Site 2",39.10245,-96.59987,335,758.7,23.44,852,23.16,819,22.78,865,22.44,0.173,0.241,0.209,0.257
"2023-10-01 15:00:00",46,"Site 2",39.10245,-96.59987,335,758.8,23.79,852,23.13,819,22.78,865,22.45,0.173,0.241,0.209,0.257
"2023-10-01 16:00:00",47,"Site 2",39.10245,-96.59987,335,758.9,24.21,852,23.14,819,22.76,865,22.45,0.173,0.241,0.209,0.257
"2023-10-01 17:00:00",48,"Site 2",39.10245,-96.59987,335,759.2,24.62,852,23.17,818,22.75,865,22.47,0.174,0.241,0.209,0.257
"2023-10-01 18:00:00",49,"Site 2",39.10245,-96.59987,335,759.3,24.92,852,23.24,819,22.75,865,22.47,0.174,0.241,0.209,0.257
"2023-10-01 19:00:00",50,"Site 2",39.10245,-96.59987,335,759.5,25.12,852,23.31,819,22.75,865,22.47,0.174,0.241,0.209,0.257
"2023-10-01 20:00:00",51,"Site 2",39.10245,-96.59987,335,759.5,25.19,852,23.41,819,22.77,865,22.47,0.174,0.241,0.209,0.257
"2023-10-01 21:00:00",52,"Site 2",39.10245,-96.59987,335,759.5,25.16,852,23.5,819,22.78,865,22.48,0.174,0.241,0.209,0.257
"2023-10-01 22:00:00",53,"Site 2",39.10245,-96.59987,335,759.5,25.01,852,23.58,819,22.81,865,22.49,0.174,0.241,0.209,0.257
"2023-10-01 23:00:00",54,"Site 2",39.10245,-96.59987,335,759.1,24.84,853,23.63,819,22.84,865,22.5,0.173,0.242,0.209,0.257
"2023-10-02 00:00:00",55,"Site 2",39.10245,-96.59987,335,759,24.66,853,23.68,819,22.86,865,22.5,0.173,0.242,0.209,0.257
"2023-10-02 01:00:00",56,"Site 2",39.10245,-96.59987,335,758.9,24.47,853,23.69,819,22.88,865,22.52,0.173,0.242,0.209,0.257
"2023-10-02 02:00:00",57,"Site 2",39.10245,-96.59987,335,758.7,24.28,853,23.69,819,22.92,865,22.53,0.173,0.242,0.209,0.257
"2023-10-02 03:00:00",58,"Site 2",39.10245,-96.59987,335,758.7,24.09,853,23.69,819,22.94,865,22.54,0.173,0.242,0.209,0.257
"2023-10-02 04:00:00",59,"Site 2",39.10245,-96.59987,335,758.6,23.9,853,23.67,819,22.96,865,22.56,0.173,0.242,0.209,0.257
"2023-10-02 05:00:00",60,"Site 2",39.10245,-96.59987,335,758.4,23.69,853,23.62,819,22.98,865,22.56,0.173,0.242,0.209,0.257
"2023-10-02 06:00:00",61,"Site 2",39.10245,-96.59987,335,758.3,23.51,853,23.58,819,23,865,22.58,0.173,0.242,0.209,0.257
"2023-10-02 07:00:00",62,"Site 2",39.10245,-96.59987,335,758,23.34,853,23.54,819,23,865,22.59,0.173,0.242,0.209,0.257
"2023-10-02 08:00:00",63,"Site 2",39.10245,-96.59987,335,757.9,23.2,853,23.49,819,23,865,22.62,0.173,0.242,0.209,0.257
"2023-10-02 09:00:00",64,"Site 2",39.10245,-96.59987,335,757.7,23.05,853,23.42,819,23,865,22.63,0.173,0.242,0.209,0.257
"2023-10-02 10:00:00",65,"Site 2",39.10245,-96.59987,335,757.7,22.93,853,23.37,819,23,865,22.63,0.173,0.242,0.209,0.257
"2023-10-02 11:00:00",66,"Site 2",39.10245,-96.59987,335,757.6,22.84,852,23.3,819,23,865,22.65,0.173,0.241,0.209,0.257
"2023-10-02 12:00:00",67,"Site 2",39.10245,-96.59987,335,757.5,22.82,852,23.24,819,22.97,865,22.66,0.173,0.241,0.209,0.257
"2023-10-02 13:00:00",68,"Site 2",39.10245,-96.59987,335,757.4,22.92,852,23.2,819,22.97,865,22.66,0.173,0.241,0.209,0.257
"2023-10-02 14:00:00",69,"Site 2",39.10245,-96.59987,335,757.4,23.16,852,23.14,819,22.95,865,22.66,0.173,0.241,0.209,0.257
"2023-10-02 15:00:00",70,"Site 2",39.10245,-96.59987,335,757.5,23.51,852,23.13,819,22.94,865,22.66,0.173,0.241,0.209,0.257
"2023-10-02 16:00:00",71,"Site 2",39.10245,-96.59987,335,757.8,23.94,852,23.13,819,22.91,865,22.66,0.173,0.241,0.209,0.257
"2023-10-02 17:00:00",72,"Site 2",39.10245,-96.59987,335,758,24.34,852,23.15,819,22.91,865,22.66,0.173,0.241,0.209,0.257
"2023-10-02 18:00:00",73,"Site 2",39.10245,-96.59987,335,758,24.65,852,23.21,819,22.88,865,22.66,0.173,0.241,0.209,0.257
"2023-10-02 19:00:00",74,"Site 2",39.10245,-96.59987,335,758.2,24.84,852,23.28,819,22.87,865,22.66,0.173,0.241,0.209,0.257
"2023-10-02 20:00:00",75,"Site 2",39.10245,-96.59987,335,758.3,24.95,852,23.38,819,22.88,865,22.66,0.173,0.241,0.209,0.257
"2023-10-02 21:00:00",76,"Site 2",39.10245,-96.59987,335,758.3,24.92,852,23.47,819,22.88,865,22.66,0.173,0.241,0.209,0.257
"2023-10-02 22:00:00",77,"Site 2",39.10245,-96.59987,335,758.3,24.8,852,23.53,819,22.91,865,22.66,0.173,0.241,0.209,0.257
"2023-10-02 23:00:00",78,"Site 2",39.10245,-96.59987,335,758,24.64,852,23.6,819,22.93,865,22.66,0.173,0.241,0.209,0.257
"2023-10-03 00:00:00",79,"Site 2",39.10245,-96.59987,335,758,24.47,852,23.62,819,22.96,865,22.68,0.173,0.241,0.209,0.257
"2023-10-03 01:00:00",80,"Site 2",39.10245,-96.59987,335,757.8,24.29,852,23.66,819,22.97,865,22.66,0.173,0.241,0.209,0.257
"2023-10-03 02:00:00",81,"Site 2",39.10245,-96.59987,335,757.6,24.12,852,23.66,819,23,865,22.67,0.173,0.241,0.209,0.257
"2023-10-03 03:00:00",82,"Site 2",39.10245,-96.59987,335,757.6,23.96,852,23.65,819,23.02,865,22.69,0.173,0.241,0.209,0.257
"2023-10-03 04:00:00",83,"Site 2",39.10245,-96.59987,335,757.3,23.79,852,23.62,819,23.03,865,22.69,0.173,0.241,0.209,0.257
"2023-10-03 05:00:00",84,"Site 2",39.10245,-96.59987,335,757.3,23.63,852,23.59,819,23.04,865,22.69,0.173,0.241,0.209,0.257
"2023-10-03 06:00:00",85,"Site 2",39.10245,-96.59987,335,757,23.51,852,23.55,819,23.06,865,22.72,0.173,0.241,0.209,0.257
"2023-10-03 07:00:00",86,"Site 2",39.10245,-96.59987,335,756.9,23.38,852,23.51,819,23.06,865,22.72,0.172,0.241,0.209,0.257
"2023-10-03 08:00:00",87,"Site 2",39.10245,-96.59987,335,756.7,23.26,852,23.47,819,23.06,865,22.72,0.172,0.241,0.209,0.257
"2023-10-03 09:00:00",88,"Site 2",39.10245,-96.59987,335,756.8,23.16,852,23.42,819,23.06,865,22.73,0.172,0.241,0.209,0.257
"2023-10-03 10:00:00",89,"Site 2",39.10245,-96.59987,335,756.6,23.09,852,23.38,819,23.06,865,22.74,0.172,0.241,0.209,0.257
"2023-10-03 11:00:00",90,"Site 2",39.10245,-96.59987,335,756.5,23.03,852,23.33,819,23.04,865,22.75,0.172,0.241,0.209,0.257
"2023-10-03 12:00:00",91,"Site 2",39.10245,-96.59987,335,756.4,23.03,852,23.29,819,23.03,865,22.75,0.172,0.241,0.209,0.257
"2023-10-03 13:00:00",92,"Site 2",39.10245,-96.59987,335,756.3,23.09,852,23.24,819,23.03,865,22.75,0.172,0.241,0.209,0.257
"2023-10-03 14:00:00",93,"Site 2",39.10245,-96.59987,335,756.5,23.23,852,23.2,819,23,865,22.75,0.172,0.241,0.209,0.257
"2023-10-03 15:00:00",94,"Site 2",39.10245,-96.59987,335,756.4,23.42,852,23.19,819,22.99,865,22.75,0.172,0.241,0.209,0.257
"2023-10-03 16:00:00",95,"Site 2",39.10245,-96.59987,335,756.5,23.62,852,23.19,819,22.98,865,22.75,0.172,0.241,0.209,0.257
"2023-10-03 17:00:00",96,"Site 2",39.10245,-96.59987,335,756.7,23.8,852,23.2,819,22.97,865,22.75,0.172,0.241,0.209,0.257
"2023-10-03 18:00:00",97,"Site 2",39.10245,-96.59987,335,756.7,23.98,852,23.21,819,22.97,865,22.75,0.172,0.241,0.209,0.257
"2023-10-03 19:00:00",98,"Site 2",39.10245,-96.59987,335,756.6,24.11,852,23.25,819,22.95,865,22.75,0.172,0.241,0.209,0.257
"2023-10-03 20:00:00",99,"Site 2",39.10245,-96.59987,335,756.7,24.2,852,23.29,819,22.94,865,22.75,0.172,0.241,0.209,0.257
"2023-10-03 21:00:00",100,"Site 2",39.10245,-96.59987,335,756.8,24.18,852,23.32,819,22.94,865,22.75,0.172,0.241,0.209,0.257
"2023-10-03 22:00:00",101,"Site 2",39.10245,-96.59987,335,756.5,24.11,852,23.37,819,22.94,865,22.74,0.172,0.241,0.209,0.257
"2023-10-03 23:00:00",102,"Site 2",39.10245,-96.59987,335,757.1,24.03,852,23.4,819,22.96,866,22.75,0.173,0.241,0.209,0.258
"2023-10-04 00:00:00",103,"Site 2",39.10245,-96.59987,335,769.4,23.89,853,23.41,818,22.97,867,22.73,0.179,0.242,0.209,0.26
"2023-10-04 01:00:00",104,"Site 2",39.10245,-96.59987,335,869,23.45,864,23.44,823,22.96,867,22.73,0.274,0.256,0.213,0.259
"2023-10-04 02:00:00",105,"Site 2",39.10245,-96.59987,335,911,22.95,877,23.4,832,22.97,867,22.72,0.333,0.274,0.221,0.259
"2023-10-04 03:00:00",106,"Site 2",39.10245,-96.59987,335,913,22.75,880,23.34,834,22.97,866,22.73,0.336,0.278,0.222,0.259
"2023-10-04 04:00:00",107,"Site 2",39.10245,-96.59987,335,912,22.58,881,23.28,835,22.98,866,22.74,0.336,0.28,0.223,0.258
"2023-10-04 05:00:00",108,"Site 2",39.10245,-96.59987,335,912,22.42,883,23.21,836,22.97,866,22.75,0.336,0.282,0.224,0.258
"2023-10-04 06:00:00",109,"Site 2",39.10245,-96.59987,335,912,22.24,884,23.14,837,22.97,866,22.75,0.335,0.283,0.225,0.258
"2023-10-04 07:00:00",110,"Site 2",39.10245,-96.59987,335,912,22.03,884,23.06,837,22.96,866,22.75,0.335,0.285,0.226,0.258
"2023-10-04 08:00:00",111,"Site 2",39.10245,-96.59987,335,912,21.8,885,22.97,838,22.94,866,22.75,0.334,0.286,0.226,0.258
"2023-10-04 09:00:00",112,"Site 2",39.10245,-96.59987,335,912,21.57,885,22.87,838,22.91,866,22.75,0.334,0.286,0.226,0.258
"2023-10-04 10:00:00",113,"Site 2",39.10245,-96.59987,335,911,21.38,886,22.78,839,22.88,866,22.75,0.334,0.287,0.227,0.258
"2023-10-04 11:00:00",114,"Site 2",39.10245,-96.59987,335,"NAN","NAN","NAN","NAN","NAN","NAN","NAN","NAN","NAN","NAN","NAN","NAN"
"2023-10-04 12:00:00",115,"Site 2",39.10245,-96.59987,335,911,21.15,886,22.58,839,22.83,866,22.72,0.334,0.288,0.227,0.258
"2023-10-04 13:00:00",116,"Site 2",39.10245,-96.59987,335,911,21.16,886,22.49,839,22.79,866,22.72,0.334,0.288,0.227,0.258
"2023-10-04 14:00:00",117,"Site 2",39.10245,-96.59987,335,911,21.26,887,22.41,839,22.76,866,22.72,0.333,0.289,0.227,0.257
"2023-10-04 15:00:00",118,"Site 2",39.10245,-96.59987,335,911,21.5,887,22.33,839,22.71,866,22.69,0.333,0.289,0.227,0.258
"2023-10-04 16:00:00",119,"Site 2",39.10245,-96.59987,335,911,21.8,887,22.29,839,22.68,866,22.69,0.332,0.289,0.227,0.258
"2023-10-04 17:00:00",120,"Site 2",39.10245,-96.59987,335,910,22.06,887,22.25,839,22.64,865,22.69,0.332,0.289,0.227,0.257
"2023-10-04 18:00:00",121,"Site 2",39.10245,-96.59987,335,910,22.26,887,22.28,839,22.59,865,22.66,0.331,0.29,0.227,0.257
"2023-10-04 19:00:00",122,"Site 2",39.10245,-96.59987,335,910,22.36,888,22.28,839,22.55,865,22.65,0.331,0.29,0.228,0.257
"2023-10-04 20:00:00",123,"Site 2",39.10245,-96.59987,335,909,22.37,888,22.32,839,22.53,865,22.63,0.33,0.29,0.227,0.257
"2023-10-04 21:00:00",124,"Site 2",39.10245,-96.59987,335,909,22.3,888,22.34,839,22.51,865,22.6,0.33,0.291,0.227,0.257
"2023-10-04 22:00:00",125,"Site 2",39.10245,-96.59987,335,909,22.14,888,22.36,839,22.49,865,22.58,0.329,0.291,0.228,0.257
"2023-10-04 23:00:00",126,"Site 2",39.10245,-96.59987,335,909,21.93,888,22.37,839,22.47,865,22.56,0.329,0.291,0.227,0.257
"2023-10-05 00:00:00",127,"Site 2",39.10245,-96.59987,335,909,21.69,888,22.34,839,22.47,865,22.56,0.328,0.291,0.227,0.257
"2023-10-05 01:00:00",128,"Site 2",39.10245,-96.59987,335,909,21.44,889,22.32,839,22.46,865,22.54,0.328,0.292,0.227,0.257
"2023-10-05 02:00:00",129,"Site 2",39.10245,-96.59987,335,908,21.17,889,22.27,839,22.44,865,22.53,0.328,0.292,0.227,0.257
"2023-10-05 03:00:00",130,"Site 2",39.10245,-96.59987,335,908,20.91,889,22.2,839,22.43,865,22.51,0.328,0.292,0.227,0.257
"2023-10-05 04:00:00",131,"Site 2",39.10245,-96.59987,335,908,20.65,889,22.13,839,22.41,865,22.5,0.327,0.292,0.227,0.257
"2023-10-05 05:00:00",132,"Site 2",39.10245,-96.59987,335,908,20.4,889,22.03,839,22.38,865,22.5,0.327,0.292,0.227,0.257
"2023-10-05 06:00:00",133,"Site 2",39.10245,-96.59987,335,908,20.14,889,21.94,839,22.36,865,22.49,0.327,0.292,0.227,0.256
"2023-10-05 07:00:00",134,"Site 2",39.10245,-96.59987,335,908,19.88,889,21.84,839,22.33,865,22.47,0.326,0.292,0.227,0.256
"2023-10-05 08:00:00",135,"Site 2",39.10245,-96.59987,335,908,19.65,889,21.72,839,22.29,865,22.46,0.326,0.292,0.227,0.256
"2023-10-05 09:00:00",136,"Site 2",39.10245,-96.59987,335,907,19.4,889,21.61,839,22.26,865,22.44,0.326,0.292,0.227,0.256
"2023-10-05 10:00:00",137,"Site 2",39.10245,-96.59987,335,907,19.19,888,21.48,839,22.21,865,22.43,0.326,0.291,0.227,0.256
"2023-10-05 11:00:00",138,"Site 2",39.10245,-96.59987,335,907,19.01,888,21.37,839,22.16,865,22.41,0.325,0.291,0.227,0.256
"2023-10-05 12:00:00",139,"Site 2",39.10245,-96.59987,335,907,18.94,888,21.25,839,22.1,865,22.37,0.325,0.291,0.227,0.256
"2023-10-05 13:00:00",140,"Site 2",39.10245,-96.59987,335,907,18.99,888,21.12,839,22.05,865,22.36,0.325,0.291,0.227,0.256
"2023-10-05 14:00:00",141,"Site 2",39.10245,-96.59987,335,907,19.22,888,21.03,839,21.99,864,22.33,0.324,0.291,0.227,0.256
"2023-10-05 15:00:00",142,"Site 2",39.10245,-96.59987,335,906,19.57,888,20.95,839,21.93,865,22.31,0.324,0.291,0.227,0.256
"2023-10-05 16:00:00",143,"Site 2",39.10245,-96.59987,335,906,19.96,888,20.91,839,21.87,864,22.28,0.323,0.291,0.227,0.256
"2023-10-05 17:00:00",144,"Site 2",39.10245,-96.59987,335,906,20.28,888,20.9,839,21.82,864,22.26,0.323,0.291,0.227,0.256
"2023-10-05 18:00:00",145,"Site 2",39.10245,-96.59987,335,906,20.51,888,20.91,838,21.77,864,22.22,0.323,0.291,0.227,0.256
"2023-10-05 19:00:00",146,"Site 2",39.10245,-96.59987,335,906,20.65,888,20.95,838,21.73,864,22.19,0.322,0.291,0.227,0.256
"2023-10-05 20:00:00",147,"Site 2",39.10245,-96.59987,335,905,20.66,888,20.99,838,21.69,864,22.17,0.322,0.291,0.227,0.256
"2023-10-05 21:00:00",148,"Site 2",39.10245,-96.59987,335,905,20.58,888,21.02,838,21.66,864,22.13,0.322,0.291,0.226,0.256
"2023-10-05 22:00:00",149,"Site 2",39.10245,-96.59987,335,905,20.41,888,21.05,838,21.63,864,22.09,0.321,0.291,0.226,0.255
"2023-10-05 23:00:00",150,"Site 2",39.10245,-96.59987,335,905,20.19,889,21.06,838,21.61,864,22.07,0.321,0.292,0.226,0.255
"2023-10-06 00:00:00",151,"Site 2",39.10245,-96.59987,335,905,19.93,889,21.05,838,21.59,864,22.04,0.321,0.292,0.226,0.255
"2023-10-06 01:00:00",152,"Site 2",39.10245,-96.59987,335,904,19.66,888,21.02,838,21.57,864,22.03,0.32,0.291,0.226,0.255
"2023-10-06 02:00:00",153,"Site 2",39.10245,-96.59987,335,904,19.38,888,20.98,838,21.56,864,22,0.32,0.292,0.226,0.255
"2023-10-06 03:00:00",154,"Site 2",39.10245,-96.59987,335,904,19.13,888,20.91,838,21.54,864,21.97,0.319,0.291,0.226,0.255
"2023-10-06 04:00:00",155,"Site 2",39.10245,-96.59987,335,904,18.84,888,20.81,838,21.52,864,21.97,0.319,0.292,0.226,0.255
"2023-10-06 05:00:00",156,"Site 2",39.10245,-96.59987,335,904,18.56,888,20.72,838,21.49,864,21.94,0.319,0.291,0.226,0.255
"2023-10-06 06:00:00",157,"Site 2",39.10245,-96.59987,335,903,18.31,888,20.63,838,21.47,864,21.92,0.318,0.291,0.226,0.255
"2023-10-06 07:00:00",158,"Site 2",39.10245,-96.59987,335,903,18.06,888,20.52,838,21.43,864,21.91,0.318,0.291,0.226,0.255
"2023-10-06 08:00:00",159,"Site 2",39.10245,-96.59987,335,903,17.87,888,20.41,837,21.4,864,21.88,0.318,0.291,0.226,0.255
"2023-10-06 09:00:00",160,"Site 2",39.10245,-96.59987,335,903,17.68,888,20.28,838,21.33,864,21.84,0.317,0.291,0.226,0.255
"2023-10-06 10:00:00",161,"Site 2",39.10245,-96.59987,335,903,17.52,888,20.16,837,21.29,863,21.83,0.317,0.291,0.226,0.255
"2023-10-06 11:00:00",162,"Site 2",39.10245,-96.59987,335,903,17.41,888,20.05,837,21.24,863,21.8,0.317,0.291,0.225,0.255
"2023-10-06 12:00:00",163,"Site 2",39.10245,-96.59987,335,902,17.31,888,19.94,837,21.18,863,21.78,0.316,0.29,0.225,0.255
"2023-10-06 13:00:00",164,"Site 2",39.10245,-96.59987,335,902,17.24,888,19.84,837,21.12,863,21.75,0.316,0.29,0.225,0.255
"2023-10-06 14:00:00",165,"Site 2",39.10245,-96.59987,335,902,17.22,888,19.73,837,21.06,863,21.72,0.316,0.29,0.225,0.255
"2023-10-06 15:00:00",166,"Site 2",39.10245,-96.59987,335,902,17.23,887,19.65,837,21,863,21.68,0.316,0.29,0.225,0.255
"2023-10-06 16:00:00",167,"Site 2",39.10245,-96.59987,335,902,17.35,887,19.56,837,20.94,863,21.65,0.315,0.29,0.225,0.255
"2023-10-06 17:00:00",168,"Site 2",39.10245,-96.59987,335,902,17.53,887,19.49,837,20.89,863,21.61,0.315,0.29,0.225,0.255
"2023-10-06 18:00:00",169,"Site 2",39.10245,-96.59987,335,902,17.66,887,19.44,837,20.82,863,21.57,0.315,0.29,0.225,0.254
"2023-10-06 19:00:00",170,"Site 2",39.10245,-96.59987,335,902,17.73,887,19.41,837,20.76,863,21.54,0.315,0.29,0.225,0.254
"2023-10-06 20:00:00",171,"Site 2",39.10245,-96.59987,335,901,17.71,887,19.39,836,20.7,863,21.51,0.314,0.29,0.225,0.254
"2023-10-06 21:00:00",172,"Site 2",39.10245,-96.59987,335,901,17.62,887,19.35,836,20.66,863,21.47,0.314,0.29,0.224,0.254
"2023-10-06 22:00:00",173,"Site 2",39.10245,-96.59987,335,901,17.44,887,19.34,836,20.62,863,21.43,0.314,0.289,0.224,0.254
"2023-10-06 23:00:00",174,"Site 2",39.10245,-96.59987,335,901,17.22,887,19.3,836,20.57,863,21.4,0.314,0.289,0.224,0.254
"2023-10-07 00:00:00",175,"Site 2",39.10245,-96.59987,335,901,16.98,887,19.25,836,20.52,863,21.37,0.314,0.289,0.224,0.254
"2023-10-07 01:00:00",176,"Site 2",39.10245,-96.59987,335,901,16.72,887,19.19,836,20.48,863,21.32,0.313,0.289,0.224,0.254
"2023-10-07 02:00:00",177,"Site 2",39.10245,-96.59987,335,901,16.46,887,19.09,836,20.44,863,21.29,0.313,0.289,0.224,0.254
"2023-10-07 03:00:00",178,"Site 2",39.10245,-96.59987,335,900,16.19,887,19.02,836,20.4,863,21.26,0.312,0.289,0.224,0.254
"2023-10-07 04:00:00",179,"Site 2",39.10245,-96.59987,335,900,15.94,887,18.91,836,20.34,862,21.22,0.312,0.289,0.224,0.253
"2023-10-07 05:00:00",180,"Site 2",39.10245,-96.59987,335,900,15.69,887,18.8,836,20.3,862,21.18,0.312,0.289,0.224,0.253
"2023-10-07 06:00:00",181,"Site 2",39.10245,-96.59987,335,900,15.44,887,18.69,836,20.24,862,21.15,0.312,0.288,0.224,0.253
"2023-10-07 07:00:00",182,"Site 2",39.10245,-96.59987,335,900,15.19,887,18.55,836,20.18,862,21.11,0.312,0.288,0.224,0.253
"2023-10-07 08:00:00",183,"Site 2",39.10245,-96.59987,335,900,14.95,886,18.43,835,20.13,862,21.08,0.311,0.288,0.224,0.253
"2023-10-07 09:00:00",184,"Site 2",39.10245,-96.59987,335,900,14.71,886,18.29,835,20.06,862,21.04,0.311,0.288,0.224,0.253
"2023-10-07 10:00:00",185,"Site 2",39.10245,-96.59987,335,900,14.5,886,18.17,835,20,862,21,0.311,0.288,0.223,0.253
"2023-10-07 11:00:00",186,"Site 2",39.10245,-96.59987,335,899,14.32,886,18.02,835,19.93,862,20.96,0.31,0.288,0.223,0.253
"2023-10-07 12:00:00",187,"Site 2",39.10245,-96.59987,335,899,14.25,886,17.9,835,19.85,862,20.92,0.311,0.287,0.223,0.253
"2023-10-07 13:00:00",188,"Site 2",39.10245,-96.59987,335,899,14.3,886,17.76,835,19.78,862,20.89,0.31,0.287,0.223,0.253
"2023-10-07 14:00:00",189,"Site 2",39.10245,-96.59987,335,899,14.53,886,17.66,835,19.7,862,20.83,0.31,0.287,0.223,0.253
"2023-10-07 15:00:00",190,"Site 2",39.10245,-96.59987,335,899,14.9,886,17.56,835,19.61,862,20.79,0.31,0.287,0.223,0.253
"2023-10-07 16:00:00",191,"Site 2",39.10245,-96.59987,335,899,15.31,885,17.51,835,19.53,862,20.74,0.309,0.286,0.223,0.253
"2023-10-07 17:00:00",192,"Site 2",39.10245,-96.59987,335,899,15.71,885,17.47,834,19.47,862,20.7,0.309,0.286,0.223,0.253
"2023-10-07 18:00:00",193,"Site 2",39.10245,-96.59987,335,898,16.02,885,17.5,834,19.4,862,20.65,0.309,0.286,0.223,0.253
"2023-10-07 19:00:00",194,"Site 2",39.10245,-96.59987,335,898,16.24,885,17.52,834,19.33,862,20.58,0.309,0.286,0.223,0.253
"2023-10-07 20:00:00",195,"Site 2",39.10245,-96.59987,335,898,16.35,885,17.57,834,19.29,862,20.54,0.309,0.286,0.222,0.252
"2023-10-07 21:00:00",196,"Site 2",39.10245,-96.59987,335,898,16.37,885,17.62,834,19.24,861,20.5,0.309,0.287,0.222,0.252
"2023-10-07 22:00:00",197,"Site 2",39.10245,-96.59987,335,898,16.26,885,17.67,834,19.2,861,20.45,0.309,0.286,0.222,0.252
"2023-10-07 23:00:00",198,"Site 2",39.10245,-96.59987,335,898,16.09,885,17.69,834,19.17,861,20.4,0.308,0.287,0.222,0.252
"2023-10-08 00:00:00",199,"Site 2",39.10245,-96.59987,335,898,15.92,885,17.69,834,19.14,861,20.36,0.308,0.287,0.222,0.252
"2023-10-08 01:00:00",200,"Site 2",39.10245,-96.59987,335,898,15.74,885,17.69,834,19.12,861,20.32,0.308,0.286,0.222,0.252
"2023-10-08 02:00:00",201,"Site 2",39.10245,-96.59987,335,898,15.56,885,17.67,833,19.09,861,20.27,0.308,0.286,0.222,0.252
"2023-10-08 03:00:00",202,"Site 2",39.10245,-96.59987,335,898,15.43,885,17.62,834,19.06,861,20.24,0.307,0.286,0.222,0.252
"2023-10-08 04:00:00",203,"Site 2",39.10245,-96.59987,335,898,15.29,885,17.57,834,19.03,861,20.22,0.307,0.287,0.222,0.252
"2023-10-08 05:00:00",204,"Site 2",39.10245,-96.59987,335,897,15.17,885,17.51,833,19.02,861,20.19,0.307,0.286,0.222,0.252
"2023-10-08 06:00:00",205,"Site 2",39.10245,-96.59987,335,897,15.04,885,17.46,833,18.99,861,20.15,0.307,0.286,0.222,0.252
"2023-10-08 07:00:00",206,"Site 2",39.10245,-96.59987,335,897,14.93,885,17.41,833,18.96,861,20.1,0.307,0.286,0.222,0.251
"2023-10-08 08:00:00",207,"Site 2",39.10245,-96.59987,335,897,14.79,885,17.33,833,18.92,861,20.08,0.306,0.286,0.221,0.251
"2023-10-08 09:00:00",208,"Site 2",39.10245,-96.59987,335,897,14.66,885,17.27,833,18.89,861,20.05,0.306,0.286,0.221,0.251
"2023-10-08 10:00:00",209,"Site 2",39.10245,-96.59987,335,897,14.53,885,17.2,833,18.84,861,20.02,0.306,0.286,0.221,0.251
"2023-10-08 11:00:00",210,"Site 2",39.10245,-96.59987,335,897,14.45,885,17.13,833,18.8,861,19.99,0.306,0.286,0.221,0.251
"2023-10-08 12:00:00",211,"Site 2",39.10245,-96.59987,335,897,14.45,885,17.06,833,18.76,861,19.96,0.306,0.286,0.221,0.251
"2023-10-08 13:00:00",212,"Site 2",39.10245,-96.59987,335,897,14.56,885,16.99,833,18.71,861,19.92,0.306,0.286,0.221,0.251
"2023-10-08 14:00:00",213,"Site 2",39.10245,-96.59987,335,896,14.87,885,16.95,833,18.67,861,19.88,0.305,0.285,0.221,0.251
"2023-10-08 15:00:00",214,"Site 2",39.10245,-96.59987,335,896,15.31,885,16.91,833,18.63,861,19.85,0.305,0.285,0.221,0.252
"2023-10-08 16:00:00",215,"Site 2",39.10245,-96.59987,335,896,15.83,885,16.92,832,18.58,861,19.81,0.305,0.285,0.221,0.251
"2023-10-08 17:00:00",216,"Site 2",39.10245,-96.59987,335,896,16.31,885,16.95,832,18.54,861,19.79,0.305,0.285,0.221,0.251
"2023-10-08 18:00:00",217,"Site 2",39.10245,-96.59987,335,896,16.72,885,17.02,832,18.51,860,19.76,0.304,0.285,0.221,0.251
"2023-10-08 19:00:00",218,"Site 2",39.10245,-96.59987,335,896,17.01,885,17.11,832,18.47,860,19.71,0.304,0.285,0.221,0.251
"2023-10-08 20:00:00",219,"Site 2",39.10245,-96.59987,335,896,17.21,885,17.22,832,18.47,860,19.68,0.304,0.285,0.221,0.251
"2023-10-08 21:00:00",220,"Site 2",39.10245,-96.59987,335,896,17.27,885,17.31,832,18.44,860,19.65,0.304,0.286,0.22,0.251
"2023-10-08 22:00:00",221,"Site 2",39.10245,-96.59987,335,896,17.22,885,17.44,832,18.44,860,19.61,0.304,0.285,0.221,0.251
"2023-10-08 23:00:00",222,"Site 2",39.10245,-96.59987,335,895,17.1,885,17.5,832,18.44,860,19.59,0.303,0.286,0.22,0.251
"2023-10-09 00:00:00",223,"Site 2",39.10245,-96.59987,335,895,16.95,885,17.57,832,18.46,860,19.56,0.303,0.286,0.22,0.251
"2023-10-09 01:00:00",224,"Site 2",39.10245,-96.59987,335,895,16.78,885,17.59,832,18.47,860,19.54,0.303,0.286,0.22,0.25
"2023-10-09 02:00:00",225,"Site 2",39.10245,-96.59987,335,895,16.59,885,17.63,832,18.47,860,19.53,0.303,0.286,0.22,0.25
"2023-10-09 03:00:00",226,"Site 2",39.10245,-96.59987,335,895,16.4,885,17.63,832,18.5,860,19.5,0.303,0.286,0.22,0.25
"2023-10-09 04:00:00",227,"Site 2",39.10245,-96.59987,335,895,16.19,885,17.62,832,18.5,860,19.5,0.303,0.286,0.22,0.25
"2023-10-09 05:00:00",228,"Site 2",39.10245,-96.59987,335,895,15.99,885,17.58,832,18.5,860,19.49,0.302,0.286,0.22,0.25
"2023-10-09 06:00:00",229,"Site 2",39.10245,-96.59987,335,895,15.78,885,17.54,832,18.5,860,19.47,0.302,0.286,0.22,0.25
"2023-10-09 07:00:00",230,"Site 2",39.10245,-96.59987,335,895,15.56,885,17.49,832,18.5,860,19.47,0.302,0.286,0.22,0.25
"2023-10-09 08:00:00",231,"Site 2",39.10245,-96.59987,335,894,15.34,885,17.43,831,18.5,860,19.45,0.302,0.285,0.22,0.25
"2023-10-09 09:00:00",232,"Site 2",39.10245,-96.59987,335,895,15.15,885,17.35,832,18.49,860,19.44,0.302,0.286,0.22,0.25
"2023-10-09 10:00:00",233,"Site 2",39.10245,-96.59987,335,894,14.94,885,17.28,832,18.47,860,19.42,0.301,0.285,0.22,0.25
"2023-10-09 11:00:00",234,"Site 2",39.10245,-96.59987,335,894,14.78,884,17.19,832,18.45,860,19.41,0.301,0.285,0.22,0.25
"2023-10-09 12:00:00",235,"Site 2",39.10245,-96.59987,335,894,14.72,884,17.11,831,18.42,860,19.41,0.301,0.285,0.22,0.25
"2023-10-09 13:00:00",236,"Site 2",39.10245,-96.59987,335,894,14.79,884,17.03,831,18.38,860,19.39,0.301,0.285,0.22,0.25
"2023-10-09 14:00:00",237,"Site 2",39.10245,-96.59987,335,894,15.02,884,16.96,831,18.36,860,19.37,0.301,0.285,0.22,0.25
"2023-10-09 15:00:00",238,"Site 2",39.10245,-96.59987,335,894,15.42,884,16.92,831,18.32,860,19.34,0.3,0.285,0.22,0.25
"2023-10-09 16:00:00",239,"Site 2",39.10245,-96.59987,335,894,15.83,884,16.91,831,18.28,860,19.32,0.3,0.284,0.22,0.25
"2023-10-09 17:00:00",240,"Site 2",39.10245,-96.59987,335,893,16.21,884,16.91,831,18.25,860,19.3,0.3,0.285,0.22,0.25
"2023-10-09 18:00:00",241,"Site 2",39.10245,-96.59987,335,893,16.49,884,16.96,831,18.22,860,19.28,0.3,0.284,0.22,0.25
"2023-10-09 19:00:00",242,"Site 2",39.10245,-96.59987,335,893,16.68,884,17.02,831,18.19,860,19.25,0.3,0.285,0.219,0.25
"2023-10-09 20:00:00",243,"Site 2",39.10245,-96.59987,335,893,16.79,884,17.09,831,18.19,860,19.24,0.299,0.285,0.219,0.25
"2023-10-09 21:00:00",244,"Site 2",39.10245,-96.59987,335,893,16.77,884,17.17,831,18.16,860,19.22,0.299,0.284,0.219,0.25
"2023-10-09 22:00:00",245,"Site 2",39.10245,-96.59987,335,893,16.64,884,17.23,831,18.16,859,19.19,0.299,0.285,0.219,0.25
"2023-10-09 23:00:00",246,"Site 2",39.10245,-96.59987,335,893,16.45,884,17.26,831,18.16,859,19.17,0.299,0.285,0.219,0.25
"2023-10-10 00:00:00",247,"Site 2",39.10245,-96.59987,335,893,16.23,884,17.29,830,18.16,859,19.16,0.299,0.285,0.219,0.25
"2023-10-10 01:00:00",248,"Site 2",39.10245,-96.59987,335,893,15.99,884,17.29,830,18.17,859,19.15,0.299,0.285,0.219,0.25
"2023-10-10 02:00:00",249,"Site 2",39.10245,-96.59987,335,893,15.74,884,17.27,830,18.17,859,19.13,0.299,0.285,0.219,0.25
"2023-10-10 03:00:00",250,"Site 2",39.10245,-96.59987,335,893,15.51,884,17.24,830,18.19,859,19.12,0.299,0.285,0.219,0.25
"2023-10-10 04:00:00",251,"Site 2",39.10245,-96.59987,335,892,15.27,884,17.18,830,18.16,859,19.09,0.298,0.285,0.219,0.25
"2023-10-10 05:00:00",252,"Site 2",39.10245,-96.59987,335,892,15.03,884,17.12,830,18.16,859,19.09,0.298,0.284,0.219,0.249
"2023-10-10 06:00:00",253,"Site 2",39.10245,-96.59987,335,892,14.8,884,17.05,830,18.16,859,19.07,0.298,0.284,0.219,0.249
"2023-10-10 07:00:00",254,"Site 2",39.10245,-96.59987,335,892,14.59,884,16.97,830,18.13,859,19.06,0.298,0.284,0.219,0.249
"2023-10-10 08:00:00",255,"Site 2",39.10245,-96.59987,335,892,14.39,884,16.88,830,18.1,859,19.06,0.298,0.284,0.219,0.25
"2023-10-10 09:00:00",256,"Site 2",39.10245,-96.59987,335,892,14.19,884,16.78,830,18.09,859,19.04,0.297,0.284,0.219,0.249
"2023-10-10 10:00:00",257,"Site 2",39.10245,-96.59987,335,892,14.01,884,16.69,830,18.05,859,19.03,0.297,0.284,0.219,0.249
"2023-10-10 11:00:00",258,"Site 2",39.10245,-96.59987,335,892,13.89,884,16.59,830,18.03,859,19,0.297,0.284,0.219,0.249
"2023-10-10 12:00:00",259,"Site 2",39.10245,-96.59987,335,892,13.88,884,16.5,830,17.99,859,19,0.297,0.284,0.219,0.25
"2023-10-10 13:00:00",260,"Site 2",39.10245,-96.59987,335,892,14.01,883,16.42,830,17.95,859,18.97,0.297,0.283,0.219,0.25
"2023-10-10 14:00:00",261,"Site 2",39.10245,-96.59987,335,891,14.35,883,16.34,830,17.9,859,18.96,0.296,0.283,0.218,0.25
"2023-10-10 15:00:00",262,"Site 2",39.10245,-96.59987,335,891,14.84,883,16.3,830,17.85,859,18.94,0.296,0.283,0.218,0.25
"2023-10-10 16:00:00",263,"Site 2",39.10245,-96.59987,335,891,15.34,883,16.3,830,17.8,859,18.91,0.296,0.283,0.218,0.25
"2023-10-10 17:00:00",264,"Site 2",39.10245,-96.59987,335,891,15.74,883,16.32,830,17.77,859,18.88,0.296,0.283,0.218,0.25
"2023-10-10 18:00:00",265,"Site 2",39.10245,-96.59987,335,891,16.05,883,16.41,829,17.74,859,18.85,0.296,0.283,0.218,0.249
"2023-10-10 19:00:00",266,"Site 2",39.10245,-96.59987,335,891,16.28,883,16.47,829,17.71,859,18.83,0.296,0.283,0.218,0.249
"2023-10-10 20:00:00",267,"Site 2",39.10245,-96.59987,335,891,16.44,883,16.56,829,17.69,859,18.8,0.296,0.283,0.218,0.249
"2023-10-10 21:00:00",268,"Site 2",39.10245,-96.59987,335,891,16.51,883,16.66,829,17.69,859,18.78,0.296,0.283,0.218,0.249
"2023-10-10 22:00:00",269,"Site 2",39.10245,-96.59987,335,891,16.5,883,16.73,829,17.69,859,18.76,0.295,0.283,0.218,0.249
"2023-10-10 23:00:00",270,"Site 2",39.10245,-96.59987,335,891,16.47,883,16.81,829,17.69,859,18.73,0.295,0.283,0.218,0.249
"2023-10-11 00:00:00",271,"Site 2",39.10245,-96.59987,335,891,16.43,883,16.85,829,17.69,859,18.72,0.295,0.283,0.218,0.249
"2023-10-11 01:00:00",272,"Site 2",39.10245,-96.59987,335,890,16.39,883,16.9,829,17.69,859,18.69,0.295,0.283,0.218,0.249
"2023-10-11 02:00:00",273,"Site 2",39.10245,-96.59987,335,890,16.32,884,16.93,829,17.72,859,18.69,0.295,0.283,0.218,0.249
"2023-10-11 03:00:00",274,"Site 2",39.10245,-96.59987,335,890,16.25,884,16.96,829,17.72,859,18.67,0.295,0.284,0.218,0.249
"2023-10-11 04:00:00",275,"Site 2",39.10245,-96.59987,335,890,16.16,884,16.97,829,17.72,859,18.66,0.294,0.284,0.218,0.249
"2023-10-11 05:00:00",276,"Site 2",39.10245,-96.59987,335,890,16.03,884,16.97,829,17.75,859,18.66,0.294,0.284,0.218,0.249
"2023-10-11 06:00:00",277,"Site 2",39.10245,-96.59987,335,890,15.93,884,16.97,829,17.75,859,18.65,0.294,0.283,0.218,0.249
"2023-10-11 07:00:00",278,"Site 2",39.10245,-96.59987,335,890,15.81,883,16.96,829,17.75,859,18.63,0.294,0.283,0.218,0.249
"2023-10-11 08:00:00",279,"Site 2",39.10245,-96.59987,335,890,15.69,884,16.94,829,17.75,859,18.62,0.294,0.283,0.218,0.249
"2023-10-11 09:00:00",280,"Site 2",39.10245,-96.59987,335,890,15.56,883,16.91,829,17.75,859,18.62,0.294,0.283,0.218,0.249
"2023-10-11 10:00:00",281,"Site 2",39.10245,-96.59987,335,890,15.46,883,16.88,829,17.75,859,18.62,0.294,0.283,0.218,0.249
"2023-10-11 11:00:00",282,"Site 2",39.10245,-96.59987,335,890,15.44,883,16.84,829,17.75,859,18.6,0.294,0.283,0.218,0.249
"2023-10-11 12:00:00",283,"Site 2",39.10245,-96.59987,335,890,15.49,883,16.81,829,17.75,859,18.59,0.293,0.283,0.218,0.249
"2023-10-11 13:00:00",284,"Site 2",39.10245,-96.59987,335,890,15.7,883,16.78,829,17.72,859,18.59,0.293,0.283,0.217,0.249
"2023-10-11 14:00:00",285,"Site 2",39.10245,-96.59987,335,889,16.07,883,16.75,829,17.72,859,18.59,0.293,0.283,0.217,0.249
"2023-10-11 15:00:00",286,"Site 2",39.10245,-96.59987,335,889,16.56,883,16.78,829,17.71,859,18.57,0.293,0.283,0.218,0.249
"2023-10-11 16:00:00",287,"Site 2",39.10245,-96.59987,335,889,17.11,883,16.82,829,17.69,859,18.56,0.293,0.283,0.217,0.249
"2023-10-11 17:00:00",288,"Site 2",39.10245,-96.59987,335,889,17.63,883,16.91,828,17.69,859,18.56,0.292,0.283,0.217,0.249
"2023-10-11 18:00:00",289,"Site 2",39.10245,-96.59987,335,889,18.03,883,17.01,829,17.69,859,18.54,0.293,0.283,0.217,0.249
"2023-10-11 19:00:00",290,"Site 2",39.10245,-96.59987,335,889,18.32,883,17.15,828,17.69,859,18.53,0.292,0.283,0.217,0.249
"2023-10-11 20:00:00",291,"Site 2",39.10245,-96.59987,335,889,18.5,884,17.29,829,17.7,859,18.53,0.292,0.284,0.217,0.249
"2023-10-11 21:00:00",292,"Site 2",39.10245,-96.59987,335,889,18.58,884,17.43,828,17.73,859,18.53,0.292,0.283,0.217,0.249
"2023-10-11 22:00:00",293,"Site 2",39.10245,-96.59987,335,889,18.59,884,17.55,828,17.76,859,18.53,0.292,0.284,0.217,0.249
"2023-10-11 23:00:00",294,"Site 2",39.10245,-96.59987,335,889,18.56,884,17.66,828,17.79,859,18.51,0.292,0.284,0.217,0.249
"2023-10-12 00:00:00",295,"Site 2",39.10245,-96.59987,335,889,18.52,884,17.76,828,17.83,859,18.5,0.292,0.284,0.217,0.249
"2023-10-12 01:00:00",296,"Site 2",39.10245,-96.59987,335,889,18.47,884,17.84,828,17.88,859,18.53,0.292,0.284,0.217,0.249
"2023-10-12 02:00:00",297,"Site 2",39.10245,-96.59987,335,888,18.4,884,17.9,828,17.93,859,18.53,0.292,0.284,0.217,0.249
"2023-10-12 03:00:00",298,"Site 2",39.10245,-96.59987,335,888,18.35,884,17.95,828,17.96,859,18.53,0.291,0.284,0.217,0.249
"2023-10-12 04:00:00",299,"Site 2",39.10245,-96.59987,335,888,18.3,884,17.98,828,18,859,18.54,0.291,0.284,0.217,0.249
"2023-10-12 05:00:00",300,"Site 2",39.10245,-96.59987,335,888,18.28,884,18.02,828,18.04,859,18.56,0.291,0.284,0.217,0.249
"2023-10-12 06:00:00",301,"Site 2",39.10245,-96.59987,335,888,18.24,884,18.04,828,18.07,859,18.56,0.291,0.284,0.217,0.249
"2023-10-12 07:00:00",302,"Site 2",39.10245,-96.59987,335,888,18.2,884,18.06,828,18.1,859,18.58,0.291,0.284,0.217,0.249
"2023-10-12 08:00:00",303,"Site 2",39.10245,-96.59987,335,888,18.17,884,18.08,828,18.13,859,18.59,0.291,0.284,0.217,0.249
"2023-10-12 09:00:00",304,"Site 2",39.10245,-96.59987,335,888,18.1,884,18.09,828,18.17,859,18.6,0.29,0.284,0.217,0.249
"2023-10-12 10:00:00",305,"Site 2",39.10245,-96.59987,335,888,18.07,884,18.12,828,18.19,859,18.62,0.291,0.284,0.217,0.249
"2023-10-12 11:00:00",306,"Site 2",39.10245,-96.59987,335,888,18.04,884,18.13,828,18.21,859,18.62,0.29,0.284,0.217,0.249
"2023-10-12 12:00:00",307,"Site 2",39.10245,-96.59987,335,888,18.03,884,18.13,828,18.22,859,18.65,0.29,0.284,0.217,0.249
"2023-10-12 13:00:00",308,"Site 2",39.10245,-96.59987,335,888,18.03,884,18.13,828,18.25,859,18.66,0.29,0.284,0.217,0.249
"2023-10-12 14:00:00",309,"Site 2",39.10245,-96.59987,335,888,18.06,884,18.13,828,18.26,859,18.67,0.29,0.284,0.217,0.249
"2023-10-12 15:00:00",310,"Site 2",39.10245,-96.59987,335,887,18.08,884,18.13,828,18.28,859,18.69,0.29,0.284,0.217,0.249
"2023-10-12 16:00:00",311,"Site 2",39.10245,-96.59987,335,887,18.12,884,18.15,828,18.29,859,18.69,0.29,0.284,0.217,0.249
"2023-10-12 17:00:00",312,"Site 2",39.10245,-96.59987,335,887,18.14,884,18.16,828,18.31,859,18.69,0.29,0.284,0.217,0.249
"2023-10-12 18:00:00",313,"Site 2",39.10245,-96.59987,335,887,18.18,884,18.16,828,18.31,859,18.72,0.29,0.284,0.217,0.249
"2023-10-12 19:00:00",314,"Site 2",39.10245,-96.59987,335,887,18.21,884,18.19,828,18.33,859,18.72,0.289,0.284,0.217,0.249
"2023-10-12 20:00:00",315,"Site 2",39.10245,-96.59987,335,"NAN","NAN","NAN","NAN","NAN","NAN","NAN","NAN","NAN","NAN","NAN","NAN"
"2023-10-12 21:00:00",316,"Site 2",39.10245,-96.59987,335,887,18.19,884,18.22,828,18.34,860,18.73,0.289,0.284,0.217,0.25
"2023-10-12 22:00:00",317,"Site 2",39.10245,-96.59987,335,887,18.14,884,18.22,828,18.36,860,18.75,0.289,0.284,0.217,0.251
"2023-10-12 23:00:00",318,"Site 2",39.10245,-96.59987,335,887,18.08,884,18.22,828,18.37,860,18.75,0.289,0.284,0.217,0.25
"2023-10-13 00:00:00",319,"Site 2",39.10245,-96.59987,335,887,18.05,884,18.22,828,18.37,860,18.75,0.289,0.285,0.217,0.251
"2023-10-13 01:00:00",320,"Site 2",39.10245,-96.59987,335,887,18.03,884,18.22,828,18.41,860,18.76,0.289,0.284,0.217,0.251
"2023-10-13 02:00:00",321,"Site 2",39.10245,-96.59987,335,887,18.01,884,18.22,828,18.41,860,18.78,0.289,0.284,0.217,0.25
"2023-10-13 03:00:00",322,"Site 2",39.10245,-96.59987,335,887,17.98,884,18.22,828,18.41,860,18.78,0.289,0.284,0.217,0.251
"2023-10-13 04:00:00",323,"Site 2",39.10245,-96.59987,335,887,17.91,884,18.22,828,18.42,860,18.78,0.289,0.284,0.217,0.25
"2023-10-13 05:00:00",324,"Site 2",39.10245,-96.59987,335,887,17.77,884,18.22,828,18.44,860,18.78,0.289,0.284,0.217,0.251
"2023-10-13 06:00:00",325,"Site 2",39.10245,-96.59987,335,887,17.63,884,18.2,828,18.44,860,18.8,0.289,0.284,0.217,0.25
"2023-10-13 07:00:00",326,"Site 2",39.10245,-96.59987,335,887,17.44,884,18.19,828,18.44,860,18.81,0.289,0.285,0.217,0.251
"2023-10-13 08:00:00",327,"Site 2",39.10245,-96.59987,335,887,17.24,884,18.15,828,18.44,860,18.81,0.289,0.284,0.217,0.25
"2023-10-13 09:00:00",328,"Site 2",39.10245,-96.59987,335,887,17.01,884,18.12,828,18.44,860,18.81,0.288,0.284,0.217,0.251
"2023-10-13 10:00:00",329,"Site 2",39.10245,-96.59987,335,886,16.8,884,18.05,828,18.44,860,18.81,0.288,0.284,0.217,0.25
"2023-10-13 11:00:00",330,"Site 2",39.10245,-96.59987,335,886,16.62,884,17.99,828,18.44,860,18.81,0.288,0.284,0.217,0.25
"2023-10-13 12:00:00",331,"Site 2",39.10245,-96.59987,335,886,16.51,884,17.92,828,18.42,860,18.81,0.288,0.284,0.217,0.251
"2023-10-13 13:00:00",332,"Site 2",39.10245,-96.59987,335,886,16.48,884,17.84,828,18.41,860,18.81,0.288,0.284,0.217,0.251
"2023-10-13 14:00:00",333,"Site 2",39.10245,-96.59987,335,886,16.48,883,17.78,828,18.37,860,18.81,0.288,0.283,0.217,0.251
"2023-10-13 15:00:00",334,"Site 2",39.10245,-96.59987,335,886,16.51,884,17.72,828,18.37,860,18.81,0.288,0.284,0.216,0.251
"2023-10-13 16:00:00",335,"Site 2",39.10245,-96.59987,335,886,16.52,884,17.67,828,18.34,860,18.81,0.288,0.283,0.216,0.25
"2023-10-13 17:00:00",336,"Site 2",39.10245,-96.59987,335,886,16.51,883,17.64,828,18.32,860,18.81,0.288,0.283,0.216,0.25
"2023-10-13 18:00:00",337,"Site 2",39.10245,-96.59987,335,886,16.5,883,17.59,828,18.29,860,18.81,0.288,0.283,0.216,0.25
"2023-10-13 19:00:00",338,"Site 2",39.10245,-96.59987,335,886,16.45,883,17.56,827,18.27,860,18.79,0.288,0.283,0.216,0.25
"2023-10-13 20:00:00",339,"Site 2",39.10245,-96.59987,335,886,16.38,883,17.53,827,18.25,860,18.78,0.288,0.283,0.216,0.251
"2023-10-13 21:00:00",340,"Site 2",39.10245,-96.59987,335,886,16.26,883,17.5,827,18.22,860,18.78,0.288,0.283,0.216,0.25
"2023-10-13 22:00:00",341,"Site 2",39.10245,-96.59987,335,886,16.11,883,17.46,827,18.21,860,18.78,0.287,0.283,0.216,0.25
"2023-10-13 23:00:00",342,"Site 2",39.10245,-96.59987,335,886,15.97,883,17.42,827,18.18,860,18.75,0.287,0.283,0.216,0.25
"2023-10-14 00:00:00",343,"Site 2",39.10245,-96.59987,335,886,15.81,883,17.36,827,18.16,860,18.75,0.287,0.283,0.216,0.25
"2023-10-14 01:00:00",344,"Site 2",39.10245,-96.59987,335,886,15.66,883,17.31,827,18.14,860,18.73,0.287,0.283,0.216,0.25
"2023-10-14 02:00:00",345,"Site 2",39.10245,-96.59987,335,886,15.52,883,17.25,827,18.1,860,18.72,0.287,0.282,0.216,0.25
"2023-10-14 03:00:00",346,"Site 2",39.10245,-96.59987,335,886,15.41,883,17.19,827,18.08,860,18.72,0.287,0.282,0.216,0.25
"2023-10-14 04:00:00",347,"Site 2",39.10245,-96.59987,335,886,15.28,883,17.12,827,18.06,860,18.7,0.287,0.282,0.216,0.25
"2023-10-14 05:00:00",348,"Site 2",39.10245,-96.59987,335,886,15.19,883,17.05,827,18.03,860,18.68,0.287,0.282,0.216,0.25
"2023-10-14 06:00:00",349,"Site 2",39.10245,-96.59987,335,886,15.09,883,16.98,827,18,860,18.67,0.287,0.282,0.216,0.25
"2023-10-14 07:00:00",350,"Site 2",39.10245,-96.59987,335,886,15.01,882,16.92,827,17.96,860,18.66,0.287,0.282,0.216,0.25
"2023-10-14 08:00:00",351,"Site 2",39.10245,-96.59987,335,886,14.94,882,16.85,827,17.93,860,18.63,0.287,0.282,0.216,0.25
"2023-10-14 09:00:00",352,"Site 2",39.10245,-96.59987,335,886,14.86,882,16.79,827,17.9,860,18.62,0.287,0.282,0.216,0.25
"2023-10-14 10:00:00",353,"Site 2",39.10245,-96.59987,335,886,14.8,882,16.73,827,17.85,860,18.59,0.287,0.282,0.216,0.25
"2023-10-14 11:00:00",354,"Site 2",39.10245,-96.59987,335,885,14.76,882,16.68,827,17.81,860,18.58,0.286,0.282,0.216,0.25
"2023-10-14 12:00:00",355,"Site 2",39.10245,-96.59987,335,885,14.72,882,16.6,826,17.79,860,18.56,0.286,0.281,0.215,0.25
"2023-10-14 13:00:00",356,"Site 2",39.10245,-96.59987,335,885,14.74,882,16.56,827,17.74,860,18.53,0.287,0.281,0.216,0.25
"2023-10-14 14:00:00",357,"Site 2",39.10245,-96.59987,335,885,14.75,882,16.51,826,17.71,860,18.52,0.286,0.281,0.215,0.25
"2023-10-14 15:00:00",358,"Site 2",39.10245,-96.59987,335,885,14.78,882,16.47,826,17.68,860,18.5,0.286,0.281,0.215,0.25
"2023-10-14 16:00:00",359,"Site 2",39.10245,-96.59987,335,885,14.82,882,16.43,826,17.64,860,18.47,0.286,0.281,0.215,0.25
"2023-10-14 17:00:00",360,"Site 2",39.10245,-96.59987,335,885,14.86,882,16.41,826,17.59,860,18.46,0.286,0.281,0.215,0.25
"2023-10-14 18:00:00",361,"Site 2",39.10245,-96.59987,335,885,14.91,882,16.38,826,17.56,859,18.42,0.286,0.281,0.215,0.25
"2023-10-14 19:00:00",362,"Site 2",39.10245,-96.59987,335,885,14.94,882,16.34,826,17.52,859,18.41,0.286,0.281,0.215,0.25
"2023-10-14 20:00:00",363,"Site 2",39.10245,-96.59987,335,885,14.94,882,16.34,826,17.5,859,18.38,0.286,0.281,0.215,0.25
"2023-10-14 21:00:00",364,"Site 2",39.10245,-96.59987,335,885,14.93,882,16.33,826,17.47,859,18.36,0.286,0.281,0.215,0.25
"2023-10-14 22:00:00",365,"Site 2",39.10245,-96.59987,335,885,14.88,882,16.31,826,17.44,859,18.34,0.286,0.281,0.215,0.249
"2023-10-14 23:00:00",366,"Site 2",39.10245,-96.59987,335,885,14.84,882,16.29,826,17.42,859,18.31,0.286,0.28,0.215,0.25
"2023-10-15 00:00:00",367,"Site 2",39.10245,-96.59987,335,885,14.79,881,16.28,826,17.38,859,18.29,0.286,0.28,0.215,0.25
"2023-10-15 01:00:00",368,"Site 2",39.10245,-96.59987,335,885,14.73,882,16.26,826,17.36,859,18.28,0.286,0.28,0.215,0.249
"2023-10-15 02:00:00",369,"Site 2",39.10245,-96.59987,335,885,14.68,882,16.23,826,17.34,859,18.25,0.286,0.28,0.215,0.249
"2023-10-15 03:00:00",370,"Site 2",39.10245,-96.59987,335,885,14.62,881,16.2,826,17.31,859,18.23,0.285,0.28,0.215,0.249
"2023-10-15 04:00:00",371,"Site 2",39.10245,-96.59987,335,885,14.57,881,16.17,826,17.29,859,18.2,0.285,0.28,0.215,0.249
"2023-10-15 05:00:00",372,"Site 2",39.10245,-96.59987,335,885,14.52,881,16.13,825,17.27,859,18.19,0.285,0.28,0.215,0.249
"2023-10-15 06:00:00",373,"Site 2",39.10245,-96.59987,335,885,14.47,881,16.1,826,17.25,859,18.17,0.285,0.28,0.215,0.249
"2023-10-15 07:00:00",374,"Site 2",39.10245,-96.59987,335,885,14.41,881,16.07,825,17.23,859,18.16,0.285,0.28,0.215,0.249
"2023-10-15 08:00:00",375,"Site 2",39.10245,-96.59987,335,885,14.37,881,16.04,825,17.2,859,18.13,0.285,0.28,0.215,0.249
"2023-10-15 09:00:00",376,"Site 2",39.10245,-96.59987,335,884,14.29,881,16,825,17.18,859,18.1,0.285,0.28,0.215,0.249
"2023-10-15 10:00:00",377,"Site 2",39.10245,-96.59987,335,884,14.24,881,15.97,825,17.16,859,18.09,0.285,0.28,0.215,0.249
"2023-10-15 11:00:00",378,"Site 2",39.10245,-96.59987,335,884,14.19,881,15.93,825,17.12,859,18.06,0.285,0.28,0.214,0.249
"2023-10-15 12:00:00",379,"Site 2",39.10245,-96.59987,335,884,14.21,881,15.88,825,17.09,859,18.04,0.285,0.28,0.214,0.249
"2023-10-15 13:00:00",380,"Site 2",39.10245,-96.59987,335,884,14.28,881,15.86,825,17.07,859,18.03,0.285,0.28,0.214,0.249
"2023-10-15 14:00:00",381,"Site 2",39.10245,-96.59987,335,884,14.34,881,15.84,825,17.05,859,18,0.285,0.279,0.214,0.249
"2023-10-15 15:00:00",382,"Site 2",39.10245,-96.59987,335,884,14.44,881,15.81,825,17.02,859,17.99,0.284,0.279,0.214,0.249
"2023-10-15 16:00:00",383,"Site 2",39.10245,-96.59987,335,884,14.53,881,15.81,825,17,859,17.97,0.284,0.279,0.214,0.249
"2023-10-15 17:00:00",384,"Site 2",39.10245,-96.59987,335,884,14.59,881,15.79,825,16.97,859,17.95,0.284,0.279,0.214,0.249
"2023-10-15 18:00:00",385,"Site 2",39.10245,-96.59987,335,884,14.65,881,15.79,825,16.94,859,17.92,0.284,0.279,0.214,0.249
"2023-10-15 19:00:00",386,"Site 2",39.10245,-96.59987,335,884,14.66,881,15.8,825,16.93,859,17.9,0.284,0.279,0.214,0.249
"2023-10-15 20:00:00",387,"Site 2",39.10245,-96.59987,335,884,14.63,881,15.81,825,16.91,859,17.88,0.284,0.279,0.214,0.249
"2023-10-15 21:00:00",388,"Site 2",39.10245,-96.59987,335,884,14.58,881,15.81,825,16.88,859,17.85,0.284,0.279,0.214,0.249
"2023-10-15 22:00:00",389,"Site 2",39.10245,-96.59987,335,884,14.5,881,15.81,825,16.88,859,17.84,0.284,0.279,0.214,0.249
"2023-10-15 23:00:00",390,"Site 2",39.10245,-96.59987,335,884,14.41,881,15.78,825,16.87,859,17.82,0.284,0.279,0.214,0.249
"2023-10-16 00:00:00",391,"Site 2",39.10245,-96.59987,335,884,14.31,881,15.78,824,16.84,859,17.81,0.284,0.279,0.214,0.249
"2023-10-16 01:00:00",392,"Site 2",39.10245,-96.59987,335,884,14.22,881,15.75,825,16.83,859,17.78,0.284,0.279,0.214,0.249
"2023-10-16 02:00:00",393,"Site 2",39.10245,-96.59987,335,884,14.12,881,15.72,824,16.81,858,17.77,0.284,0.279,0.214,0.249
"2023-10-16 03:00:00",394,"Site 2",39.10245,-96.59987,335,884,13.95,881,15.69,824,16.8,858,17.75,0.284,0.279,0.214,0.248
"2023-10-16 04:00:00",395,"Site 2",39.10245,-96.59987,335,884,13.75,881,15.65,825,16.78,858,17.73,0.284,0.279,0.214,0.248
"2023-10-16 05:00:00",396,"Site 2",39.10245,-96.59987,335,883,13.54,881,15.6,824,16.77,858,17.72,0.283,0.279,0.214,0.248
"2023-10-16 06:00:00",397,"Site 2",39.10245,-96.59987,335,883,13.31,880,15.54,824,16.74,858,17.7,0.283,0.279,0.214,0.248
"2023-10-16 07:00:00",398,"Site 2",39.10245,-96.59987,335,883,13.07,880,15.47,824,16.72,858,17.69,0.283,0.278,0.214,0.248
"2023-10-16 08:00:00",399,"Site 2",39.10245,-96.59987,335,883,12.85,880,15.4,824,16.69,858,17.67,0.283,0.278,0.214,0.248
"2023-10-16 09:00:00",400,"Site 2",39.10245,-96.59987,335,883,12.63,880,15.31,824,16.66,858,17.66,0.283,0.278,0.214,0.248
"2023-10-16 10:00:00",401,"Site 2",39.10245,-96.59987,335,883,12.41,880,15.21,824,16.63,858,17.63,0.283,0.278,0.213,0.248
"2023-10-16 11:00:00",402,"Site 2",39.10245,-96.59987,335,883,12.25,880,15.11,824,16.58,858,17.62,0.283,0.278,0.213,0.248
"2023-10-16 12:00:00",403,"Site 2",39.10245,-96.59987,335,883,12.19,880,15,824,16.54,858,17.59,0.283,0.278,0.213,0.248
"2023-10-16 13:00:00",404,"Site 2",39.10245,-96.59987,335,883,12.24,880,14.91,824,16.51,858,17.56,0.283,0.278,0.213,0.248
"2023-10-16 14:00:00",405,"Site 2",39.10245,-96.59987,335,883,12.48,880,14.82,824,16.46,858,17.54,0.283,0.277,0.213,0.248
"2023-10-16 15:00:00",406,"Site 2",39.10245,-96.59987,335,883,12.82,880,14.76,824,16.42,858,17.53,0.282,0.277,0.213,0.248
"2023-10-16 16:00:00",407,"Site 2",39.10245,-96.59987,335,883,13.22,880,14.74,824,16.37,858,17.5,0.282,0.277,0.213,0.248
"2023-10-16 17:00:00",408,"Site 2",39.10245,-96.59987,335,883,13.58,880,14.73,824,16.32,858,17.47,0.282,0.277,0.213,0.248
"2023-10-16 18:00:00",409,"Site 2",39.10245,-96.59987,335,883,13.88,879,14.77,824,16.27,858,17.44,0.282,0.277,0.213,0.248
"2023-10-16 19:00:00",410,"Site 2",39.10245,-96.59987,335,883,14.09,879,14.8,824,16.24,858,17.42,0.282,0.277,0.213,0.248
"2023-10-16 20:00:00",411,"Site 2",39.10245,-96.59987,335,883,14.2,880,14.86,823,16.2,858,17.38,0.282,0.277,0.213,0.248
"2023-10-16 21:00:00",412,"Site 2",39.10245,-96.59987,335,882,14.19,879,14.93,823,16.19,858,17.36,0.282,0.277,0.213,0.248
"2023-10-16 22:00:00",413,"Site 2",39.10245,-96.59987,335,882,14.08,879,14.99,823,16.17,858,17.33,0.282,0.277,0.213,0.248
"2023-10-16 23:00:00",414,"Site 2",39.10245,-96.59987,335,882,13.93,880,15.02,823,16.16,858,17.3,0.282,0.277,0.213,0.248
"2023-10-17 00:00:00",415,"Site 2",39.10245,-96.59987,335,882,13.72,880,15.04,823,16.16,858,17.28,0.282,0.277,0.213,0.248
"2023-10-17 01:00:00",416,"Site 2",39.10245,-96.59987,335,882,13.52,880,15.04,823,16.16,858,17.25,0.282,0.277,0.213,0.248
"2023-10-17 02:00:00",417,"Site 2",39.10245,-96.59987,335,882,13.3,880,15.03,823,16.16,858,17.24,0.281,0.277,0.213,0.247
"2023-10-17 03:00:00",418,"Site 2",39.10245,-96.59987,335,882,13.08,880,14.99,823,16.16,858,17.22,0.281,0.277,0.213,0.248
"2023-10-17 04:00:00",419,"Site 2",39.10245,-96.59987,335,882,12.85,879,14.95,823,16.12,858,17.21,0.281,0.277,0.213,0.248
"2023-10-17 05:00:00",420,"Site 2",39.10245,-96.59987,335,882,12.63,879,14.88,823,16.12,858,17.19,0.281,0.277,0.213,0.247
"2023-10-17 06:00:00",421,"Site 2",39.10245,-96.59987,335,882,12.41,879,14.81,823,16.1,857,17.17,0.281,0.277,0.213,0.247
"2023-10-17 07:00:00",422,"Site 2",39.10245,-96.59987,335,882,12.18,879,14.75,823,16.09,857,17.16,0.281,0.277,0.213,0.247
"2023-10-17 08:00:00",423,"Site 2",39.10245,-96.59987,335,882,11.97,879,14.66,823,16.06,857,17.13,0.281,0.277,0.213,0.247
"2023-10-17 09:00:00",424,"Site 2",39.10245,-96.59987,335,882,11.78,879,14.56,823,16.03,857,17.12,0.281,0.277,0.213,0.247
"2023-10-17 10:00:00",425,"Site 2",39.10245,-96.59987,335,882,11.59,879,14.47,823,16,858,17.09,0.281,0.277,0.213,0.248
"2023-10-17 11:00:00",426,"Site 2",39.10245,-96.59987,335,882,11.47,879,14.38,823,15.96,857,17.08,0.281,0.276,0.212,0.247
"2023-10-17 12:00:00",427,"Site 2",39.10245,-96.59987,335,882,11.45,879,14.28,823,15.92,857,17.06,0.281,0.276,0.212,0.247
"2023-10-17 13:00:00",428,"Site 2",39.10245,-96.59987,335,882,11.57,879,14.19,823,15.88,858,17.03,0.28,0.276,0.212,0.247
"2023-10-17 14:00:00",429,"Site 2",39.10245,-96.59987,335,881,11.92,879,14.12,823,15.83,857,17.02,0.28,0.276,0.212,0.247
"2023-10-17 15:00:00",430,"Site 2",39.10245,-96.59987,335,881,12.4,878,14.07,823,15.79,857,16.99,0.28,0.276,0.212,0.247
"2023-10-17 16:00:00",431,"Site 2",39.10245,-96.59987,335,881,12.94,878,14.06,822,15.74,858,16.97,0.28,0.276,0.212,0.248
"2023-10-17 17:00:00",432,"Site 2",39.10245,-96.59987,335,881,13.44,878,14.09,822,15.7,857,16.94,0.28,0.275,0.212,0.247
"2023-10-17 18:00:00",433,"Site 2",39.10245,-96.59987,335,881,13.88,879,14.16,822,15.67,857,16.92,0.28,0.276,0.212,0.247
"2023-10-17 19:00:00",434,"Site 2",39.10245,-96.59987,335,881,14.19,878,14.25,822,15.64,857,16.9,0.28,0.276,0.212,0.247
"2023-10-17 20:00:00",435,"Site 2",39.10245,-96.59987,335,881,14.42,879,14.38,822,15.63,857,16.87,0.28,0.276,0.212,0.247
"2023-10-17 21:00:00",436,"Site 2",39.10245,-96.59987,335,881,14.5,879,14.48,822,15.63,857,16.83,0.28,0.276,0.212,0.247
"2023-10-17 22:00:00",437,"Site 2",39.10245,-96.59987,335,881,14.48,879,14.58,822,15.59,857,16.81,0.28,0.276,0.212,0.247
"2023-10-17 23:00:00",438,"Site 2",39.10245,-96.59987,335,881,14.42,879,14.67,822,15.62,857,16.78,0.28,0.276,0.212,0.247
"2023-10-18 00:00:00",439,"Site 2",39.10245,-96.59987,335,881,14.33,879,14.74,822,15.63,857,16.76,0.279,0.276,0.212,0.247
"2023-10-18 01:00:00",440,"Site 2",39.10245,-96.59987,335,881,14.25,879,14.8,822,15.65,857,16.75,0.28,0.276,0.212,0.247
"2023-10-18 02:00:00",441,"Site 2",39.10245,-96.59987,335,881,14.19,879,14.83,822,15.66,857,16.74,0.28,0.276,0.212,0.247
"2023-10-18 03:00:00",442,"Site 2",39.10245,-96.59987,335,881,14.09,879,14.85,822,15.67,857,16.72,0.279,0.276,0.212,0.247
"2023-10-18 04:00:00",443,"Site 2",39.10245,-96.59987,335,881,14.03,879,14.87,822,15.69,857,16.72,0.279,0.276,0.212,0.247
"2023-10-18 05:00:00",444,"Site 2",39.10245,-96.59987,335,881,13.96,879,14.87,822,15.7,857,16.72,0.279,0.276,0.212,0.247
"2023-10-18 06:00:00",445,"Site 2",39.10245,-96.59987,335,881,13.9,879,14.87,822,15.72,857,16.71,0.279,0.276,0.212,0.247
"2023-10-18 07:00:00",446,"Site 2",39.10245,-96.59987,335,881,13.84,879,14.87,822,15.72,857,16.69,0.279,0.276,0.212,0.247
"2023-10-18 08:00:00",447,"Site 2",39.10245,-96.59987,335,881,13.79,879,14.87,822,15.73,857,16.69,0.279,0.277,0.212,0.247
"2023-10-18 09:00:00",448,"Site 2",39.10245,-96.59987,335,880,13.72,879,14.85,822,15.72,857,16.69,0.279,0.276,0.212,0.247
"2023-10-18 10:00:00",449,"Site 2",39.10245,-96.59987,335,881,13.62,879,14.84,822,15.75,857,16.69,0.279,0.276,0.212,0.247
"2023-10-18 11:00:00",450,"Site 2",39.10245,-96.59987,335,880,13.59,879,14.82,822,15.73,857,16.69,0.279,0.276,0.212,0.247
"2023-10-18 12:00:00",451,"Site 2",39.10245,-96.59987,335,880,13.63,879,14.81,822,15.73,857,16.68,0.279,0.276,0.212,0.247
"2023-10-18 13:00:00",452,"Site 2",39.10245,-96.59987,335,880,13.69,879,14.79,822,15.73,857,16.66,0.279,0.276,0.212,0.247
"2023-10-18 14:00:00",453,"Site 2",39.10245,-96.59987,335,880,13.75,879,14.78,822,15.73,857,16.66,0.278,0.276,0.212,0.247
"2023-10-18 15:00:00",454,"Site 2",39.10245,-96.59987,335,880,13.87,879,14.78,822,15.72,857,16.66,0.279,0.276,0.212,0.247
"2023-10-18 16:00:00",455,"Site 2",39.10245,-96.59987,335,880,14,879,14.78,822,15.72,857,16.66,0.278,0.276,0.212,0.247
"2023-10-18 17:00:00",456,"Site 2",39.10245,-96.59987,335,880,14.16,879,14.8,822,15.72,857,16.66,0.278,0.276,0.212,0.247
"2023-10-18 18:00:00",457,"Site 2",39.10245,-96.59987,335,880,14.38,879,14.81,822,15.71,857,16.64,0.278,0.276,0.212,0.247
"2023-10-18 19:00:00",458,"Site 2",39.10245,-96.59987,335,880,14.52,879,14.85,822,15.71,857,16.63,0.278,0.276,0.212,0.247
"2023-10-18 20:00:00",459,"Site 2",39.10245,-96.59987,335,880,14.63,879,14.9,822,15.71,857,16.63,0.278,0.276,0.212,0.247
"2023-10-18 21:00:00",460,"Site 2",39.10245,-96.59987,335,880,14.63,879,14.95,822,15.72,857,16.63,0.278,0.276,0.212,0.247
"2023-10-18 22:00:00",461,"Site 2",39.10245,-96.59987,335,880,14.56,879,14.99,822,15.72,857,16.63,0.278,0.276,0.212,0.247
"2023-10-18 23:00:00",462,"Site 2",39.10245,-96.59987,335,880,14.45,879,15.03,822,15.72,857,16.62,0.278,0.276,0.212,0.247
"2023-10-19 00:00:00",463,"Site 2",39.10245,-96.59987,335,880,14.32,879,15.05,822,15.73,857,16.59,0.278,0.276,0.212,0.246
"2023-10-19 01:00:00",464,"Site 2",39.10245,-96.59987,335,880,14.17,879,15.06,822,15.74,857,16.59,0.278,0.276,0.212,0.247
"2023-10-19 02:00:00",465,"Site 2",39.10245,-96.59987,335,880,14,879,15.06,822,15.75,857,16.59,0.278,0.276,0.212,0.247
"2023-10-19 03:00:00",466,"Site 2",39.10245,-96.59987,335,880,13.81,879,15.03,822,15.75,857,16.59,0.278,0.276,0.212,0.247
"2023-10-19 04:00:00",467,"Site 2",39.10245,-96.59987,335,880,13.64,879,15.01,822,15.75,857,16.59,0.277,0.276,0.212,0.246
"2023-10-19 05:00:00",468,"Site 2",39.10245,-96.59987,335,879,13.46,879,14.96,822,15.75,857,16.59,0.277,0.276,0.212,0.246
"2023-10-19 06:00:00",469,"Site 2",39.10245,-96.59987,335,879,13.28,879,14.92,822,15.76,857,16.59,0.277,0.276,0.212,0.247
"2023-10-19 07:00:00",470,"Site 2",39.10245,-96.59987,335,879,13.1,878,14.86,822,15.75,857,16.59,0.277,0.276,0.212,0.247
"2023-10-19 08:00:00",471,"Site 2",39.10245,-96.59987,335,879,12.96,878,14.8,822,15.75,857,16.59,0.277,0.276,0.212,0.246
"2023-10-19 09:00:00",472,"Site 2",39.10245,-96.59987,335,879,12.84,879,14.74,822,15.74,857,16.57,0.277,0.276,0.211,0.247
"2023-10-19 10:00:00",473,"Site 2",39.10245,-96.59987,335,879,12.75,878,14.68,822,15.72,857,16.57,0.277,0.275,0.211,0.247
"2023-10-19 11:00:00",474,"Site 2",39.10245,-96.59987,335,879,12.69,878,14.6,822,15.7,857,16.56,0.277,0.275,0.212,0.247
"2023-10-19 12:00:00",475,"Site 2",39.10245,-96.59987,335,879,12.73,878,14.55,821,15.69,857,16.56,0.277,0.275,0.211,0.247
"2023-10-19 13:00:00",476,"Site 2",39.10245,-96.59987,335,879,12.88,878,14.5,822,15.66,857,16.55,0.277,0.275,0.211,0.247
"2023-10-19 14:00:00",477,"Site 2",39.10245,-96.59987,335,879,13.16,878,14.46,821,15.64,857,16.53,0.276,0.275,0.211,0.247
"2023-10-19 15:00:00",478,"Site 2",39.10245,-96.59987,335,879,13.55,878,14.44,821,15.6,857,16.53,0.276,0.275,0.211,0.246
"2023-10-19 16:00:00",479,"Site 2",39.10245,-96.59987,335,879,13.97,878,14.45,821,15.57,857,16.52,0.276,0.275,0.211,0.247
"2023-10-19 17:00:00",480,"Site 2",39.10245,-96.59987,335,879,14.38,878,14.49,821,15.56,857,16.5,0.276,0.275,0.211,0.247
"2023-10-19 18:00:00",481,"Site 2",39.10245,-96.59987,335,879,14.71,878,14.56,821,15.53,857,16.5,0.276,0.275,0.211,0.246
"2023-10-19 19:00:00",482,"Site 2",39.10245,-96.59987,335,879,14.96,878,14.64,821,15.53,857,16.47,0.276,0.275,0.211,0.246
"2023-10-19 20:00:00",483,"Site 2",39.10245,-96.59987,335,879,15.11,878,14.75,821,15.53,857,16.47,0.276,0.275,0.211,0.246
"2023-10-19 21:00:00",484,"Site 2",39.10245,-96.59987,335,879,15.15,878,14.84,821,15.53,857,16.46,0.276,0.275,0.211,0.246
"2023-10-19 22:00:00",485,"Site 2",39.10245,-96.59987,335,879,15.07,878,14.94,821,15.53,857,16.44,0.276,0.276,0.211,0.246
"2023-10-19 23:00:00",486,"Site 2",39.10245,-96.59987,335,879,14.96,878,15,821,15.56,857,16.44,0.276,0.275,0.211,0.246
"2023-10-20 00:00:00",487,"Site 2",39.10245,-96.59987,335,879,14.81,878,15.06,821,15.57,857,16.43,0.276,0.276,0.211,0.246
"2023-10-20 01:00:00",488,"Site 2",39.10245,-96.59987,335,878,14.66,878,15.09,821,15.59,857,16.43,0.276,0.276,0.211,0.246
"2023-10-20 02:00:00",489,"Site 2",39.10245,-96.59987,335,878,14.47,878,15.1,821,15.62,857,16.42,0.276,0.276,0.211,0.246
"2023-10-20 03:00:00",490,"Site 2",39.10245,-96.59987,335,878,14.29,878,15.1,821,15.63,857,16.41,0.275,0.276,0.211,0.246
"2023-10-20 04:00:00",491,"Site 2",39.10245,-96.59987,335,878,14.09,878,15.09,821,15.66,857,16.42,0.275,0.276,0.211,0.246
"2023-10-20 05:00:00",492,"Site 2",39.10245,-96.59987,335,878,13.94,878,15.07,821,15.66,857,16.42,0.275,0.276,0.211,0.246
"2023-10-20 06:00:00",493,"Site 2",39.10245,-96.59987,335,878,13.74,878,15.04,821,15.68,857,16.44,0.275,0.275,0.211,0.246
"2023-10-20 07:00:00",494,"Site 2",39.10245,-96.59987,335,878,13.56,878,14.99,821,15.69,857,16.42,0.275,0.276,0.211,0.246
"2023-10-20 08:00:00",495,"Site 2",39.10245,-96.59987,335,878,13.37,878,14.95,821,15.69,857,16.43,0.275,0.275,0.211,0.246
"2023-10-20 09:00:00",496,"Site 2",39.10245,-96.59987,335,878,13.22,878,14.88,821,15.69,857,16.43,0.275,0.275,0.211,0.246
"2023-10-20 10:00:00",497,"Site 2",39.10245,-96.59987,335,878,13.05,878,14.82,821,15.68,857,16.42,0.275,0.275,0.211,0.246
"2023-10-20 11:00:00",498,"Site 2",39.10245,-96.59987,335,878,12.94,878,14.76,821,15.66,857,16.44,0.275,0.275,0.211,0.246
"2023-10-20 12:00:00",499,"Site 2",39.10245,-96.59987,335,"NAN","NAN","NAN","NAN","NAN","NAN","NAN","NAN","NAN","NAN","NAN","NAN"
"2023-10-20 13:00:00",500,"Site 2",39.10245,-96.59987,335,878,13.06,878,14.62,821,15.63,857,16.43,0.275,0.275,0.211,0.246
"2023-10-20 14:00:00",501,"Site 2",39.10245,-96.59987,335,"NAN","NAN","NAN","NAN","NAN","NAN","NAN","NAN","NAN","NAN","NAN","NAN"
"2023-10-20 15:00:00",502,"Site 2",39.10245,-96.59987,335,878,13.81,878,14.56,821,15.59,857,16.41,0.274,0.275,0.211,0.247
"2023-10-20 16:00:00",503,"Site 2",39.10245,-96.59987,335,877,14.3,878,14.57,821,15.56,857,16.4,0.274,0.275,0.211,0.247
"2023-10-20 17:00:00",504,"Site 2",39.10245,-96.59987,335,877,14.77,878,14.61,821,15.54,857,16.4,0.274,0.275,0.211,0.247
"2023-10-20 18:00:00",505,"Site 2",39.10245,-96.59987,335,"NAN","NAN","NAN","NAN","NAN","NAN","NAN","NAN","NAN","NAN","NAN","NAN"
"2023-10-20 19:00:00",506,"Site 2",39.10245,-96.59987,335,877,15.47,878,14.79,821,15.53,857,16.38,0.274,0.275,0.211,0.246
"2023-10-20 20:00:00",507,"Site 2",39.10245,-96.59987,335,877,15.66,878,14.91,821,15.53,857,16.38,0.274,0.275,0.211,0.246
"2023-10-20 21:00:00",508,"Site 2",39.10245,-96.59987,335,877,15.68,878,15.02,821,15.53,857,16.35,0.274,0.275,0.211,0.246
"2023-10-20 22:00:00",509,"Site 2",39.10245,-96.59987,335,877,15.62,878,15.13,821,15.55,857,16.34,0.274,0.275,0.211,0.246
"2023-10-20 23:00:00",510,"Site 2",39.10245,-96.59987,335,877,15.48,878,15.22,821,15.56,857,16.34,0.274,0.275,0.211,0.246
"2023-10-21 00:00:00",511,"Site 2",39.10245,-96.59987,335,877,15.31,878,15.27,821,15.59,857,16.34,0.274,0.275,0.211,0.246
"2023-10-21 01:00:00",512,"Site 2",39.10245,-96.59987,335,877,15.16,878,15.31,821,15.63,857,16.34,0.274,0.276,0.211,0.246
"2023-10-21 02:00:00",513,"Site 2",39.10245,-96.59987,335,877,14.97,878,15.34,821,15.65,857,16.34,0.274,0.275,0.211,0.246
"2023-10-21 03:00:00",514,"Site 2",39.10245,-96.59987,335,877,14.78,878,15.34,821,15.69,856,16.34,0.273,0.276,0.211,0.246
"2023-10-21 04:00:00",515,"Site 2",39.10245,-96.59987,335,877,14.62,878,15.34,821,15.7,856,16.34,0.273,0.275,0.211,0.246
"2023-10-21 05:00:00",516,"Site 2",39.10245,-96.59987,335,877,14.44,878,15.32,821,15.72,856,16.34,0.273,0.275,0.211,0.246
"2023-10-21 06:00:00",517,"Site 2",39.10245,-96.59987,335,877,14.25,878,15.29,821,15.74,856,16.35,0.273,0.275,0.211,0.246
"2023-10-21 07:00:00",518,"Site 2",39.10245,-96.59987,335,877,14.06,878,15.26,821,15.75,856,16.38,0.273,0.275,0.211,0.246
"2023-10-21 08:00:00",519,"Site 2",39.10245,-96.59987,335,877,13.91,878,15.21,821,15.75,856,16.38,0.273,0.275,0.211,0.246
"2023-10-21 09:00:00",520,"Site 2",39.10245,-96.59987,335,877,13.72,878,15.15,821,15.75,856,16.38,0.273,0.275,0.211,0.246
"2023-10-21 10:00:00",521,"Site 2",39.10245,-96.59987,335,877,13.55,878,15.09,821,15.75,857,16.38,0.273,0.275,0.211,0.246
"2023-10-21 11:00:00",522,"Site 2",39.10245,-96.59987,335,877,13.42,878,15.03,821,15.75,857,16.38,0.273,0.275,0.211,0.246
"2023-10-21 12:00:00",523,"Site 2",39.10245,-96.59987,335,877,13.41,878,14.97,821,15.74,857,16.39,0.273,0.275,0.211,0.246
"2023-10-21 13:00:00",524,"Site 2",39.10245,-96.59987,335,876,13.53,878,14.91,821,15.72,857,16.38,0.273,0.275,0.211,0.246
"2023-10-21 14:00:00",525,"Site 2",39.10245,-96.59987,335,876,13.81,878,14.85,821,15.71,857,16.39,0.273,0.275,0.211,0.246
