"TOA5","CR300-23666","CR300","23666","CR300-CELL205.Std.10.02","CPU:Testbed_code_site_3.CR300","28349","Table_Teros12"
"TIMESTAMP","RECORD","station","latitude","longitude","altitude","Teros12_VWC_5_Avg","Teros12_Perm_5_Avg","Teros12_RAW_5_Avg","Teros12_Temp_5_Avg","Teros12_EC_5_Avg","Teros12_VWC_20_Avg","Teros12_Perm_20_Avg","Teros12_RAW_20_Avg","Teros12_Temp_20_Avg","Teros12_EC_20_Avg","Teros12_VWC_40_Avg","Teros12_Perm_40_Avg","Teros12_RAW_40_Avg","Teros12_Temp_40_Avg","Teros12_EC_40_Avg"
"TS","RN","name","decdegrees","decdegrees","m","m^3/m^3","unitless","unitless","Deg c","dS/m","m^3/m^3","unitless","unitless","Deg c","dS/m","m^3/m^3","unitless","unitless","Deg c","dS/m"
"","","Smp","Smp","Smp","Smp","Avg","Avg","Avg","Avg","Avg","Avg","Avg","Avg","Avg","Avg","Avg","Avg","Avg","Avg","Avg"
"2022-10-06 11:00:00",0,"Site 3",39.10367,-96.60065,335,0.132,6.39,2132,17.27,17.67,0.257,12.22,2457,17.73,229.7,0.271,12.94,2492,18.4,286.7
"2022-10-06 12:00:00",1,"Site 3",39.10367,-96.60065,335,0.129,6.285,2126,18.45,14,0.256,12.13,2452,17.7,228.5,0.27,12.89,2490,18.3,288.5
"2022-10-06 13:00:00",2,"Site 3",39.10367,-96.60065,335,0.129,6.268,2125,19.1,14.67,0.256,12.13,2452,17.8,229.3,0.27,12.87,2489,18.3,286.7
"2022-10-06 14:00:00",3,"Site 3",39.10367,-96.60065,335,0.129,6.266,2125,19.6,15,0.256,12.13,2452,17.9,231,0.27,12.87,2489,18.3,286
"2022-10-06 15:00:00",4,"Site 3",39.10367,-96.60065,335,0.128,6.252,2124,20,14.67,0.255,12.11,2451,18.07,231,0.27,12.86,2488,18.27,284.3
"2022-10-06 16:00:00",5,"Site 3",39.10367,-96.60065,335,0.128,6.24,2124,20.4,14.67,0.255,12.11,2451,18.2,229.7,0.27,12.89,2490,18.2,286
"2022-10-06 17:00:00",6,"Site 3",39.10367,-96.60065,335,0.129,6.258,2125,20.97,15,0.255,12.1,2451,18.37,231.3,0.269,12.85,2488,18.2,282
"2022-10-06 18:00:00",7,"Site 3",39.10367,-96.60065,335,0.128,6.242,2124,20.9,14.67,0.255,12.09,2450,18.53,232.3,0.269,12.85,2488,18.2,279.3
"2022-10-06 19:00:00",8,"Site 3",39.10367,-96.60065,335,0.128,6.243,2124,20.5,14.33,0.255,12.09,2450,18.67,230.3,0.269,12.85,2488,18.2,284
"2022-10-06 20:00:00",9,"Site 3",39.10367,-96.60065,335,0.128,6.243,2124,19.97,14.33,0.255,12.08,2450,18.8,229,0.27,12.85,2488,18.2,282.3
"2022-10-06 21:00:00",10,"Site 3",39.10367,-96.60065,335,0.128,6.225,2123,19.43,14,0.255,12.08,2450,18.83,232.3,0.269,12.84,2488,18.2,285.3
"2022-10-06 22:00:00",11,"Site 3",39.10367,-96.60065,335,0.128,6.247,2124,18.97,14,0.255,12.07,2449,18.9,230.7,0.269,12.85,2488,18.23,282.3
"2022-10-06 23:00:00",12,"Site 3",39.10367,-96.60065,335,0.128,6.237,2123,18.5,14,0.255,12.08,2450,18.8,229.7,0.27,12.85,2488,18.3,287.7
"2022-10-07 00:00:00",13,"Site 3",39.10367,-96.60065,335,0.128,6.254,2124,18.07,14,0.255,12.08,2450,18.8,230.3,0.27,12.86,2488,18.3,285.3
"2022-10-07 01:00:00",14,"Site 3",39.10367,-96.60065,335,0.128,6.233,2123,17.67,14,0.255,12.08,2450,18.7,229,0.27,12.87,2489,18.3,286.3
"2022-10-07 02:00:00",15,"Site 3",39.10367,-96.60065,335,0.128,6.24,2124,17.23,14,0.255,12.08,2450,18.63,231.3,0.27,12.87,2489,18.3,286.3
"2022-10-07 03:00:00",16,"Site 3",39.10367,-96.60065,335,0.128,6.234,2123,16.87,14,0.255,12.08,2450,18.53,231,0.27,12.87,2489,18.3,287
"2022-10-07 04:00:00",17,"Site 3",39.10367,-96.60065,335,0.128,6.234,2123,16.5,14,0.255,12.08,2450,18.4,228.7,0.27,12.87,2489,18.3,286
"2022-10-07 05:00:00",18,"Site 3",39.10367,-96.60065,335,0.128,6.236,2123,16.2,14,0.255,12.08,2450,18.27,230.3,0.27,12.87,2489,18.3,286
"2022-10-07 06:00:00",19,"Site 3",39.10367,-96.60065,335,0.128,6.237,2123,15.9,14,0.255,12.09,2450,18.13,229.3,0.27,12.87,2489,18.3,288.7
"2022-10-07 07:00:00",20,"Site 3",39.10367,-96.60065,335,0.128,6.243,2124,15.57,14,0.255,12.09,2450,18.03,230,0.27,12.87,2489,18.3,288.7
"2022-10-07 08:00:00",21,"Site 3",39.10367,-96.60065,335,0.128,6.252,2124,15.37,14,0.255,12.09,2450,17.87,230,0.27,12.88,2490,18.3,285.7
"2022-10-07 09:00:00",22,"Site 3",39.10367,-96.60065,335,0.128,6.238,2123,15.4,14,0.255,12.1,2451,17.73,229.7,0.27,12.88,2489,18.3,286
"2022-10-07 10:00:00",23,"Site 3",39.10367,-96.60065,335,0.129,6.258,2125,15.5,14,0.255,12.1,2451,17.63,229.3,0.27,12.88,2489,18.3,288
"2022-10-07 11:00:00",24,"Site 3",39.10367,-96.60065,335,0.129,6.261,2125,15.43,14,0.255,12.1,2451,17.53,229.7,0.27,12.88,2490,18.27,286.7
"2022-10-07 12:00:00",25,"Site 3",39.10367,-96.60065,335,0.128,6.246,2124,15.5,14,0.255,12.1,2450,17.43,226,0.27,12.88,2489,18.2,287.7
"2022-10-07 13:00:00",26,"Site 3",39.10367,-96.60065,335,0.128,6.242,2124,15.7,14,0.255,12.09,2450,17.37,227,0.27,12.88,2490,18.2,285.7
"2022-10-07 14:00:00",27,"Site 3",39.10367,-96.60065,335,0.128,6.236,2123,15.67,14,0.255,12.1,2450,17.3,227,0.27,12.89,2490,18.13,286.7
"2022-10-07 15:00:00",28,"Site 3",39.10367,-96.60065,335,0.129,6.264,2125,15.53,14,0.255,12.09,2450,17.23,229,0.27,12.88,2489,18.1,287
"2022-10-07 16:00:00",29,"Site 3",39.10367,-96.60065,335,0.128,6.248,2124,15.57,12,0.255,12.09,2450,17.2,228.3,0.27,12.88,2490,18.1,283.7
"2022-10-07 17:00:00",30,"Site 3",39.10367,-96.60065,335,0.128,6.254,2124,15.6,12,0.255,12.1,2451,17.13,228.7,0.27,12.88,2490,18.1,283.3
"2022-10-07 18:00:00",31,"Site 3",39.10367,-96.60065,335,0.129,6.267,2125,15.5,12,0.255,12.1,2451,17.1,229.3,0.27,12.89,2490,18,286.3
"2022-10-07 19:00:00",32,"Site 3",39.10367,-96.60065,335,0.128,6.237,2123,15.3,12,0.255,12.1,2450,17.07,228.7,0.27,12.89,2490,18,282
"2022-10-07 20:00:00",33,"Site 3",39.10367,-96.60065,335,0.128,6.252,2124,14.87,12,0.255,12.09,2450,17,224.7,0.27,12.89,2490,17.97,283.3
"2022-10-07 21:00:00",34,"Site 3",39.10367,-96.60065,335,0.128,6.25,2124,14.43,12,0.255,12.09,2450,16.93,228,0.27,12.89,2490,17.9,283.3
"2022-10-07 22:00:00",35,"Site 3",39.10367,-96.60065,335,0.129,6.259,2125,14.1,12,0.255,12.1,2451,16.83,228,0.27,12.89,2490,17.9,287
"2022-10-07 23:00:00",36,"Site 3",39.10367,-96.60065,335,0.129,6.27,2125,13.87,12,0.255,12.1,2451,16.73,228.3,0.27,12.9,2490,17.9,288
"2022-10-08 00:00:00",37,"Site 3",39.10367,-96.60065,335,0.129,6.266,2125,13.73,12,0.255,12.1,2451,16.63,227,0.27,12.89,2490,17.83,287
"2022-10-08 01:00:00",38,"Site 3",39.10367,-96.60065,335,0.128,6.243,2124,13.67,12,0.255,12.1,2451,16.53,226.7,0.27,12.89,2490,17.8,288
"2022-10-08 02:00:00",39,"Site 3",39.10367,-96.60065,335,0.129,6.258,2125,13.6,12,0.255,12.11,2451,16.4,226.3,0.27,12.89,2490,17.8,288.3
"2022-10-08 03:00:00",40,"Site 3",39.10367,-96.60065,335,0.129,6.271,2125,13.53,12,0.255,12.11,2451,16.33,226.7,0.27,12.89,2490,17.73,287.3
"2022-10-08 04:00:00",41,"Site 3",39.10367,-96.60065,335,0.129,6.277,2126,13.37,12,0.255,12.11,2451,16.23,224.7,0.27,12.9,2490,17.7,288.7
"2022-10-08 05:00:00",42,"Site 3",39.10367,-96.60065,335,0.129,6.286,2126,13.2,12,0.255,12.11,2451,16.13,222.7,0.27,12.9,2491,17.67,287
"2022-10-08 06:00:00",43,"Site 3",39.10367,-96.60065,335,0.129,6.26,2125,13.07,12,0.255,12.11,2451,16.03,226,0.27,12.89,2490,17.6,283
"2022-10-08 07:00:00",44,"Site 3",39.10367,-96.60065,335,0.129,6.274,2126,12.97,12,0.255,12.11,2451,15.97,224.7,0.27,12.9,2490,17.6,282
"2022-10-08 08:00:00",45,"Site 3",39.10367,-96.60065,335,0.129,6.271,2125,12.9,12,0.255,12.11,2451,15.87,224.3,0.27,12.89,2490,17.53,283.3
"2022-10-08 09:00:00",46,"Site 3",39.10367,-96.60065,335,0.129,6.289,2126,13.1,12,0.255,12.11,2451,15.77,224.7,0.27,12.9,2490,17.5,285
"2022-10-08 10:00:00",47,"Site 3",39.10367,-96.60065,335,0.129,6.281,2126,13.33,12.33,0.255,12.12,2452,15.7,225,0.27,12.9,2490,17.43,286.7
"2022-10-08 11:00:00",48,"Site 3",39.10367,-96.60065,335,0.129,6.288,2126,13.67,12,0.255,12.11,2451,15.63,225,0.27,12.89,2490,17.4,287.7
"2022-10-08 12:00:00",49,"Site 3",39.10367,-96.60065,335,0.128,6.236,2123,14.23,12.67,0.255,12.11,2451,15.6,222.3,0.27,12.89,2490,17.4,284.3
"2022-10-08 13:00:00",50,"Site 3",39.10367,-96.60065,335,0.128,6.241,2124,15,13,0.255,12.11,2451,15.6,219.7,0.27,12.88,2490,17.3,282
"2022-10-08 14:00:00",51,"Site 3",39.10367,-96.60065,335,0.128,6.248,2124,15.4,13,0.255,12.11,2451,15.7,224.7,0.27,12.87,2489,17.3,281
"2022-10-08 15:00:00",52,"Site 3",39.10367,-96.60065,335,0.128,6.224,2123,15.67,13,0.255,12.1,2451,15.77,223,0.27,12.86,2488,17.23,282.7
"2022-10-08 16:00:00",53,"Site 3",39.10367,-96.60065,335,0.128,6.233,2123,16.13,13,0.255,12.09,2450,15.83,224.3,0.27,12.87,2489,17.2,285
"2022-10-08 17:00:00",54,"Site 3",39.10367,-96.60065,335,0.128,6.227,2123,16.77,13,0.255,12.09,2450,15.93,223.7,0.27,12.86,2488,17.2,285
"2022-10-08 18:00:00",55,"Site 3",39.10367,-96.60065,335,0.128,6.223,2123,16.7,13,0.255,12.09,2450,16.07,223.3,0.269,12.85,2488,17.17,283
"2022-10-08 19:00:00",56,"Site 3",39.10367,-96.60065,335,0.128,6.229,2123,16.3,13,0.255,12.08,2450,16.2,224.7,0.27,12.87,2489,17.1,285.7
"2022-10-08 20:00:00",57,"Site 3",39.10367,-96.60065,335,0.128,6.239,2124,15.7,13,0.255,12.08,2449,16.27,223.3,0.27,12.86,2488,17.1,284.7
"2022-10-08 21:00:00",58,"Site 3",39.10367,-96.60065,335,0.128,6.231,2123,15.1,12.67,0.254,12.07,2449,16.3,223.7,0.27,12.86,2489,17.1,283
"2022-10-08 22:00:00",59,"Site 3",39.10367,-96.60065,335,0.128,6.223,2123,14.67,13,0.254,12.07,2449,16.3,221,0.27,12.86,2488,17.1,285.7
"2022-10-08 23:00:00",60,"Site 3",39.10367,-96.60065,335,0.128,6.23,2123,14.3,13,0.254,12.07,2449,16.2,223.7,0.27,12.87,2489,17.1,285.3
"2022-10-09 00:00:00",61,"Site 3",39.10367,-96.60065,335,0.128,6.244,2124,14,12.67,0.255,12.07,2449,16.17,223.3,0.27,12.87,2489,17.1,283.3
"2022-10-09 01:00:00",62,"Site 3",39.10367,-96.60065,335,0.128,6.23,2123,13.77,12,0.254,12.07,2449,16.07,224,0.27,12.87,2489,17.1,285.3
"2022-10-09 02:00:00",63,"Site 3",39.10367,-96.60065,335,0.128,6.244,2124,13.5,12.33,0.255,12.08,2450,16,224.7,0.27,12.87,2489,17.1,285.7
"2022-10-09 03:00:00",64,"Site 3",39.10367,-96.60065,335,0.128,6.232,2123,13.3,12.67,0.255,12.08,2449,15.9,222,0.27,12.88,2489,17.1,286
"2022-10-09 04:00:00",65,"Site 3",39.10367,-96.60065,335,0.128,6.238,2123,13.1,12.67,0.255,12.08,2450,15.8,223.3,0.27,12.88,2489,17.1,286.7
"2022-10-09 05:00:00",66,"Site 3",39.10367,-96.60065,335,0.128,6.254,2124,12.93,12,0.255,12.08,2450,15.7,223.3,0.27,12.88,2489,17.07,285.3
"2022-10-09 06:00:00",67,"Site 3",39.10367,-96.60065,335,0.128,6.254,2124,12.7,12.33,0.255,12.08,2449,15.6,223.7,0.27,12.88,2489,17,286.7
"2022-10-09 07:00:00",68,"Site 3",39.10367,-96.60065,335,0.128,6.244,2124,12.5,12.67,0.255,12.08,2450,15.5,221.7,0.27,12.88,2490,17,285.7
"2022-10-09 08:00:00",69,"Site 3",39.10367,-96.60065,335,0.128,6.243,2124,12.33,13,0.255,12.08,2450,15.4,218.3,0.27,12.89,2490,17,284.7
"2022-10-09 09:00:00",70,"Site 3",39.10367,-96.60065,335,0.128,6.255,2124,12.77,13,0.255,12.09,2450,15.3,223,0.27,12.88,2490,16.93,284.7
"2022-10-09 10:00:00",71,"Site 3",39.10367,-96.60065,335,0.128,6.244,2124,13.4,12.67,0.255,12.09,2450,15.2,221.3,0.27,12.88,2489,16.9,281
"2022-10-09 11:00:00",72,"Site 3",39.10367,-96.60065,335,0.128,6.222,2123,14.3,13,0.255,12.09,2450,15.2,223.3,0.27,12.89,2490,16.9,279.3
"2022-10-09 12:00:00",73,"Site 3",39.10367,-96.60065,335,0.128,6.24,2124,15.57,13.33,0.255,12.08,2449,15.2,223,0.27,12.87,2489,16.87,282
"2022-10-09 13:00:00",74,"Site 3",39.10367,-96.60065,335,0.128,6.215,2122,16.77,13,0.255,12.07,2449,15.33,223.3,0.27,12.86,2488,16.8,283.7
"2022-10-09 14:00:00",75,"Site 3",39.10367,-96.60065,335,0.128,6.236,2123,17.17,13,0.254,12.06,2449,15.47,221.7,0.27,12.86,2488,16.8,280.7
"2022-10-09 15:00:00",76,"Site 3",39.10367,-96.60065,335,0.128,6.228,2123,17.4,13,0.254,12.06,2449,15.67,223,0.269,12.84,2487,16.77,281.3
"2022-10-09 16:00:00",77,"Site 3",39.10367,-96.60065,335,0.127,6.197,2121,17.93,13,0.254,12.05,2448,15.87,220.3,0.269,12.84,2488,16.7,282
"2022-10-09 17:00:00",78,"Site 3",39.10367,-96.60065,335,0.128,6.211,2122,18.67,13.33,0.254,12.05,2448,16.03,223.3,0.269,12.83,2487,16.7,281.7
"2022-10-09 18:00:00",79,"Site 3",39.10367,-96.60065,335,0.127,6.19,2121,18.53,13,0.254,12.04,2448,16.23,224,0.269,12.84,2487,16.7,279.7
"2022-10-09 19:00:00",80,"Site 3",39.10367,-96.60065,335,0.128,6.214,2122,18,13,0.254,12.03,2447,16.43,224.3,0.269,12.84,2487,16.7,282.3
"2022-10-09 20:00:00",81,"Site 3",39.10367,-96.60065,335,0.127,6.21,2122,17.3,13,0.254,12.03,2447,16.57,224.3,0.269,12.84,2487,16.7,279.3
"2022-10-09 21:00:00",82,"Site 3",39.10367,-96.60065,335,0.127,6.179,2120,16.6,13.33,0.254,12.02,2447,16.6,224.7,0.269,12.84,2487,16.7,284
"2022-10-09 22:00:00",83,"Site 3",39.10367,-96.60065,335,0.127,6.176,2120,16.1,13,0.254,12.03,2447,16.6,225.3,0.269,12.84,2487,16.8,283.3
"2022-10-09 23:00:00",84,"Site 3",39.10367,-96.60065,335,0.128,6.218,2122,15.63,13,0.253,12.02,2447,16.6,221.7,0.27,12.86,2488,16.8,284
"2022-10-10 00:00:00",85,"Site 3",39.10367,-96.60065,335,0.127,6.19,2121,15.17,13,0.254,12.03,2447,16.57,223.3,0.269,12.83,2487,16.8,283.7
"2022-10-10 01:00:00",86,"Site 3",39.10367,-96.60065,335,0.127,6.191,2121,14.77,12.67,0.254,12.03,2447,16.5,220.7,0.269,12.84,2488,16.8,283.3
"2022-10-10 02:00:00",87,"Site 3",39.10367,-96.60065,335,0.127,6.204,2122,14.4,13,0.254,12.03,2447,16.4,223.7,0.27,12.85,2488,16.87,280.7
"2022-10-10 03:00:00",88,"Site 3",39.10367,-96.60065,335,0.128,6.218,2122,14,12.33,0.254,12.03,2447,16.3,223.3,0.27,12.86,2488,16.9,280.7
"2022-10-10 04:00:00",89,"Site 3",39.10367,-96.60065,335,0.127,6.203,2122,13.7,12.33,0.254,12.04,2447,16.2,223,0.27,12.86,2488,16.9,280.7
"2022-10-10 05:00:00",90,"Site 3",39.10367,-96.60065,335,0.128,6.217,2122,13.4,12.67,0.254,12.03,2447,16.07,221.3,0.27,12.86,2489,16.9,279
"2022-10-10 06:00:00",91,"Site 3",39.10367,-96.60065,335,0.128,6.243,2124,13.1,12,0.254,12.04,2447,15.93,222.3,0.27,12.87,2489,16.9,283
"2022-10-10 07:00:00",92,"Site 3",39.10367,-96.60065,335,0.128,6.247,2124,12.8,12,0.254,12.04,2448,15.8,221.3,0.27,12.87,2489,16.9,280
"2022-10-10 08:00:00",93,"Site 3",39.10367,-96.60065,335,0.128,6.224,2123,12.57,12,0.254,12.05,2448,15.67,222.3,0.27,12.87,2489,16.83,283.3
"2022-10-10 09:00:00",94,"Site 3",39.10367,-96.60065,335,0.128,6.231,2123,12.87,13,0.254,12.05,2448,15.53,219.7,0.27,12.87,2489,16.8,281.3
"2022-10-10 10:00:00",95,"Site 3",39.10367,-96.60065,335,0.128,6.233,2123,13.37,13,0.254,12.05,2448,15.43,219.3,0.27,12.87,2489,16.8,283
"2022-10-10 11:00:00",96,"Site 3",39.10367,-96.60065,335,0.128,6.218,2122,14.33,13,0.254,12.05,2448,15.37,222.3,0.27,12.87,2489,16.8,283.7
"2022-10-10 12:00:00",97,"Site 3",39.10367,-96.60065,335,0.127,6.197,2121,15.6,13,0.254,12.05,2448,15.37,220.7,0.27,12.86,2488,16.73,283.3
"2022-10-10 13:00:00",98,"Site 3",39.10367,-96.60065,335,0.127,6.204,2122,16.9,13.33,0.254,12.04,2448,15.43,222.3,0.269,12.84,2488,16.7,281.7
"2022-10-10 14:00:00",99,"Site 3",39.10367,-96.60065,335,0.128,6.213,2122,17.5,13.67,0.254,12.04,2447,15.57,220.3,0.269,12.84,2487,16.7,280.3
"2022-10-10 15:00:00",100,"Site 3",39.10367,-96.60065,335,0.127,6.174,2120,17.9,13.33,0.254,12.03,2447,15.77,222,0.269,12.82,2487,16.7,281.3
"2022-10-10 16:00:00",101,"Site 3",39.10367,-96.60065,335,0.126,6.16,2119,18.27,13.33,0.253,12.02,2447,15.97,220.7,0.269,12.82,2487,16.6,278.7
"2022-10-10 17:00:00",102,"Site 3",39.10367,-96.60065,335,0.127,6.186,2120,18.67,13.67,0.253,12.02,2446,16.17,222.7,0.269,12.81,2486,16.6,277.3
"2022-10-10 18:00:00",103,"Site 3",39.10367,-96.60065,335,0.126,6.148,2118,18.67,13.33,0.253,12.01,2446,16.33,222.3,0.269,12.81,2486,16.6,280
"2022-10-10 19:00:00",104,"Site 3",39.10367,-96.60065,335,0.126,6.143,2118,18.4,13.67,0.253,12,2446,16.53,223,0.269,12.81,2486,16.6,282.7
"2022-10-10 20:00:00",105,"Site 3",39.10367,-96.60065,335,0.126,6.153,2119,18.13,13,0.253,11.99,2445,16.63,221,0.269,12.82,2486,16.6,279.3
"2022-10-10 21:00:00",106,"Site 3",39.10367,-96.60065,335,0.126,6.152,2119,17.93,13,0.253,11.99,2445,16.73,224,0.269,12.82,2487,16.67,279.7
"2022-10-10 22:00:00",107,"Site 3",39.10367,-96.60065,335,0.127,6.174,2120,17.77,13,0.253,11.99,2445,16.8,224,0.269,12.81,2486,16.7,281
"2022-10-10 23:00:00",108,"Site 3",39.10367,-96.60065,335,0.127,6.182,2120,17.63,13,0.253,11.99,2445,16.9,223,0.269,12.83,2487,16.7,282
"2022-10-11 00:00:00",109,"Site 3",39.10367,-96.60065,335,0.127,6.172,2120,17.47,13,0.253,11.99,2445,16.9,223,0.269,12.83,2487,16.7,281.7
"2022-10-11 01:00:00",110,"Site 3",39.10367,-96.60065,335,0.126,6.162,2119,17.4,13,0.253,11.99,2445,16.9,223,0.269,12.83,2487,16.73,282
"2022-10-11 02:00:00",111,"Site 3",39.10367,-96.60065,335,0.126,6.16,2119,17.4,13,0.253,11.99,2445,16.93,223,0.269,12.84,2488,16.8,282.3
"2022-10-11 03:00:00",112,"Site 3",39.10367,-96.60065,335,0.127,6.177,2120,17.3,13,0.253,11.98,2445,17,223,0.269,12.83,2487,16.8,283.3
"2022-10-11 04:00:00",113,"Site 3",39.10367,-96.60065,335,0.126,6.157,2119,17.27,13,0.253,11.98,2445,17,222.3,0.269,12.83,2487,16.8,281.3
"2022-10-11 05:00:00",114,"Site 3",39.10367,-96.60065,335,0.126,6.159,2119,17.2,13.33,0.253,11.98,2445,17,222.3,0.269,12.84,2488,16.83,281
"2022-10-11 06:00:00",115,"Site 3",39.10367,-96.60065,335,0.127,6.181,2120,17.1,13,0.253,11.98,2445,17,223,0.269,12.85,2488,16.9,282
"2022-10-11 07:00:00",116,"Site 3",39.10367,-96.60065,335,0.127,6.176,2120,17.03,13,0.253,11.98,2445,17,222.7,0.27,12.85,2488,16.9,283.7
"2022-10-11 08:00:00",117,"Site 3",39.10367,-96.60065,335,0.126,6.158,2119,17.03,13,0.253,11.98,2445,17,222.7,0.269,12.85,2488,16.9,282.3
"2022-10-11 09:00:00",118,"Site 3",39.10367,-96.60065,335,0.126,6.165,2119,17.2,13,0.253,11.98,2444,17,223,0.269,12.83,2487,16.9,281.7
"2022-10-11 10:00:00",119,"Site 3",39.10367,-96.60065,335,0.127,6.168,2119,17.5,13,0.253,11.98,2445,17,223,0.269,12.84,2488,16.9,281.7
"2022-10-11 11:00:00",120,"Site 3",39.10367,-96.60065,335,0.126,6.15,2118,18,13.33,0.253,11.98,2445,17,222.7,0.269,12.83,2487,16.9,283
"2022-10-11 12:00:00",121,"Site 3",39.10367,-96.60065,335,0.127,6.166,2119,18.67,13.67,0.253,11.98,2444,17.1,221.7,0.269,12.82,2487,16.93,280.7
"2022-10-11 13:00:00",122,"Site 3",39.10367,-96.60065,335,0.126,6.163,2119,19.6,13.67,0.252,11.97,2444,17.17,221.7,0.269,12.82,2486,17,282.3
"2022-10-11 14:00:00",123,"Site 3",39.10367,-96.60065,335,0.126,6.144,2118,20.03,13.33,0.252,11.97,2444,17.3,224,0.269,12.8,2486,17,278
"2022-10-11 15:00:00",124,"Site 3",39.10367,-96.60065,335,0.126,6.154,2119,20.23,13.67,0.252,11.96,2443,17.47,224,0.269,12.8,2486,17,282
"2022-10-11 16:00:00",125,"Site 3",39.10367,-96.60065,335,0.126,6.134,2117,20.6,14,0.252,11.95,2443,17.63,224,0.268,12.79,2485,17,281.3
"2022-10-11 17:00:00",126,"Site 3",39.10367,-96.60065,335,0.125,6.102,2116,20.9,13,0.252,11.95,2443,17.77,225,0.268,12.78,2485,17,279
"2022-10-11 18:00:00",127,"Site 3",39.10367,-96.60065,335,0.125,6.111,2116,20.73,14,0.252,11.94,2442,17.97,224,0.268,12.77,2484,17.07,282.3
"2022-10-11 19:00:00",128,"Site 3",39.10367,-96.60065,335,0.125,6.108,2116,20.5,13,0.252,11.94,2442,18.1,220,0.268,12.77,2484,17.1,279.7
"2022-10-11 20:00:00",129,"Site 3",39.10367,-96.60065,335,0.125,6.116,2116,20.2,13,0.252,11.94,2442,18.23,221.7,0.268,12.78,2485,17.1,281.7
"2022-10-11 21:00:00",130,"Site 3",39.10367,-96.60065,335,0.126,6.138,2118,19.97,13,0.252,11.93,2442,18.3,224,0.268,12.79,2485,17.17,281.3
"2022-10-11 22:00:00",131,"Site 3",39.10367,-96.60065,335,0.125,6.116,2116,19.7,13,0.252,11.93,2442,18.33,224.7,0.269,12.8,2485,17.2,282
"2022-10-11 23:00:00",132,"Site 3",39.10367,-96.60065,335,0.125,6.089,2115,19.53,13,0.252,11.92,2442,18.4,224.3,0.269,12.8,2486,17.2,279.3
"2022-10-12 00:00:00",133,"Site 3",39.10367,-96.60065,335,0.125,6.109,2116,19.33,13,0.252,11.92,2442,18.4,224,0.269,12.8,2486,17.3,282
"2022-10-12 01:00:00",134,"Site 3",39.10367,-96.60065,335,0.125,6.117,2117,19.17,13,0.252,11.93,2442,18.4,222.3,0.269,12.81,2486,17.3,282.7
"2022-10-12 02:00:00",135,"Site 3",39.10367,-96.60065,335,0.166,7.933,2221,18.47,32,0.256,12.17,2454,18.4,356.3,0.289,13.93,2538,17.4,287.3
"2022-10-12 03:00:00",136,"Site 3",39.10367,-96.60065,335,0.187,8.9,2276,17.63,72.67,0.259,12.3,2461,18.37,361,0.291,14.03,2543,17.4,300.7
"2022-10-12 04:00:00",137,"Site 3",39.10367,-96.60065,335,0.199,9.4,2305,17.3,86.7,0.259,12.32,2462,18.27,357.7,0.29,13.99,2541,17.4,299.3
"2022-10-12 05:00:00",138,"Site 3",39.10367,-96.60065,335,0.204,9.64,2319,17.07,91.7,0.259,12.33,2462,18.13,355.3,0.29,13.96,2540,17.47,299.7
"2022-10-12 06:00:00",139,"Site 3",39.10367,-96.60065,335,0.207,9.79,2327,16.7,92.7,0.26,12.34,2463,18.03,351.7,0.289,13.95,2539,17.5,304.3
"2022-10-12 07:00:00",140,"Site 3",39.10367,-96.60065,335,0.209,9.88,2332,16.23,93,0.26,12.34,2463,17.9,342.3,0.289,13.93,2538,17.5,304
"2022-10-12 08:00:00",141,"Site 3",39.10367,-96.60065,335,0.21,9.95,2336,15.73,94,0.26,12.35,2463,17.77,344,0.289,13.91,2538,17.5,305
"2022-10-12 09:00:00",142,"Site 3",39.10367,-96.60065,335,0.211,9.98,2338,15.63,95.7,0.26,12.35,2463,17.63,343.3,0.289,13.91,2538,17.5,307.3
"2022-10-12 10:00:00",143,"Site 3",39.10367,-96.60065,335,0.212,10.01,2339,15.7,96,0.26,12.37,2464,17.47,338,0.288,13.88,2536,17.5,311.7
"2022-10-12 11:00:00",144,"Site 3",39.10367,-96.60065,335,0.211,9.98,2338,16.17,96.3,0.26,12.37,2465,17.37,337.3,0.288,13.87,2536,17.5,309.7
"2022-10-12 12:00:00",145,"Site 3",39.10367,-96.60065,335,0.21,9.92,2334,16.67,96,0.261,12.38,2465,17.3,331.7,0.288,13.84,2535,17.5,309.7
"2022-10-12 13:00:00",146,"Site 3",39.10367,-96.60065,335,0.208,9.83,2329,17.37,95.7,0.261,12.39,2465,17.2,331.7,0.287,13.82,2534,17.5,311.7
"2022-10-12 14:00:00",147,"Site 3",39.10367,-96.60065,335,0.206,9.74,2324,17.6,93.7,0.261,12.39,2465,17.23,333,0.287,13.79,2532,17.5,310.7
"2022-10-12 15:00:00",148,"Site 3",39.10367,-96.60065,335,0.203,9.62,2317,17.8,92.7,0.261,12.39,2465,17.3,332.7,0.286,13.76,2531,17.4,309.3
"2022-10-12 16:00:00",149,"Site 3",39.10367,-96.60065,335,0.201,9.53,2312,18.23,91.7,0.261,12.39,2465,17.33,331.7,0.286,13.73,2530,17.4,309
"2022-10-12 17:00:00",150,"Site 3",39.10367,-96.60065,335,0.199,9.45,2307,18.13,90.3,0.261,12.39,2465,17.4,330.3,0.285,13.72,2529,17.4,305.7
"2022-10-12 18:00:00",151,"Site 3",39.10367,-96.60065,335,0.198,9.36,2302,17.67,87.3,0.261,12.39,2465,17.5,326.7,0.285,13.7,2528,17.4,309.7
"2022-10-12 19:00:00",152,"Site 3",39.10367,-96.60065,335,0.197,9.35,2302,17.13,87,0.261,12.39,2465,17.5,325.7,0.285,13.7,2528,17.4,309.7
"2022-10-12 20:00:00",153,"Site 3",39.10367,-96.60065,335,0.196,9.3,2299,16.67,86.7,0.261,12.39,2465,17.5,325,0.285,13.7,2528,17.4,306.3
"2022-10-12 21:00:00",154,"Site 3",39.10367,-96.60065,335,0.196,9.29,2298,16.27,86,0.261,12.39,2466,17.47,323.7,0.285,13.68,2527,17.4,310.7
"2022-10-12 22:00:00",155,"Site 3",39.10367,-96.60065,335,0.196,9.29,2299,15.7,85,0.261,12.4,2466,17.4,324,0.285,13.68,2527,17.4,312
"2022-10-12 23:00:00",156,"Site 3",39.10367,-96.60065,335,0.195,9.27,2297,15.1,84.3,0.261,12.4,2466,17.27,319.7,0.285,13.68,2527,17.4,310.3
"2022-10-13 00:00:00",157,"Site 3",39.10367,-96.60065,335,0.196,9.29,2299,14.6,83.7,0.261,12.41,2466,17.17,321.3,0.285,13.68,2527,17.4,313.3
"2022-10-13 01:00:00",158,"Site 3",39.10367,-96.60065,335,0.195,9.26,2297,14.13,83,0.261,12.42,2467,17.03,321.7,0.285,13.67,2527,17.4,312
"2022-10-13 02:00:00",159,"Site 3",39.10367,-96.60065,335,0.196,9.3,2299,13.7,81.7,0.261,12.41,2467,16.87,318.7,0.285,13.68,2527,17.4,313.3
"2022-10-13 03:00:00",160,"Site 3",39.10367,-96.60065,335,0.196,9.28,2298,13.3,82.3,0.261,12.42,2467,16.67,319.3,0.284,13.67,2526,17.4,310
"2022-10-13 04:00:00",161,"Site 3",39.10367,-96.60065,335,0.196,9.28,2298,13,81.3,0.262,12.43,2467,16.53,318.3,0.285,13.67,2527,17.33,313
"2022-10-13 05:00:00",162,"Site 3",39.10367,-96.60065,335,0.196,9.28,2298,12.73,82,0.262,12.43,2468,16.37,315.3,0.284,13.66,2526,17.3,312.3
"2022-10-13 06:00:00",163,"Site 3",39.10367,-96.60065,335,0.196,9.28,2298,12.5,81.7,0.262,12.44,2468,16.17,315.3,0.285,13.67,2527,17.3,312.7
"2022-10-13 07:00:00",164,"Site 3",39.10367,-96.60065,335,0.195,9.26,2297,12.3,81.3,0.262,12.45,2468,16.03,314.7,0.284,13.67,2527,17.27,312.7
"2022-10-13 08:00:00",165,"Site 3",39.10367,-96.60065,335,0.196,9.27,2297,12.2,81.7,0.262,12.45,2468,15.87,312.7,0.284,13.66,2526,17.2,313
"2022-10-13 09:00:00",166,"Site 3",39.10367,-96.60065,335,0.195,9.26,2297,12.47,82,0.262,12.46,2469,15.73,310,0.284,13.65,2526,17.2,309.3
"2022-10-13 10:00:00",167,"Site 3",39.10367,-96.60065,335,0.194,9.22,2294,12.8,81.3,0.262,12.46,2469,15.6,311.3,0.284,13.64,2526,17.1,311.3
"2022-10-13 11:00:00",168,"Site 3",39.10367,-96.60065,335,0.193,9.17,2292,13.37,81.7,0.262,12.47,2469,15.5,311,0.284,13.63,2525,17.1,312.3
"2022-10-13 12:00:00",169,"Site 3",39.10367,-96.60065,335,0.192,9.1,2288,13.97,81,0.262,12.46,2469,15.47,309.7,0.284,13.61,2524,17.03,311
"2022-10-13 13:00:00",170,"Site 3",39.10367,-96.60065,335,0.19,9.03,2284,14.7,79.33,0.262,12.46,2469,15.47,305.3,0.283,13.59,2523,17,306
"2022-10-13 14:00:00",171,"Site 3",39.10367,-96.60065,335,0.189,8.95,2279,14.9,78.33,0.262,12.46,2469,15.5,310.7,0.283,13.57,2522,16.93,308.3
"2022-10-13 15:00:00",172,"Site 3",39.10367,-96.60065,335,0.187,8.87,2275,15.13,76,0.262,12.46,2469,15.57,302,0.283,13.56,2522,16.9,304
"2022-10-13 16:00:00",173,"Site 3",39.10367,-96.60065,335,0.185,8.79,2270,15.73,76.33,0.262,12.45,2468,15.63,310,0.282,13.54,2521,16.87,308.7
"2022-10-13 17:00:00",174,"Site 3",39.10367,-96.60065,335,0.184,8.74,2267,16.17,74.33,0.262,12.46,2469,15.73,309,0.282,13.53,2520,16.8,306.3
"2022-10-13 18:00:00",175,"Site 3",39.10367,-96.60065,335,0.183,8.69,2265,15.77,72.33,0.262,12.45,2468,15.83,302.7,0.282,13.51,2519,16.8,305.3
"2022-10-13 19:00:00",176,"Site 3",39.10367,-96.60065,335,0.182,8.65,2262,15.33,71,0.262,12.45,2468,15.9,307.7,0.282,13.51,2519,16.8,308
"2022-10-13 20:00:00",177,"Site 3",39.10367,-96.60065,335,0.181,8.63,2261,14.8,70.33,0.262,12.45,2468,15.97,304.3,0.282,13.51,2519,16.7,305
"2022-10-13 21:00:00",178,"Site 3",39.10367,-96.60065,335,0.181,8.63,2261,14.2,69.67,0.262,12.45,2468,15.93,307,0.282,13.51,2519,16.7,301
"2022-10-13 22:00:00",179,"Site 3",39.10367,-96.60065,335,0.181,8.62,2260,13.6,69,0.262,12.45,2468,15.9,304.7,0.282,13.51,2519,16.7,303.7
"2022-10-13 23:00:00",180,"Site 3",39.10367,-96.60065,335,0.181,8.62,2260,13.03,68.33,0.262,12.45,2468,15.8,301,0.282,13.52,2520,16.7,303.7
"2022-10-14 00:00:00",181,"Site 3",39.10367,-96.60065,335,0.182,8.66,2263,12.53,68,0.262,12.45,2469,15.67,305,0.282,13.52,2520,16.7,305.7
"2022-10-14 01:00:00",182,"Site 3",39.10367,-96.60065,335,0.182,8.65,2262,12.07,68,0.262,12.46,2469,15.57,301,0.282,13.51,2519,16.7,305
"2022-10-14 02:00:00",183,"Site 3",39.10367,-96.60065,335,0.182,8.66,2263,11.7,68,0.262,12.46,2469,15.4,303.3,0.282,13.5,2519,16.7,301
"2022-10-14 03:00:00",184,"Site 3",39.10367,-96.60065,335,0.182,8.64,2261,11.43,68,0.262,12.46,2469,15.27,302,0.282,13.51,2519,16.7,301
"2022-10-14 04:00:00",185,"Site 3",39.10367,-96.60065,335,0.181,8.63,2261,11.23,68,0.262,12.47,2469,15.07,301.3,0.282,13.5,2519,16.6,301
"2022-10-14 05:00:00",186,"Site 3",39.10367,-96.60065,335,0.182,8.64,2262,11.03,67.33,0.262,12.48,2470,14.93,294.3,0.282,13.5,2519,16.6,304.7
"2022-10-14 06:00:00",187,"Site 3",39.10367,-96.60065,335,0.182,8.65,2262,10.87,67,0.262,12.48,2470,14.77,301.7,0.282,13.5,2519,16.6,308
"2022-10-14 07:00:00",188,"Site 3",39.10367,-96.60065,335,0.181,8.63,2261,10.73,67,0.263,12.48,2470,14.63,297.7,0.282,13.51,2519,16.57,308
"2022-10-14 08:00:00",189,"Site 3",39.10367,-96.60065,335,0.181,8.63,2261,10.77,67,0.263,12.49,2470,14.53,298,0.282,13.51,2519,16.5,306.7
"2022-10-14 09:00:00",190,"Site 3",39.10367,-96.60065,335,0.181,8.6,2260,10.93,67,0.263,12.5,2471,14.4,296.7,0.282,13.5,2519,16.5,305.7
"2022-10-14 10:00:00",191,"Site 3",39.10367,-96.60065,335,0.181,8.6,2259,11.27,67,0.263,12.5,2471,14.3,294.7,0.281,13.5,2519,16.4,300
"2022-10-14 11:00:00",192,"Site 3",39.10367,-96.60065,335,0.179,8.53,2255,12.07,67,0.263,12.51,2471,14.2,291,0.281,13.49,2518,16.4,302
"2022-10-14 12:00:00",193,"Site 3",39.10367,-96.60065,335,0.178,8.47,2252,13.13,66.33,0.263,12.51,2471,14.2,297,0.281,13.47,2518,16.33,302
"2022-10-14 13:00:00",194,"Site 3",39.10367,-96.60065,335,0.177,8.42,2249,14.27,65.67,0.263,12.5,2471,14.23,296,0.281,13.45,2517,16.3,302
"2022-10-14 14:00:00",195,"Site 3",39.10367,-96.60065,335,0.175,8.34,2244,14.87,64.67,0.263,12.5,2471,14.37,295,0.28,13.43,2516,16.2,303
"2022-10-14 15:00:00",196,"Site 3",39.10367,-96.60065,335,0.174,8.3,2242,15.33,63.67,0.263,12.49,2470,14.53,295.7,0.28,13.42,2515,16.2,295
"2022-10-14 16:00:00",197,"Site 3",39.10367,-96.60065,335,0.172,8.21,2237,15.67,62,0.263,12.49,2470,14.67,296,0.28,13.39,2514,16.17,295.7
"2022-10-14 17:00:00",198,"Site 3",39.10367,-96.60065,335,0.171,8.16,2234,16.03,60.67,0.262,12.47,2470,14.87,293.7,0.28,13.4,2514,16.1,301.3
"2022-10-14 18:00:00",199,"Site 3",39.10367,-96.60065,335,0.17,8.12,2232,16.03,60.33,0.262,12.47,2469,15.03,296,0.28,13.4,2514,16.1,299.7
"2022-10-14 19:00:00",200,"Site 3",39.10367,-96.60065,335,0.169,8.07,2229,15.8,59.33,0.262,12.46,2469,15.17,295.7,0.279,13.39,2514,16.1,299.3
"2022-10-14 20:00:00",201,"Site 3",39.10367,-96.60065,335,0.168,8.04,2227,15.57,58.33,0.262,12.46,2469,15.27,293.3,0.279,13.39,2514,16.1,300
"2022-10-14 21:00:00",202,"Site 3",39.10367,-96.60065,335,0.168,8.02,2226,15.33,57.67,0.262,12.46,2469,15.37,294,0.279,13.39,2514,16.1,300.3
"2022-10-14 22:00:00",203,"Site 3",39.10367,-96.60065,335,0.168,8.01,2225,15,57,0.262,12.45,2469,15.4,295,0.28,13.39,2514,16.1,297
"2022-10-14 23:00:00",204,"Site 3",39.10367,-96.60065,335,0.167,8,2225,14.67,56.67,0.262,12.46,2469,15.4,293,0.279,13.39,2514,16.1,300.3
"2022-10-15 00:00:00",205,"Site 3",39.10367,-96.60065,335,0.167,7.993,2225,14.23,56,0.262,12.45,2468,15.4,290.7,0.279,13.39,2514,16.1,297
"2022-10-15 01:00:00",206,"Site 3",39.10367,-96.60065,335,0.167,7.996,2225,13.9,55.67,0.262,12.45,2468,15.4,294.3,0.279,13.38,2513,16.1,301.3
"2022-10-15 02:00:00",207,"Site 3",39.10367,-96.60065,335,0.168,8,2225,13.43,56,0.262,12.46,2469,15.37,289.3,0.279,13.38,2513,16.1,298.3
"2022-10-15 03:00:00",208,"Site 3",39.10367,-96.60065,335,0.167,7.997,2225,12.9,55.33,0.262,12.46,2469,15.3,289,0.279,13.38,2513,16.1,302.3
"2022-10-15 04:00:00",209,"Site 3",39.10367,-96.60065,335,0.168,8.01,2226,12.43,55,0.262,12.46,2469,15.2,291,0.28,13.39,2514,16.1,302
"2022-10-15 05:00:00",210,"Site 3",39.10367,-96.60065,335,0.167,8,2225,12,54.67,0.262,12.47,2469,15.07,288,0.279,13.38,2513,16.1,301
"2022-10-15 06:00:00",211,"Site 3",39.10367,-96.60065,335,0.168,8.01,2226,11.6,55,0.262,12.47,2469,14.93,290.7,0.279,13.39,2514,16.1,301.7
"2022-10-15 07:00:00",212,"Site 3",39.10367,-96.60065,335,0.168,8.04,2227,11.23,54.33,0.262,12.47,2469,14.8,287.7,0.279,13.39,2514,16.1,301
"2022-10-15 08:00:00",213,"Site 3",39.10367,-96.60065,335,0.168,8.01,2226,11,55,0.262,12.47,2469,14.67,287.3,0.279,13.39,2514,16.1,295.3
"2022-10-15 09:00:00",214,"Site 3",39.10367,-96.60065,335,0.167,7.971,2223,11.13,54.33,0.262,12.47,2469,14.53,285,0.279,13.39,2514,16.1,297
"2022-10-15 10:00:00",215,"Site 3",39.10367,-96.60065,335,0.167,7.97,2223,11.53,55,0.262,12.48,2470,14.37,286,0.279,13.39,2514,16.1,300
"2022-10-15 11:00:00",216,"Site 3",39.10367,-96.60065,335,0.166,7.95,2222,12.4,55,0.263,12.48,2470,14.3,284.7,0.279,13.38,2513,16,300
"2022-10-15 12:00:00",217,"Site 3",39.10367,-96.60065,335,0.165,7.879,2218,13.43,55,0.262,12.48,2470,14.2,283.7,0.279,13.39,2514,16,296.7
"2022-10-15 13:00:00",218,"Site 3",39.10367,-96.60065,335,0.164,7.853,2216,14.57,54.33,0.262,12.48,2470,14.3,283.7,0.279,13.37,2513,16,297
"2022-10-15 14:00:00",219,"Site 3",39.10367,-96.60065,335,0.163,7.792,2213,15.1,53.33,0.262,12.48,2470,14.37,278.7,0.279,13.36,2512,15.97,300
"2022-10-15 15:00:00",220,"Site 3",39.10367,-96.60065,335,0.162,7.753,2211,15.33,52.33,0.262,12.47,2469,14.53,282.3,0.279,13.35,2512,15.9,298.3
"2022-10-15 16:00:00",221,"Site 3",39.10367,-96.60065,335,0.161,7.719,2209,15.83,51.67,0.262,12.46,2469,14.67,282,0.278,13.33,2511,15.9,297.7
"2022-10-15 17:00:00",222,"Site 3",39.10367,-96.60065,335,0.16,7.684,2207,16.37,50.67,0.262,12.46,2469,14.83,284.7,0.278,13.32,2511,15.9,290
"2022-10-15 18:00:00",223,"Site 3",39.10367,-96.60065,335,0.16,7.666,2206,16.27,49.67,0.262,12.45,2468,14.97,285.3,0.279,13.34,2511,15.83,292.3
"2022-10-15 19:00:00",224,"Site 3",39.10367,-96.60065,335,0.159,7.634,2204,15.9,49,0.262,12.45,2468,15.13,283.7,0.278,13.33,2511,15.8,290.7
"2022-10-15 20:00:00",225,"Site 3",39.10367,-96.60065,335,0.159,7.641,2204,15.47,48.67,0.262,12.45,2468,15.27,283.7,0.278,13.32,2511,15.8,292
"2022-10-15 21:00:00",226,"Site 3",39.10367,-96.60065,335,0.159,7.613,2203,15.03,47.67,0.262,12.44,2468,15.3,279.3,0.278,13.33,2511,15.8,294.7
"2022-10-15 22:00:00",227,"Site 3",39.10367,-96.60065,335,0.159,7.602,2202,14.6,47.33,0.262,12.44,2468,15.3,279.7,0.278,13.33,2511,15.9,296
"2022-10-15 23:00:00",228,"Site 3",39.10367,-96.60065,335,0.159,7.602,2202,14.2,47,0.262,12.44,2468,15.3,279,0.278,13.33,2511,15.9,296.7
"2022-10-16 00:00:00",229,"Site 3",39.10367,-96.60065,335,0.158,7.592,2201,13.8,46.67,0.262,12.44,2468,15.3,282.7,0.278,13.33,2511,15.9,297
"2022-10-16 01:00:00",230,"Site 3",39.10367,-96.60065,335,0.158,7.598,2202,13.4,46,0.262,12.45,2468,15.23,283.3,0.278,13.33,2511,15.9,296.3
"2022-10-16 02:00:00",231,"Site 3",39.10367,-96.60065,335,0.159,7.606,2202,13.1,46.33,0.262,12.44,2468,15.17,279,0.278,13.32,2511,15.9,298.3
"2022-10-16 03:00:00",232,"Site 3",39.10367,-96.60065,335,0.159,7.63,2204,12.8,46.33,0.262,12.45,2468,15.1,281.3,0.278,13.33,2511,15.9,296.7
"2022-10-16 04:00:00",233,"Site 3",39.10367,-96.60065,335,0.159,7.602,2202,12.57,46,0.262,12.45,2468,14.97,281.3,0.279,13.34,2511,15.9,297.7
"2022-10-16 05:00:00",234,"Site 3",39.10367,-96.60065,335,0.159,7.611,2203,12.3,46,0.262,12.45,2468,14.9,280.7,0.278,13.33,2511,15.9,296
"2022-10-16 06:00:00",235,"Site 3",39.10367,-96.60065,335,0.159,7.619,2203,11.93,46,0.262,12.46,2469,14.77,277.7,0.279,13.35,2512,15.9,296.3
"2022-10-16 07:00:00",236,"Site 3",39.10367,-96.60065,335,0.159,7.617,2203,11.6,45.67,0.262,12.46,2469,14.67,279.7,0.278,13.33,2511,15.9,297.7
"2022-10-16 08:00:00",237,"Site 3",39.10367,-96.60065,335,0.159,7.62,2203,11.4,46,0.262,12.46,2469,14.57,276,0.279,13.35,2512,15.9,296
"2022-10-16 09:00:00",238,"Site 3",39.10367,-96.60065,335,0.158,7.592,2201,11.53,46,0.262,12.46,2469,14.43,278.3,0.279,13.34,2511,15.9,295.7
"2022-10-16 10:00:00",239,"Site 3",39.10367,-96.60065,335,0.158,7.582,2201,11.93,46,0.262,12.46,2469,14.33,277,0.279,13.34,2511,15.87,296.7
"2022-10-16 11:00:00",240,"Site 3",39.10367,-96.60065,335,0.158,7.558,2199,12.57,46,0.262,12.47,2469,14.23,274.3,0.279,13.34,2511,15.8,293
"2022-10-16 12:00:00",241,"Site 3",39.10367,-96.60065,335,0.156,7.509,2197,13.57,46.33,0.262,12.47,2469,14.2,276,0.279,13.34,2511,15.8,292.7
"2022-10-16 13:00:00",242,"Site 3",39.10367,-96.60065,335,0.156,7.504,2196,15.07,46.33,0.262,12.46,2469,14.23,274,0.278,13.32,2510,15.8,293
"2022-10-16 14:00:00",243,"Site 3",39.10367,-96.60065,335,0.156,7.508,2197,15.6,46,0.262,12.46,2469,14.37,273.3,0.278,13.32,2510,15.77,295.3
"2022-10-16 15:00:00",244,"Site 3",39.10367,-96.60065,335,0.155,7.459,2194,15.87,45,0.262,12.46,2469,14.53,275.3,0.278,13.31,2510,15.7,297.7
"2022-10-16 16:00:00",245,"Site 3",39.10367,-96.60065,335,0.155,7.436,2192,16.4,44,0.262,12.45,2468,14.67,275.3,0.278,13.31,2510,15.7,296
"2022-10-16 17:00:00",246,"Site 3",39.10367,-96.60065,335,0.154,7.394,2190,16.57,43.33,0.262,12.44,2468,14.87,270,0.278,13.31,2510,15.7,296
"2022-10-16 18:00:00",247,"Site 3",39.10367,-96.60065,335,0.154,7.38,2189,16.17,42.33,0.262,12.43,2467,15.03,269.7,0.278,13.29,2509,15.7,296
"2022-10-16 19:00:00",248,"Site 3",39.10367,-96.60065,335,0.153,7.358,2188,15.6,41.67,0.261,12.43,2467,15.17,274.3,0.278,13.3,2510,15.7,296.7
"2022-10-16 20:00:00",249,"Site 3",39.10367,-96.60065,335,0.152,7.325,2186,15,41,0.261,12.42,2467,15.2,274,0.278,13.29,2509,15.7,296.3
"2022-10-16 21:00:00",250,"Site 3",39.10367,-96.60065,335,0.152,7.327,2186,14.43,40,0.261,12.43,2467,15.3,274,0.278,13.29,2509,15.7,296
"2022-10-16 22:00:00",251,"Site 3",39.10367,-96.60065,335,0.153,7.349,2187,13.97,40,0.261,12.42,2467,15.2,270.7,0.278,13.3,2510,15.7,296.3
"2022-10-16 23:00:00",252,"Site 3",39.10367,-96.60065,335,0.153,7.349,2187,13.57,40,0.261,12.42,2467,15.2,271.7,0.278,13.3,2510,15.7,295.7
"2022-10-17 00:00:00",253,"Site 3",39.10367,-96.60065,335,0.153,7.334,2187,13.13,40,0.261,12.42,2467,15.1,272.3,0.278,13.31,2510,15.7,297.3
"2022-10-17 01:00:00",254,"Site 3",39.10367,-96.60065,335,0.153,7.347,2187,12.7,39.33,0.261,12.43,2467,15,271,0.278,13.29,2509,15.7,297.3
"2022-10-17 02:00:00",255,"Site 3",39.10367,-96.60065,335,0.153,7.356,2188,12.2,39.33,0.262,12.43,2467,14.9,269.3,0.278,13.3,2509,15.7,297.7
"2022-10-17 03:00:00",256,"Site 3",39.10367,-96.60065,335,0.153,7.356,2188,11.7,39.33,0.262,12.44,2468,14.77,271,0.278,13.3,2510,15.7,296.3
"2022-10-17 04:00:00",257,"Site 3",39.10367,-96.60065,335,0.153,7.358,2188,11.17,39,0.262,12.43,2468,14.63,268.7,0.278,13.3,2510,15.7,296
"2022-10-17 05:00:00",258,"Site 3",39.10367,-96.60065,335,0.153,7.373,2189,10.73,39,0.262,12.44,2468,14.47,268.7,0.278,13.3,2510,15.7,296.3
"2022-10-17 06:00:00",259,"Site 3",39.10367,-96.60065,335,0.153,7.373,2189,10.3,39,0.262,12.45,2468,14.33,269,0.278,13.31,2510,15.7,298.3
"2022-10-17 07:00:00",260,"Site 3",39.10367,-96.60065,335,0.154,7.384,2189,9.93,39.33,0.262,12.44,2468,14.17,266,0.278,13.32,2510,15.7,295.3
"2022-10-17 08:00:00",261,"Site 3",39.10367,-96.60065,335,0.153,7.362,2188,9.6,39,0.262,12.46,2469,13.97,266,0.278,13.3,2509,15.7,297.3
"2022-10-17 09:00:00",262,"Site 3",39.10367,-96.60065,335,0.153,7.347,2187,9.7,39,0.262,12.45,2468,13.83,266.3,0.278,13.3,2510,15.67,296.7
"2022-10-17 10:00:00",263,"Site 3",39.10367,-96.60065,335,0.153,7.34,2187,9.9,39,0.262,12.46,2469,13.63,262.7,0.278,13.32,2510,15.6,296
"2022-10-17 11:00:00",264,"Site 3",39.10367,-96.60065,335,0.152,7.315,2186,10.67,39,0.262,12.46,2469,13.53,263.7,0.278,13.31,2510,15.6,292.3
"2022-10-17 12:00:00",265,"Site 3",39.10367,-96.60065,335,0.152,7.321,2186,11.53,39.33,0.262,12.46,2469,13.4,262.7,0.278,13.31,2510,15.53,291
"2022-10-17 13:00:00",266,"Site 3",39.10367,-96.60065,335,0.152,7.296,2184,12.93,39,0.262,12.46,2469,13.4,261.7,0.278,13.32,2510,15.5,290.7
"2022-10-17 14:00:00",267,"Site 3",39.10367,-96.60065,335,0.151,7.274,2183,13.4,39,0.262,12.46,2469,13.47,262.3,0.278,13.3,2510,15.47,293.3
"2022-10-17 15:00:00",268,"Site 3",39.10367,-96.60065,335,0.151,7.273,2183,13.47,38.33,0.262,12.45,2469,13.57,261.3,0.278,13.31,2510,15.4,295.3
"2022-10-17 16:00:00",269,"Site 3",39.10367,-96.60065,335,0.15,7.239,2181,14.17,38,0.262,12.45,2468,13.67,261.3,0.278,13.29,2509,15.4,295.3
"2022-10-17 17:00:00",270,"Site 3",39.10367,-96.60065,335,0.15,7.227,2180,14.37,37,0.262,12.44,2468,13.8,260.3,0.278,13.29,2509,15.3,295.3
"2022-10-17 18:00:00",271,"Site 3",39.10367,-96.60065,335,0.15,7.239,2181,13.8,36.67,0.262,12.44,2468,13.9,259.7,0.278,13.3,2509,15.3,296.3
"2022-10-17 19:00:00",272,"Site 3",39.10367,-96.60065,335,0.15,7.213,2180,13.2,36.33,0.262,12.44,2468,14,256,0.278,13.3,2509,15.3,295.7
"2022-10-17 20:00:00",273,"Site 3",39.10367,-96.60065,335,0.15,7.215,2180,12.43,35.67,0.262,12.44,2468,14,257.3,0.278,13.29,2509,15.3,294
"2022-10-17 21:00:00",274,"Site 3",39.10367,-96.60065,335,0.15,7.213,2180,11.73,36,0.262,12.43,2467,14,259.3,0.278,13.3,2509,15.3,296.3
"2022-10-17 22:00:00",275,"Site 3",39.10367,-96.60065,335,0.15,7.23,2181,11.1,35.33,0.262,12.44,2468,13.93,260,0.278,13.3,2510,15.3,293.3
"2022-10-17 23:00:00",276,"Site 3",39.10367,-96.60065,335,0.15,7.224,2180,10.63,35.33,0.262,12.43,2467,13.83,257,0.278,13.3,2510,15.27,296
"2022-10-18 00:00:00",277,"Site 3",39.10367,-96.60065,335,0.15,7.226,2180,10.3,35.67,0.262,12.44,2468,13.73,259,0.278,13.3,2509,15.2,293.3
"2022-10-18 01:00:00",278,"Site 3",39.10367,-96.60065,335,0.15,7.236,2181,10,35.33,0.262,12.44,2468,13.57,255,0.278,13.3,2510,15.2,291.3
"2022-10-18 02:00:00",279,"Site 3",39.10367,-96.60065,335,0.15,7.231,2181,9.77,35.67,0.262,12.45,2468,13.43,254.7,0.278,13.3,2509,15.2,291.3
"2022-10-18 03:00:00",280,"Site 3",39.10367,-96.60065,335,0.151,7.257,2182,9.5,35.33,0.262,12.45,2468,13.33,255,0.278,13.3,2509,15.2,290.7
"2022-10-18 04:00:00",281,"Site 3",39.10367,-96.60065,335,0.151,7.252,2182,9.2,35,0.262,12.45,2468,13.17,249,0.278,13.29,2509,15.2,295.3
"2022-10-18 05:00:00",282,"Site 3",39.10367,-96.60065,335,0.151,7.251,2182,8.97,35,0.262,12.46,2469,13.03,254.7,0.278,13.3,2510,15.1,293
"2022-10-18 06:00:00",283,"Site 3",39.10367,-96.60065,335,0.151,7.251,2182,8.63,35,0.262,12.46,2469,12.93,254.7,0.278,13.31,2510,15.1,292.3
"2022-10-18 07:00:00",284,"Site 3",39.10367,-96.60065,335,0.151,7.264,2183,8.23,35,0.262,12.46,2469,12.77,254,0.278,13.29,2509,15.1,296
"2022-10-18 08:00:00",285,"Site 3",39.10367,-96.60065,335,0.151,7.276,2183,7.8,35,0.262,12.47,2469,12.63,253,0.278,13.3,2510,15,293.7
"2022-10-18 09:00:00",286,"Site 3",39.10367,-96.60065,335,0.151,7.266,2183,7.733,35,0.262,12.47,2469,12.43,252.7,0.278,13.29,2509,15,295.7
"2022-10-18 10:00:00",287,"Site 3",39.10367,-96.60065,335,0.151,7.263,2182,8,35.33,0.262,12.47,2469,12.3,251,0.278,13.3,2510,14.93,293
"2022-10-18 11:00:00",288,"Site 3",39.10367,-96.60065,335,0.15,7.239,2181,8.83,36,0.262,12.48,2470,12.17,250.7,0.278,13.3,2509,14.9,295.3
"2022-10-18 12:00:00",289,"Site 3",39.10367,-96.60065,335,0.151,7.247,2182,9.73,35.67,0.262,12.48,2470,12.1,251.3,0.278,13.31,2510,14.83,290
"2022-10-18 13:00:00",290,"Site 3",39.10367,-96.60065,335,0.15,7.212,2180,10.9,36,0.262,12.48,2470,12.1,251,0.278,13.3,2510,14.8,289.3
"2022-10-18 14:00:00",291,"Site 3",39.10367,-96.60065,335,0.149,7.195,2179,11.57,35.33,0.262,12.47,2469,12.13,251,0.278,13.3,2509,14.73,289.7
"2022-10-18 15:00:00",292,"Site 3",39.10367,-96.60065,335,0.149,7.189,2178,11.7,35,0.262,12.47,2469,12.23,250,0.278,13.3,2510,14.7,293.3
"2022-10-18 16:00:00",293,"Site 3",39.10367,-96.60065,335,0.15,7.198,2179,12.43,35,0.262,12.47,2469,12.33,251,0.278,13.3,2510,14.63,294.7
"2022-10-18 17:00:00",294,"Site 3",39.10367,-96.60065,335,0.149,7.189,2178,12.67,34.67,0.262,12.46,2469,12.43,247,0.278,13.31,2510,14.6,294.7
"2022-10-18 18:00:00",295,"Site 3",39.10367,-96.60065,335,0.149,7.167,2177,12.2,34.33,0.262,12.46,2469,12.57,248,0.278,13.3,2509,14.57,295.3
"2022-10-18 19:00:00",296,"Site 3",39.10367,-96.60065,335,0.149,7.192,2178,11.47,34,0.262,12.45,2468,12.7,249,0.278,13.3,2509,14.5,295
"2022-10-18 20:00:00",297,"Site 3",39.10367,-96.60065,335,0.149,7.195,2179,10.7,34,0.262,12.45,2468,12.7,245.7,0.278,13.29,2509,14.5,295
"2022-10-18 21:00:00",298,"Site 3",39.10367,-96.60065,335,0.15,7.197,2179,10,33.33,0.262,12.45,2468,12.7,248.3,0.278,13.29,2509,14.5,294
"2022-10-18 22:00:00",299,"Site 3",39.10367,-96.60065,335,0.15,7.204,2179,9.37,33.33,0.262,12.45,2468,12.63,248.7,0.278,13.3,2509,14.5,294
"2022-10-18 23:00:00",300,"Site 3",39.10367,-96.60065,335,0.15,7.235,2181,8.8,33.33,0.262,12.45,2468,12.53,248,0.278,13.29,2509,14.5,291.3
"2022-10-19 00:00:00",301,"Site 3",39.10367,-96.60065,335,0.15,7.23,2181,8.27,33.33,0.262,12.46,2469,12.4,244,0.278,13.29,2509,14.5,292.3
"2022-10-19 01:00:00",302,"Site 3",39.10367,-96.60065,335,0.15,7.223,2180,7.833,33.33,0.262,12.46,2469,12.23,244.3,0.278,13.3,2509,14.43,291.7
"2022-10-19 02:00:00",303,"Site 3",39.10367,-96.60065,335,0.15,7.231,2181,7.433,33,0.262,12.46,2469,12.07,246.7,0.278,13.3,2509,14.4,291.7
"2022-10-19 03:00:00",304,"Site 3",39.10367,-96.60065,335,0.15,7.236,2181,7.067,33,0.262,12.47,2469,11.93,246.7,0.278,13.3,2510,14.4,289
"2022-10-19 04:00:00",305,"Site 3",39.10367,-96.60065,335,0.151,7.246,2182,6.7,34,0.262,12.47,2469,11.73,245.7,0.278,13.3,2509,14.4,286.7
"2022-10-19 05:00:00",306,"Site 3",39.10367,-96.60065,335,0.151,7.254,2182,6.467,33.67,0.262,12.48,2470,11.57,244,0.278,13.3,2509,14.33,288
"2022-10-19 06:00:00",307,"Site 3",39.10367,-96.60065,335,0.151,7.268,2183,6.233,33.67,0.262,12.48,2470,11.4,243,0.278,13.3,2509,14.3,290.7
"2022-10-19 07:00:00",308,"Site 3",39.10367,-96.60065,335,0.151,7.273,2183,6.033,34,0.263,12.49,2470,11.23,243.3,0.278,13.3,2509,14.27,293.3
"2022-10-19 08:00:00",309,"Site 3",39.10367,-96.60065,335,0.151,7.253,2182,5.933,33.67,0.263,12.49,2470,11.07,243.3,0.278,13.3,2509,14.2,292.3
"2022-10-19 09:00:00",310,"Site 3",39.10367,-96.60065,335,0.15,7.232,2181,6.1,34,0.263,12.49,2470,10.93,240.7,0.278,13.3,2509,14.17,294
"2022-10-19 10:00:00",311,"Site 3",39.10367,-96.60065,335,0.151,7.248,2182,6.633,34,0.263,12.5,2471,10.83,241,0.278,13.3,2509,14.1,290.7
"2022-10-19 11:00:00",312,"Site 3",39.10367,-96.60065,335,0.15,7.207,2179,7.933,34,0.263,12.5,2471,10.73,239,0.278,13.3,2510,14.03,291
"2022-10-19 12:00:00",313,"Site 3",39.10367,-96.60065,335,0.15,7.205,2179,9,34.67,0.263,12.51,2471,10.7,241,0.278,13.3,2510,14,290
"2022-10-19 13:00:00",314,"Site 3",39.10367,-96.60065,335,0.149,7.18,2178,10.27,34.33,0.263,12.5,2471,10.77,241.3,0.278,13.3,2509,13.93,291.3
"2022-10-19 14:00:00",315,"Site 3",39.10367,-96.60065,335,0.149,7.182,2178,11.3,35,0.263,12.49,2470,10.87,238.7,0.278,13.29,2509,13.87,293
"2022-10-19 15:00:00",316,"Site 3",39.10367,-96.60065,335,0.149,7.165,2177,11.93,34,0.263,12.49,2470,11.03,239.7,0.278,13.3,2510,13.8,292.7
"2022-10-19 16:00:00",317,"Site 3",39.10367,-96.60065,335,0.149,7.157,2176,12.83,34,0.262,12.47,2470,11.27,241.3,0.278,13.29,2509,13.8,290.3
"2022-10-19 17:00:00",318,"Site 3",39.10367,-96.60065,335,0.148,7.147,2176,13.33,34,0.262,12.47,2469,11.5,241.3,0.278,13.29,2509,13.77,290.3
"2022-10-19 18:00:00",319,"Site 3",39.10367,-96.60065,335,0.148,7.13,2175,13.17,33,0.262,12.46,2469,11.73,241.7,0.278,13.3,2509,13.7,289.7
"2022-10-19 19:00:00",320,"Site 3",39.10367,-96.60065,335,0.148,7.137,2175,12.63,33,0.262,12.45,2468,11.97,241.3,0.278,13.29,2509,13.7,292.7
"2022-10-19 20:00:00",321,"Site 3",39.10367,-96.60065,335,0.148,7.124,2174,11.97,32.33,0.262,12.45,2468,12.13,239.3,0.278,13.28,2509,13.7,292.7
"2022-10-19 21:00:00",322,"Site 3",39.10367,-96.60065,335,0.148,7.136,2175,11.4,32.33,0.262,12.44,2468,12.2,240.3,0.278,13.29,2509,13.7,292
"2022-10-19 22:00:00",323,"Site 3",39.10367,-96.60065,335,0.148,7.143,2176,10.93,32,0.262,12.45,2468,12.2,241.3,0.278,13.29,2509,13.7,290.7
"2022-10-19 23:00:00",324,"Site 3",39.10367,-96.60065,335,0.148,7.135,2175,10.47,32,0.262,12.44,2468,12.2,242,0.278,13.29,2509,13.7,292.7
"2022-10-20 00:00:00",325,"Site 3",39.10367,-96.60065,335,0.148,7.128,2175,10.1,31.67,0.262,12.44,2468,12.2,240.7,0.278,13.28,2509,13.7,292.3
"2022-10-20 01:00:00",326,"Site 3",39.10367,-96.60065,335,0.149,7.156,2176,9.7,31.67,0.262,12.44,2468,12.13,240.7,0.278,13.29,2509,13.77,291.3
"2022-10-20 02:00:00",327,"Site 3",39.10367,-96.60065,335,0.149,7.153,2176,9.4,32,0.262,12.45,2468,12.07,240,0.278,13.28,2509,13.8,291.7
"2022-10-20 03:00:00",328,"Site 3",39.10367,-96.60065,335,0.149,7.167,2177,9.13,32,0.262,12.44,2468,12,240,0.278,13.29,2509,13.8,292
"2022-10-20 04:00:00",329,"Site 3",39.10367,-96.60065,335,0.149,7.166,2177,8.93,32,0.262,12.45,2468,11.9,239,0.278,13.29,2509,13.8,292.7
"2022-10-20 05:00:00",330,"Site 3",39.10367,-96.60065,335,0.148,7.142,2176,8.8,32,0.262,12.45,2468,11.8,237.7,0.278,13.29,2509,13.8,290.7
"2022-10-20 06:00:00",331,"Site 3",39.10367,-96.60065,335,0.149,7.158,2176,8.7,32,0.262,12.45,2468,11.7,238.3,0.278,13.29,2509,13.8,288.7
"2022-10-20 07:00:00",332,"Site 3",39.10367,-96.60065,335,0.149,7.155,2176,8.63,32,0.262,12.46,2469,11.63,236.7,0.278,13.29,2509,13.73,290
"2022-10-20 08:00:00",333,"Site 3",39.10367,-96.60065,335,0.149,7.162,2177,8.5,32,0.262,12.45,2468,11.57,237.3,0.278,13.29,2509,13.7,287.3
"2022-10-20 09:00:00",334,"Site 3",39.10367,-96.60065,335,0.148,7.131,2175,8.67,32,0.262,12.46,2469,11.5,237.7,0.278,13.29,2509,13.7,292
"2022-10-20 10:00:00",335,"Site 3",39.10367,-96.60065,335,0.148,7.151,2176,9.17,32,0.262,12.46,2469,11.4,234.7,0.278,13.29,2509,13.7,290.3
"2022-10-20 11:00:00",336,"Site 3",39.10367,-96.60065,335,0.147,7.106,2173,10.47,32.33,0.262,12.46,2469,11.4,234.3,0.278,13.3,2509,13.7,290
"2022-10-20 12:00:00",337,"Site 3",39.10367,-96.60065,335,0.148,7.119,2174,11.67,31.33,0.262,12.48,2470,11.4,234.3,0.278,13.29,2509,13.6,292
"2022-10-20 13:00:00",338,"Site 3",39.10367,-96.60065,335,0.148,7.125,2175,13.03,31.67,0.263,12.49,2470,11.53,237.3,0.277,13.28,2509,13.6,291.7
"2022-10-20 14:00:00",339,"Site 3",39.10367,-96.60065,335,0.148,7.117,2174,14.47,31,0.263,12.49,2470,11.7,236.7,0.278,13.29,2509,13.6,290
"2022-10-20 15:00:00",340,"Site 3",39.10367,-96.60065,335,0.148,7.111,2174,15.23,31.33,0.262,12.47,2469,12,238,0.277,13.28,2509,13.6,288.7
"2022-10-20 16:00:00",341,"Site 3",39.10367,-96.60065,335,0.148,7.116,2174,16.3,31,0.262,12.47,2469,12.27,236.3,0.277,13.27,2508,13.6,286.3
"2022-10-20 17:00:00",342,"Site 3",39.10367,-96.60065,335,0.148,7.12,2174,16.57,31,0.262,12.46,2469,12.57,238.7,0.277,13.26,2508,13.6,285
"2022-10-20 18:00:00",343,"Site 3",39.10367,-96.60065,335,0.148,7.111,2174,16.1,31,0.262,12.45,2468,12.9,237.7,0.277,13.27,2508,13.6,286.7
"2022-10-20 19:00:00",344,"Site 3",39.10367,-96.60065,335,0.148,7.108,2174,15.37,30,0.262,12.45,2468,13.1,238.3,0.277,13.27,2508,13.6,289.7
"2022-10-20 20:00:00",345,"Site 3",39.10367,-96.60065,335,0.147,7.097,2173,14.63,29.67,0.262,12.44,2468,13.27,239.7,0.277,13.26,2508,13.6,287.3
"2022-10-20 21:00:00",346,"Site 3",39.10367,-96.60065,335,0.147,7.098,2173,14,29.67,0.262,12.44,2468,13.4,237.7,0.277,13.27,2508,13.6,291.7
"2022-10-20 22:00:00",347,"Site 3",39.10367,-96.60065,335,0.147,7.089,2172,13.53,29,0.262,12.44,2468,13.4,239,0.277,13.26,2508,13.7,291.7
"2022-10-20 23:00:00",348,"Site 3",39.10367,-96.60065,335,0.147,7.084,2172,13.13,29,0.261,12.43,2467,13.47,237.3,0.277,13.28,2508,13.7,289.7
"2022-10-21 00:00:00",349,"Site 3",39.10367,-96.60065,335,0.147,7.083,2172,12.8,28.33,0.261,12.43,2467,13.4,236.3,0.277,13.26,2508,13.8,291.3
"2022-10-21 01:00:00",350,"Site 3",39.10367,-96.60065,335,0.147,7.075,2172,12.63,28.33,0.261,12.43,2467,13.4,236.3,0.277,13.28,2508,13.8,292
"2022-10-21 02:00:00",351,"Site 3",39.10367,-96.60065,335,0.147,7.075,2172,12.6,29,0.262,12.44,2468,13.4,238.7,0.277,13.27,2508,13.8,286.7
"2022-10-21 03:00:00",352,"Site 3",39.10367,-96.60065,335,0.147,7.07,2171,12.6,29,0.262,12.44,2468,13.3,238.3,0.277,13.27,2508,13.83,286.7
"2022-10-21 04:00:00",353,"Site 3",39.10367,-96.60065,335,0.147,7.071,2171,12.6,28.33,0.262,12.44,2468,13.3,238,0.277,13.27,2508,13.9,287
"2022-10-21 05:00:00",354,"Site 3",39.10367,-96.60065,335,0.147,7.066,2171,12.6,28.67,0.262,12.44,2468,13.3,238,0.277,13.28,2508,13.9,289.3
"2022-10-21 06:00:00",355,"Site 3",39.10367,-96.60065,335,0.146,7.046,2170,12.6,25.33,0.262,12.44,2468,13.3,238,0.277,13.28,2508,13.9,289
"2022-10-21 07:00:00",356,"Site 3",39.10367,-96.60065,335,0.146,7.045,2170,12.6,24,0.262,12.44,2468,13.3,238,0.277,13.28,2508,13.9,291
"2022-10-21 08:00:00",357,"Site 3",39.10367,-96.60065,335,0.146,7.033,2169,12.53,24,0.262,12.44,2468,13.23,237.3,0.277,13.27,2508,13.97,291.3
"2022-10-21 09:00:00",358,"Site 3",39.10367,-96.60065,335,0.146,7.026,2169,12.7,24,0.262,12.44,2468,13.2,238.3,0.277,13.27,2508,14,287
"2022-10-21 10:00:00",359,"Site 3",39.10367,-96.60065,335,0.146,7.019,2168,13.17,24,0.262,12.45,2468,13.2,236.7,0.277,13.27,2508,14,287
"2022-10-21 11:00:00",360,"Site 3",39.10367,-96.60065,335,0.146,7.027,2169,14.43,24.67,0.262,12.44,2468,13.27,235,0.278,13.28,2509,14,288.3
"2022-10-21 12:00:00",361,"Site 3",39.10367,-96.60065,335,0.146,7.022,2169,15.37,25,0.262,12.44,2468,13.33,237,0.277,13.26,2508,14,289.3
"2022-10-21 13:00:00",362,"Site 3",39.10367,-96.60065,335,0.146,7.031,2169,16.57,25,0.262,12.44,2468,13.47,237.7,0.277,13.26,2508,14,287
"2022-10-21 14:00:00",363,"Site 3",39.10367,-96.60065,335,0.146,7.029,2169,17.67,25.33,0.262,12.43,2467,13.67,234.3,0.277,13.27,2508,14,287
"2022-10-21 15:00:00",364,"Site 3",39.10367,-96.60065,335,0.146,7.03,2169,18.23,25,0.261,12.42,2467,13.9,238,0.277,13.25,2507,14,286.7
"2022-10-21 16:00:00",365,"Site 3",39.10367,-96.60065,335,0.146,7.035,2169,18.97,25,0.261,12.41,2466,14.17,238.3,0.277,13.24,2507,14,284
"2022-10-21 17:00:00",366,"Site 3",39.10367,-96.60065,335,0.146,7.03,2169,18.97,25,0.261,12.41,2466,14.4,239,0.277,13.25,2507,14.03,283.7
"2022-10-21 18:00:00",367,"Site 3",39.10367,-96.60065,335,0.146,7.032,2169,18.6,25,0.261,12.41,2466,14.7,240.3,0.277,13.23,2506,14.1,286.3
"2022-10-21 19:00:00",368,"Site 3",39.10367,-96.60065,335,0.145,7.008,2168,18.1,25,0.261,12.4,2466,14.9,234.3,0.277,13.23,2506,14.1,287.3
"2022-10-21 20:00:00",369,"Site 3",39.10367,-96.60065,335,0.145,7.002,2168,17.57,25,0.261,12.4,2466,15.07,239,0.277,13.24,2507,14.2,286.3
"2022-10-21 21:00:00",370,"Site 3",39.10367,-96.60065,335,0.145,7.003,2168,17.2,24.33,0.261,12.39,2465,15.17,237.3,0.277,13.24,2507,14.2,290
"2022-10-21 22:00:00",371,"Site 3",39.10367,-96.60065,335,0.145,7.001,2167,17.03,24,0.261,12.39,2465,15.23,236.7,0.277,13.25,2507,14.3,291
"2022-10-21 23:00:00",372,"Site 3",39.10367,-96.60065,335,0.145,6.995,2167,16.83,24,0.261,12.39,2465,15.3,237,0.277,13.24,2507,14.33,288.3
"2022-10-22 00:00:00",373,"Site 3",39.10367,-96.60065,335,0.145,6.991,2167,16.63,24,0.261,12.39,2465,15.3,239,0.277,13.25,2507,14.4,287
"2022-10-22 01:00:00",374,"Site 3",39.10367,-96.60065,335,0.145,6.984,2166,16.43,24,0.261,12.39,2465,15.3,236.3,0.277,13.25,2507,14.43,286.7
"2022-10-22 02:00:00",375,"Site 3",39.10367,-96.60065,335,0.145,6.974,2166,16.23,23.67,0.261,12.38,2465,15.3,238.3,0.277,13.24,2507,14.5,290.3
"2022-10-22 03:00:00",376,"Site 3",39.10367,-96.60065,335,0.145,6.974,2166,16.03,23.33,0.261,12.39,2465,15.3,239,0.277,13.24,2507,14.53,288
"2022-10-22 04:00:00",377,"Site 3",39.10367,-96.60065,335,0.145,6.974,2166,15.87,23,0.261,12.39,2465,15.3,238.7,0.277,13.25,2507,14.6,287
"2022-10-22 05:00:00",378,"Site 3",39.10367,-96.60065,335,0.144,6.97,2166,15.73,23,0.261,12.39,2465,15.3,239.7,0.277,13.24,2507,14.6,290.7
"2022-10-22 06:00:00",379,"Site 3",39.10367,-96.60065,335,0.144,6.962,2165,15.63,23.33,0.261,12.39,2465,15.3,239,0.277,13.24,2507,14.7,290
"2022-10-22 07:00:00",380,"Site 3",39.10367,-96.60065,335,0.144,6.949,2164,15.47,19.33,0.261,12.39,2465,15.3,239.7,0.277,13.24,2507,14.7,290.7
"2022-10-22 08:00:00",381,"Site 3",39.10367,-96.60065,335,0.144,6.933,2164,15.3,17.67,0.261,12.4,2466,15.3,237,0.277,13.25,2507,14.7,289.7
"2022-10-22 09:00:00",382,"Site 3",39.10367,-96.60065,335,0.143,6.927,2163,15.33,18,0.261,12.39,2465,15.2,236.7,0.277,13.25,2507,14.8,292.3
"2022-10-22 10:00:00",383,"Site 3",39.10367,-96.60065,335,0.143,6.925,2163,15.63,18,0.261,12.4,2466,15.2,237,0.277,13.25,2507,14.8,291.7
"2022-10-22 11:00:00",384,"Site 3",39.10367,-96.60065,335,0.144,6.93,2163,16.43,18.33,0.261,12.39,2466,15.2,236.7,0.277,13.24,2507,14.8,287
"2022-10-22 12:00:00",385,"Site 3",39.10367,-96.60065,335,0.144,6.935,2164,17.4,19,0.261,12.39,2465,15.2,238.7,0.277,13.24,2507,14.8,289
"2022-10-22 13:00:00",386,"Site 3",39.10367,-96.60065,335,0.144,6.942,2164,18.57,19.67,0.261,12.4,2466,15.3,237.3,0.276,13.22,2506,14.87,288.3
"2022-10-22 14:00:00",387,"Site 3",39.10367,-96.60065,335,0.144,6.943,2164,19.37,20,0.261,12.39,2465,15.47,238.3,0.277,13.24,2507,14.9,289.3
"2022-10-22 15:00:00",388,"Site 3",39.10367,-96.60065,335,0.144,6.94,2164,19.67,20,0.261,12.39,2465,15.67,237,0.276,13.22,2506,14.9,287.3
"2022-10-22 16:00:00",389,"Site 3",39.10367,-96.60065,335,0.144,6.935,2164,20.4,20.33,0.26,12.37,2465,15.87,240,0.276,13.22,2506,14.9,285
"2022-10-22 17:00:00",390,"Site 3",39.10367,-96.60065,335,0.144,6.942,2164,20.47,20.33,0.26,12.38,2465,16.1,240,0.276,13.22,2506,14.9,285.7
"2022-10-22 18:00:00",391,"Site 3",39.10367,-96.60065,335,0.144,6.93,2163,19.9,20.33,0.26,12.37,2465,16.3,240.7,0.276,13.22,2506,14.97,286
"2022-10-22 19:00:00",392,"Site 3",39.10367,-96.60065,335,0.143,6.927,2163,19.37,20.33,0.26,12.37,2464,16.47,240.7,0.276,13.22,2506,15,289.7
"2022-10-22 20:00:00",393,"Site 3",39.10367,-96.60065,335,0.143,6.91,2162,18.83,20,0.26,12.37,2464,16.57,239.7,0.276,13.21,2505,15.07,284
"2022-10-22 21:00:00",394,"Site 3",39.10367,-96.60065,335,0.143,6.909,2162,18.4,19.67,0.26,12.36,2464,16.6,237.7,0.276,13.22,2506,15.1,292
"2022-10-22 22:00:00",395,"Site 3",39.10367,-96.60065,335,0.143,6.898,2162,18.3,19.33,0.26,12.37,2464,16.6,236.7,0.276,13.22,2506,15.13,289.3
"2022-10-22 23:00:00",396,"Site 3",39.10367,-96.60065,335,0.143,6.898,2161,18.2,19.33,0.26,12.37,2464,16.7,238.7,0.276,13.22,2506,15.2,287
"2022-10-23 00:00:00",397,"Site 3",39.10367,-96.60065,335,0.143,6.892,2161,18.13,19,0.26,12.37,2464,16.7,236.3,0.277,13.23,2506,15.27,289
"2022-10-23 01:00:00",398,"Site 3",39.10367,-96.60065,335,0.143,6.894,2161,18.03,19,0.26,12.36,2464,16.7,237.7,0.276,13.23,2506,15.3,290.7
"2022-10-23 02:00:00",399,"Site 3",39.10367,-96.60065,335,0.143,6.883,2161,17.93,19,0.26,12.36,2464,16.7,236,0.276,13.22,2506,15.33,291.7
"2022-10-23 03:00:00",400,"Site 3",39.10367,-96.60065,335,0.142,6.882,2161,17.83,19,0.26,12.37,2464,16.7,235,0.277,13.23,2506,15.4,289.7
"2022-10-23 04:00:00",401,"Site 3",39.10367,-96.60065,335,0.142,6.878,2160,17.73,19,0.26,12.37,2464,16.7,236.7,0.277,13.23,2506,15.4,290.3
"2022-10-23 05:00:00",402,"Site 3",39.10367,-96.60065,335,0.142,6.871,2160,17.7,19,0.26,12.36,2464,16.7,237,0.277,13.23,2506,15.5,290.7
"2022-10-23 06:00:00",403,"Site 3",39.10367,-96.60065,335,0.142,6.864,2160,17.67,19,0.26,12.37,2464,16.7,236.7,0.277,13.23,2506,15.5,293
"2022-10-23 07:00:00",404,"Site 3",39.10367,-96.60065,335,0.142,6.864,2160,17.6,18.67,0.26,12.37,2464,16.7,238.3,0.277,13.23,2506,15.5,291.3
"2022-10-23 08:00:00",405,"Site 3",39.10367,-96.60065,335,0.142,6.851,2159,17.6,19,0.26,12.37,2464,16.7,238.7,0.277,13.23,2506,15.6,293
"2022-10-23 09:00:00",406,"Site 3",39.10367,-96.60065,335,0.142,6.853,2159,17.77,19,0.26,12.36,2464,16.7,237.7,0.277,13.23,2506,15.6,292
"2022-10-23 10:00:00",407,"Site 3",39.10367,-96.60065,335,0.142,6.849,2159,18.1,18.67,0.26,12.36,2464,16.7,238.7,0.277,13.24,2506,15.6,291.7
"2022-10-23 11:00:00",408,"Site 3",39.10367,-96.60065,335,0.142,6.858,2159,18.8,19,0.26,12.37,2464,16.7,239,0.277,13.23,2506,15.6,292.3
"2022-10-23 12:00:00",409,"Site 3",39.10367,-96.60065,335,0.142,6.863,2160,19.77,19.67,0.26,12.36,2464,16.73,235.3,0.276,13.22,2505,15.67,292.3
"2022-10-23 13:00:00",410,"Site 3",39.10367,-96.60065,335,0.142,6.862,2159,20.27,20,0.26,12.36,2464,16.87,238.7,0.276,13.22,2506,15.7,289.7
"2022-10-23 14:00:00",411,"Site 3",39.10367,-96.60065,335,0.142,6.854,2159,20.1,19,0.26,12.36,2464,17.03,241.3,0.276,13.21,2505,15.7,289.7
"2022-10-23 15:00:00",412,"Site 3",39.10367,-96.60065,335,0.142,6.855,2159,20.43,19.33,0.26,12.36,2464,17.17,237.7,0.276,13.21,2505,15.7,292.3
"2022-10-23 16:00:00",413,"Site 3",39.10367,-96.60065,335,0.142,6.858,2159,21.17,20,0.26,12.35,2463,17.27,241,0.276,13.21,2505,15.8,292.3
"2022-10-23 17:00:00",414,"Site 3",39.10367,-96.60065,335,0.142,6.853,2159,21.37,19.67,0.26,12.35,2463,17.43,241,0.276,13.21,2505,15.8,291.3
"2022-10-23 18:00:00",415,"Site 3",39.10367,-96.60065,335,0.142,6.847,2159,21.03,19,0.26,12.35,2463,17.6,241.3,0.276,13.2,2505,15.8,287.3
"2022-10-23 19:00:00",416,"Site 3",39.10367,-96.60065,335,0.141,6.832,2158,20.67,19,0.26,12.34,2463,17.73,240.3,0.276,13.21,2505,15.9,291.7
"2022-10-23 20:00:00",417,"Site 3",39.10367,-96.60065,335,0.141,6.829,2158,20.33,19,0.26,12.34,2463,17.83,242.3,0.276,13.2,2505,15.9,290.3
"2022-10-23 21:00:00",418,"Site 3",39.10367,-96.60065,335,0.141,6.814,2157,20.13,18.67,0.26,12.34,2463,17.9,241,0.276,13.22,2506,15.97,290.7
"2022-10-23 22:00:00",419,"Site 3",39.10367,-96.60065,335,0.141,6.815,2157,20,19,0.26,12.34,2463,17.9,242.7,0.276,13.21,2505,16,290.3
"2022-10-23 23:00:00",420,"Site 3",39.10367,-96.60065,335,0.141,6.811,2157,19.9,18.67,0.26,12.34,2463,17.93,241.3,0.276,13.2,2505,16.07,293
"2022-10-24 00:00:00",421,"Site 3",39.10367,-96.60065,335,0.141,6.8,2156,19.8,18,0.26,12.34,2463,18,241.7,0.276,13.21,2505,16.1,293.3
"2022-10-24 01:00:00",422,"Site 3",39.10367,-96.60065,335,0.141,6.802,2156,19.67,19,0.26,12.34,2463,18,240.3,0.276,13.21,2505,16.17,288.3
"2022-10-24 02:00:00",423,"Site 3",39.10367,-96.60065,335,0.14,6.791,2155,19.6,18.67,0.26,12.34,2463,18,241.3,0.276,13.22,2506,16.2,291
"2022-10-24 03:00:00",424,"Site 3",39.10367,-96.60065,335,0.14,6.782,2155,19.5,18,0.26,12.34,2463,18,242,0.276,13.21,2505,16.2,288.7
"2022-10-24 04:00:00",425,"Site 3",39.10367,-96.60065,335,0.14,6.779,2155,19.37,18.33,0.26,12.34,2463,18,240.3,0.276,13.22,2506,16.3,292
"2022-10-24 05:00:00",426,"Site 3",39.10367,-96.60065,335,0.14,6.777,2155,18.97,18,0.26,12.34,2463,18,242,0.276,13.22,2506,16.3,294.3
"2022-10-24 06:00:00",427,"Site 3",39.10367,-96.60065,335,0.14,6.772,2154,18.53,18,0.26,12.33,2463,18,242.7,0.277,13.23,2506,16.33,294.7
"2022-10-24 07:00:00",428,"Site 3",39.10367,-96.60065,335,0.14,6.77,2154,18.07,18,0.26,12.33,2462,17.9,241.7,0.276,13.22,2506,16.4,295.3
"2022-10-24 08:00:00",429,"Site 3",39.10367,-96.60065,335,0.14,6.774,2154,17.53,17.67,0.26,12.34,2463,17.87,240.7,0.276,13.23,2506,16.4,293.7
"2022-10-24 09:00:00",430,"Site 3",39.10367,-96.60065,335,0.14,6.767,2154,17.07,17.67,0.26,12.33,2463,17.77,240,0.276,13.23,2506,16.4,294.7
"2022-10-24 10:00:00",431,"Site 3",39.10367,-96.60065,335,0.14,6.778,2155,16.63,17.33,0.26,12.33,2462,17.63,239.3,0.277,13.23,2506,16.47,293
"2022-10-24 11:00:00",432,"Site 3",39.10367,-96.60065,335,0.141,6.811,2156,16.23,17.67,0.26,12.34,2463,17.53,239.7,0.276,13.22,2506,16.5,288.7
"2022-10-24 12:00:00",433,"Site 3",39.10367,-96.60065,335,0.142,6.843,2158,15.83,18,0.26,12.35,2463,17.37,241,0.276,13.21,2505,16.5,291
"2022-10-24 13:00:00",434,"Site 3",39.10367,-96.60065,335,0.143,6.889,2161,15.5,18.33,0.26,12.35,2463,17.23,241,0.277,13.23,2506,16.5,290.7
"2022-10-24 14:00:00",435,"Site 3",39.10367,-96.60065,335,0.144,6.932,2163,15.23,19.67,0.26,12.36,2464,17.07,238.3,0.276,13.22,2506,16.5,294.7
"2022-10-24 15:00:00",436,"Site 3",39.10367,-96.60065,335,0.144,6.971,2166,15.1,22,0.26,12.36,2464,16.93,239.7,0.276,13.23,2506,16.5,292.3
"2022-10-24 16:00:00",437,"Site 3",39.10367,-96.60065,335,0.145,7,2167,15.1,25,0.26,12.37,2464,16.83,240.7,0.277,13.24,2507,16.5,296.3
"2022-10-24 17:00:00",438,"Site 3",39.10367,-96.60065,335,0.146,7.026,2169,14.97,27.67,0.26,12.37,2464,16.67,237.7,0.277,13.23,2506,16.5,295
"2022-10-24 18:00:00",439,"Site 3",39.10367,-96.60065,335,0.146,7.043,2170,14.77,29.67,0.26,12.37,2464,16.57,235.3,0.277,13.24,2506,16.5,294
"2022-10-24 19:00:00",440,"Site 3",39.10367,-96.60065,335,0.147,7.069,2171,14.37,31,0.26,12.37,2464,16.47,240,0.276,13.22,2506,16.43,290.3
"2022-10-24 20:00:00",441,"Site 3",39.10367,-96.60065,335,0.147,7.09,2173,13.83,32.67,0.26,12.37,2465,16.37,239.7,0.277,13.24,2506,16.4,294
"2022-10-24 21:00:00",442,"Site 3",39.10367,-96.60065,335,0.148,7.108,2174,13.37,34,0.26,12.38,2465,16.23,239.3,0.277,13.23,2506,16.4,291.7
"2022-10-24 22:00:00",443,"Site 3",39.10367,-96.60065,335,0.148,7.125,2175,12.93,34.67,0.261,12.38,2465,16.07,234.7,0.277,13.24,2507,16.4,291.7
"2022-10-24 23:00:00",444,"Site 3",39.10367,-96.60065,335,0.148,7.144,2176,12.47,36,0.261,12.39,2465,15.93,237.7,0.277,13.24,2506,16.37,293.3
"2022-10-25 00:00:00",445,"Site 3",39.10367,-96.60065,335,0.149,7.167,2177,12.03,37,0.261,12.39,2465,15.77,238.3,0.277,13.23,2506,16.3,290.7
"2022-10-25 01:00:00",446,"Site 3",39.10367,-96.60065,335,0.149,7.176,2177,11.7,37,0.261,12.39,2465,15.57,234.3,0.277,13.23,2506,16.3,294.7
"2022-10-25 02:00:00",447,"Site 3",39.10367,-96.60065,335,0.149,7.192,2178,11.53,38,0.261,12.39,2466,15.4,233,0.277,13.23,2506,16.27,296.3
"2022-10-25 03:00:00",448,"Site 3",39.10367,-96.60065,335,0.15,7.204,2179,11.3,39.33,0.261,12.4,2466,15.23,238,0.277,13.24,2506,16.2,296
"2022-10-25 04:00:00",449,"Site 3",39.10367,-96.60065,335,0.15,7.217,2180,11.1,39.67,0.261,12.4,2466,15.07,237.3,0.277,13.24,2507,16.2,296
"2022-10-25 05:00:00",450,"Site 3",39.10367,-96.60065,335,0.15,7.229,2181,10.9,40,0.261,12.41,2466,14.87,237.3,0.277,13.23,2506,16.13,294.7
"2022-10-25 06:00:00",451,"Site 3",39.10367,-96.60065,335,0.15,7.234,2181,10.7,41,0.261,12.42,2467,14.73,236.7,0.277,13.25,2507,16.1,296.7
"2022-10-25 07:00:00",452,"Site 3",39.10367,-96.60065,335,0.151,7.248,2182,10.4,41,0.261,12.41,2466,14.57,236.3,0.277,13.24,2507,16,294.3
"2022-10-25 08:00:00",453,"Site 3",39.10367,-96.60065,335,0.151,7.262,2182,10.03,41,0.261,12.42,2467,14.43,233.7,0.277,13.23,2506,16,296
"2022-10-25 09:00:00",454,"Site 3",39.10367,-96.60065,335,0.151,7.271,2183,9.97,41.67,0.261,12.43,2467,14.27,234,0.277,13.24,2507,15.93,291.3
"2022-10-25 10:00:00",455,"Site 3",39.10367,-96.60065,335,0.151,7.271,2183,10.27,42.67,0.262,12.43,2467,14.13,233,0.277,13.24,2507,15.9,293
"2022-10-25 11:00:00",456,"Site 3",39.10367,-96.60065,335,0.151,7.263,2183,11.13,43,0.261,12.43,2467,14,232.7,0.277,13.23,2506,15.8,296.3
"2022-10-25 12:00:00",457,"Site 3",39.10367,-96.60065,335,0.15,7.239,2181,12.6,43,0.262,12.43,2467,13.9,231.3,0.277,13.23,2506,15.77,295
"2022-10-25 13:00:00",458,"Site 3",39.10367,-96.60065,335,0.15,7.233,2181,14.03,43,0.262,12.44,2468,13.9,234,0.277,13.23,2506,15.7,295
"2022-10-25 14:00:00",459,"Site 3",39.10367,-96.60065,335,0.15,7.24,2181,15.03,42.33,0.261,12.43,2467,14,232.7,0.277,13.23,2506,15.63,294
"2022-10-25 15:00:00",460,"Site 3",39.10367,-96.60065,335,0.15,7.235,2181,15.17,41.67,0.261,12.42,2467,14.17,234.3,0.277,13.23,2506,15.6,292.7
"2022-10-25 16:00:00",461,"Site 3",39.10367,-96.60065,335,0.15,7.232,2181,16.03,42,0.261,12.42,2467,14.33,234.3,0.277,13.23,2506,15.53,290
"2022-10-25 17:00:00",462,"Site 3",39.10367,-96.60065,335,0.151,7.246,2182,16,40.67,0.261,12.41,2466,14.47,231.7,0.276,13.22,2506,15.5,289
"2022-10-25 18:00:00",463,"Site 3",39.10367,-96.60065,335,0.15,7.236,2181,15.27,40.33,0.261,12.4,2466,14.63,235.7,0.277,13.23,2506,15.5,293.3
"2022-10-25 19:00:00",464,"Site 3",39.10367,-96.60065,335,0.15,7.231,2181,14.4,39.67,0.261,12.4,2466,14.73,235.3,0.276,13.23,2506,15.47,293
"2022-10-25 20:00:00",465,"Site 3",39.10367,-96.60065,335,0.15,7.234,2181,13.57,39,0.261,12.39,2466,14.8,234.3,0.276,13.22,2506,15.4,294.7
"2022-10-25 21:00:00",466,"Site 3",39.10367,-96.60065,335,0.151,7.246,2182,12.77,39.67,0.261,12.39,2466,14.8,234.7,0.277,13.24,2507,15.4,290.7
"2022-10-25 22:00:00",467,"Site 3",39.10367,-96.60065,335,0.151,7.268,2183,12.1,40,0.261,12.4,2466,14.7,234,0.277,13.23,2506,15.4,294.7
"2022-10-25 23:00:00",468,"Site 3",39.10367,-96.60065,335,0.151,7.28,2183,11.5,40.67,0.261,12.4,2466,14.57,233.3,0.276,13.22,2506,15.4,294
"2022-10-26 00:00:00",469,"Site 3",39.10367,-96.60065,335,0.151,7.284,2184,11.03,41,0.261,12.41,2466,14.47,231.3,0.276,13.22,2506,15.4,292.7
"2022-10-26 01:00:00",470,"Site 3",39.10367,-96.60065,335,0.152,7.298,2185,10.6,41.33,0.261,12.41,2466,14.3,231,0.276,13.22,2506,15.4,295
"2022-10-26 02:00:00",471,"Site 3",39.10367,-96.60065,335,0.152,7.311,2185,10.2,41.33,0.261,12.41,2466,14.17,231.3,0.277,13.23,2506,15.4,294.7
"2022-10-26 03:00:00",472,"Site 3",39.10367,-96.60065,335,0.152,7.324,2186,9.8,41.33,0.261,12.42,2467,13.97,231.7,0.277,13.23,2506,15.37,294.7
"2022-10-26 04:00:00",473,"Site 3",39.10367,-96.60065,335,0.153,7.332,2186,9.5,41.33,0.261,12.42,2467,13.83,232.3,0.277,13.23,2506,15.3,294
"2022-10-26 05:00:00",474,"Site 3",39.10367,-96.60065,335,0.153,7.34,2187,9.2,41.67,0.261,12.43,2467,13.67,228.3,0.277,13.24,2506,15.3,294.7
"2022-10-26 06:00:00",475,"Site 3",39.10367,-96.60065,335,0.153,7.348,2187,8.97,41.67,0.261,12.43,2467,13.5,229.3,0.276,13.22,2506,15.3,294.7
"2022-10-26 07:00:00",476,"Site 3",39.10367,-96.60065,335,0.153,7.357,2188,8.7,42,0.262,12.44,2468,13.33,229.7,0.277,13.23,2506,15.23,289
"2022-10-26 08:00:00",477,"Site 3",39.10367,-96.60065,335,0.153,7.362,2188,8.53,41.67,0.262,12.44,2468,13.17,230,0.277,13.23,2506,15.2,293.3
"2022-10-26 09:00:00",478,"Site 3",39.10367,-96.60065,335,0.153,7.371,2189,8.7,42.33,0.262,12.44,2468,13.03,228.3,0.277,13.23,2506,15.13,287
"2022-10-26 10:00:00",479,"Site 3",39.10367,-96.60065,335,0.153,7.355,2188,9.1,42.67,0.262,12.44,2468,12.9,229,0.277,13.24,2506,15.1,290
"2022-10-26 11:00:00",480,"Site 3",39.10367,-96.60065,335,0.153,7.342,2187,9.93,42.67,0.262,12.45,2468,12.8,228.3,0.277,13.24,2506,15.07,291
"2022-10-26 12:00:00",481,"Site 3",39.10367,-96.60065,335,0.152,7.319,2186,11.07,42.67,0.262,12.44,2468,12.7,229,0.277,13.24,2507,15,293.7
"2022-10-26 13:00:00",482,"Site 3",39.10367,-96.60065,335,0.152,7.309,2185,12.37,43,0.262,12.44,2468,12.73,229,0.277,13.23,2506,14.93,292
"2022-10-26 14:00:00",483,"Site 3",39.10367,-96.60065,335,0.152,7.301,2185,13.37,42,0.262,12.44,2468,12.83,229,0.277,13.24,2507,14.9,290
"2022-10-26 15:00:00",484,"Site 3",39.10367,-96.60065,335,0.152,7.299,2185,13.63,41,0.262,12.44,2468,12.97,230.3,0.276,13.22,2506,14.83,291
"2022-10-26 16:00:00",485,"Site 3",39.10367,-96.60065,335,0.151,7.282,2184,13.9,41,0.262,12.43,2467,13.13,228,0.277,13.24,2506,14.8,289
"2022-10-26 17:00:00",486,"Site 3",39.10367,-96.60065,335,0.151,7.282,2184,13.8,40,0.261,12.42,2467,13.3,229.3,0.276,13.23,2506,14.77,293
"2022-10-26 18:00:00",487,"Site 3",39.10367,-96.60065,335,0.151,7.276,2183,13.43,39.67,0.261,12.42,2467,13.43,229.3,0.277,13.23,2506,14.7,293
"2022-10-26 19:00:00",488,"Site 3",39.10367,-96.60065,335,0.151,7.265,2183,13.07,39,0.261,12.41,2466,13.53,227.3,0.277,13.23,2506,14.7,291.3
"2022-10-26 20:00:00",489,"Site 3",39.10367,-96.60065,335,0.151,7.262,2182,12.63,39,0.261,12.41,2466,13.6,228.7,0.277,13.23,2506,14.7,287.3
"2022-10-26 21:00:00",490,"Site 3",39.10367,-96.60065,335,0.151,7.266,2183,12.3,39,0.261,12.41,2466,13.6,228.7,0.277,13.23,2506,14.7,293
"2022-10-26 22:00:00",491,"Site 3",39.10367,-96.60065,335,0.151,7.276,2183,12,39,0.261,12.41,2466,13.6,227,0.277,13.23,2506,14.7,293.3
"2022-10-26 23:00:00",492,"Site 3",39.10367,-96.60065,335,0.151,7.277,2183,11.7,39,0.261,12.41,2466,13.6,227.7,0.277,13.23,2506,14.7,289.3
"2022-10-27 00:00:00",493,"Site 3",39.10367,-96.60065,335,0.151,7.282,2184,11.4,39,0.261,12.42,2467,13.53,228.3,0.277,13.24,2506,14.7,288.3
"2022-10-27 01:00:00",494,"Site 3",39.10367,-96.60065,335,0.152,7.286,2184,11.17,40,0.261,12.42,2467,13.5,229,0.276,13.22,2506,14.7,290.7
"2022-10-27 02:00:00",495,"Site 3",39.10367,-96.60065,335,0.152,7.297,2184,11,39.33,0.261,12.41,2466,13.4,228,0.277,13.23,2506,14.7,290.7
"2022-10-27 03:00:00",496,"Site 3",39.10367,-96.60065,335,0.152,7.297,2184,10.8,39.33,0.261,12.42,2467,13.37,226.3,0.277,13.23,2506,14.7,289.3
"2022-10-27 04:00:00",497,"Site 3",39.10367,-96.60065,335,0.152,7.304,2185,10.63,40,0.261,12.42,2467,13.3,228,0.277,13.23,2506,14.63,292
"2022-10-27 05:00:00",498,"Site 3",39.10367,-96.60065,335,0.152,7.304,2185,10.57,40,0.261,12.42,2467,13.2,226.7,0.277,13.23,2506,14.6,288.3
"2022-10-27 06:00:00",499,"Site 3",39.10367,-96.60065,335,0.152,7.301,2185,10.5,40,0.261,12.42,2467,13.13,227.3,0.276,13.22,2506,14.6,292
"2022-10-27 07:00:00",500,"Site 3",39.10367,-96.60065,335,0.152,7.306,2185,10.5,40,0.261,12.42,2467,13.07,227,0.276,13.22,2506,14.6,291.7
"2022-10-27 08:00:00",501,"Site 3",39.10367,-96.60065,335,0.152,7.31,2185,10.5,40,0.261,12.43,2467,13,225,0.276,13.23,2506,14.6,290
"2022-10-27 09:00:00",502,"Site 3",39.10367,-96.60065,335,0.152,7.297,2184,10.6,40,0.261,12.42,2467,12.97,225.3,0.277,13.23,2506,14.6,289.7
"2022-10-27 10:00:00",503,"Site 3",39.10367,-96.60065,335,0.152,7.295,2184,10.93,39.67,0.261,12.42,2467,12.9,225.3,0.276,13.21,2505,14.5,288.7
"2022-10-27 11:00:00",504,"Site 3",39.10367,-96.60065,335,0.151,7.281,2184,11.4,39.67,0.261,12.43,2467,12.9,226,0.276,13.23,2506,14.5,287.7
"2022-10-27 12:00:00",505,"Site 3",39.10367,-96.60065,335,0.151,7.265,2183,12.13,39.67,0.261,12.42,2467,12.9,226,0.276,13.22,2506,14.5,287.7
"2022-10-27 13:00:00",506,"Site 3",39.10367,-96.60065,335,0.151,7.259,2182,13.2,39.33,0.261,12.42,2467,12.9,220.7,0.276,13.22,2506,14.5,290
"2022-10-27 14:00:00",507,"Site 3",39.10367,-96.60065,335,0.151,7.262,2182,13.93,39,0.261,12.42,2467,13,221,0.276,13.23,2506,14.43,288
"2022-10-27 15:00:00",508,"Site 3",39.10367,-96.60065,335,0.151,7.262,2182,13.9,38.67,0.261,12.42,2467,13.13,224.3,0.276,13.22,2506,14.4,291.3
"2022-10-27 16:00:00",509,"Site 3",39.10367,-96.60065,335,0.151,7.25,2182,13.9,38.67,0.261,12.42,2467,13.27,225.7,0.277,13.23,2506,14.4,287.3
"2022-10-27 17:00:00",510,"Site 3",39.10367,-96.60065,335,0.151,7.243,2181,13.9,38,0.261,12.4,2466,13.37,225.7,0.276,13.22,2506,14.4,286
"2022-10-27 18:00:00",511,"Site 3",39.10367,-96.60065,335,0.15,7.233,2181,13.7,37.67,0.261,12.4,2466,13.47,223.3,0.276,13.22,2506,14.4,286.7
"2022-10-27 19:00:00",512,"Site 3",39.10367,-96.60065,335,0.15,7.229,2181,13.43,37,0.261,12.4,2466,13.53,226.7,0.277,13.23,2506,14.4,285.3
"2022-10-27 20:00:00",513,"Site 3",39.10367,-96.60065,335,0.15,7.229,2181,13.23,37,0.261,12.4,2466,13.6,225.7,0.277,13.23,2506,14.4,282.7
"2022-10-27 21:00:00",514,"Site 3",39.10367,-96.60065,335,0.15,7.222,2180,13,37,0.261,12.4,2466,13.6,226.3,0.277,13.23,2506,14.4,289.7
"2022-10-27 22:00:00",515,"Site 3",39.10367,-96.60065,335,0.15,7.228,2181,12.8,37,0.261,12.4,2466,13.6,224.3,0.277,13.23,2506,14.4,288
"2022-10-27 23:00:00",516,"Site 3",39.10367,-96.60065,335,0.151,7.242,2181,12.6,37,0.261,12.39,2465,13.6,224.3,0.276,13.22,2506,14.4,285
"2022-10-28 00:00:00",517,"Site 3",39.10367,-96.60065,335,0.151,7.252,2182,12.43,37,0.261,12.4,2466,13.6,226.7,0.277,13.23,2506,14.4,286.7
"2022-10-28 01:00:00",518,"Site 3",39.10367,-96.60065,335,0.151,7.254,2182,12.3,37,0.261,12.4,2466,13.6,224.3,0.277,13.24,2506,14.4,288.3
"2022-10-28 02:00:00",519,"Site 3",39.10367,-96.60065,335,0.151,7.253,2182,12.2,37,0.261,12.39,2465,13.6,224.3,0.277,13.24,2507,14.4,286.7
"2022-10-28 03:00:00",520,"Site 3",39.10367,-96.60065,335,0.151,7.257,2182,12.07,37,0.261,12.4,2466,13.5,224.3,0.277,13.23,2506,14.4,287.7
"2022-10-28 04:00:00",521,"Site 3",39.10367,-96.60065,335,0.151,7.251,2182,12,37,0.261,12.39,2465,13.5,225.3,0.277,13.23,2506,14.4,286.3
"2022-10-28 05:00:00",522,"Site 3",39.10367,-96.60065,335,0.151,7.261,2182,11.8,37,0.261,12.4,2466,13.47,226.3,0.277,13.24,2507,14.4,292
"2022-10-28 06:00:00",523,"Site 3",39.10367,-96.60065,335,0.151,7.274,2183,11.43,37,0.261,12.39,2465,13.4,225.7,0.277,13.23,2506,14.4,290.7
"2022-10-28 07:00:00",524,"Site 3",39.10367,-96.60065,335,0.151,7.273,2183,11.1,37.33,0.261,12.41,2466,13.4,224.7,0.277,13.23,2506,14.4,286
"2022-10-28 08:00:00",525,"Site 3",39.10367,-96.60065,335,0.151,7.279,2183,10.93,37.33,0.261,12.4,2466,13.3,225.7,0.277,13.23,2506,14.4,285.3
"2022-10-28 09:00:00",526,"Site 3",39.10367,-96.60065,335,0.151,7.278,2183,10.87,37.67,0.261,12.41,2466,13.23,225.3,0.277,13.24,2506,14.4,290
"2022-10-28 10:00:00",527,"Site 3",39.10367,-96.60065,335,0.151,7.272,2183,11.17,38,0.261,12.41,2466,13.17,221.7,0.277,13.24,2506,14.4,288.7
"2022-10-28 11:00:00",528,"Site 3",39.10367,-96.60065,335,0.151,7.256,2182,12.03,38,0.261,12.41,2466,13.1,221.7,0.277,13.23,2506,14.4,288.3
"2022-10-28 12:00:00",529,"Site 3",39.10367,-96.60065,335,0.151,7.248,2182,13.4,38,0.261,12.41,2466,13.1,221.7,0.277,13.23,2506,14.4,289
"2022-10-28 13:00:00",530,"Site 3",39.10367,-96.60065,335,0.151,7.256,2182,14.87,38,0.261,12.4,2466,13.17,221.7,0.277,13.23,2506,14.37,288.3
"2022-10-28 14:00:00",531,"Site 3",39.10367,-96.60065,335,0.151,7.254,2182,15.67,37,0.261,12.4,2466,13.3,225.3,0.276,13.22,2506,14.3,291.7
"2022-10-28 15:00:00",532,"Site 3",39.10367,-96.60065,335,0.151,7.243,2181,15.7,37,0.261,12.4,2466,13.5,224.7,0.276,13.22,2506,14.3,290
"2022-10-28 16:00:00",533,"Site 3",39.10367,-96.60065,335,0.15,7.237,2181,16.3,37,0.261,12.39,2465,13.7,225,0.276,13.22,2506,14.3,291.3
"2022-10-28 17:00:00",534,"Site 3",39.10367,-96.60065,335,0.151,7.243,2181,16.37,35.67,0.261,12.39,2465,13.87,226.7,0.276,13.22,2506,14.3,291.7
"2022-10-28 18:00:00",535,"Site 3",39.10367,-96.60065,335,0.15,7.234,2181,15.8,35.67,0.26,12.38,2465,14.03,227,0.276,13.21,2505,14.3,291.7
"2022-10-28 19:00:00",536,"Site 3",39.10367,-96.60065,335,0.15,7.222,2180,15,35,0.26,12.38,2465,14.2,226.7,0.276,13.22,2506,14.3,287.3
"2022-10-28 20:00:00",537,"Site 3",39.10367,-96.60065,335,0.15,7.208,2179,14.23,34.67,0.26,12.37,2464,14.27,226.7,0.276,13.22,2506,14.33,290
"2022-10-28 21:00:00",538,"Site 3",39.10367,-96.60065,335,0.15,7.208,2179,13.53,34,0.26,12.37,2464,14.3,226.7,0.276,13.22,2506,14.4,289.7
"2022-10-28 22:00:00",539,"Site 3",39.10367,-96.60065,335,0.15,7.219,2180,12.97,34,0.26,12.37,2464,14.2,227.3,0.276,13.22,2506,14.4,287.7
"2022-10-28 23:00:00",540,"Site 3",39.10367,-96.60065,335,0.15,7.231,2181,12.43,34,0.261,12.38,2465,14.17,223.3,0.276,13.22,2506,14.4,287.3
"2022-10-29 00:00:00",541,"Site 3",39.10367,-96.60065,335,0.15,7.235,2181,11.97,34.67,0.26,12.38,2465,14.07,224.7,0.276,13.22,2506,14.4,289
"2022-10-29 01:00:00",542,"Site 3",39.10367,-96.60065,335,0.151,7.241,2181,11.53,34.33,0.261,12.38,2465,13.97,225.3,0.277,13.23,2506,14.47,288
"2022-10-29 02:00:00",543,"Site 3",39.10367,-96.60065,335,0.151,7.249,2182,11.2,35,0.261,12.38,2465,13.83,226,0.277,13.23,2506,14.5,290.7
"2022-10-29 03:00:00",544,"Site 3",39.10367,-96.60065,335,0.151,7.253,2182,10.8,35,0.261,12.39,2465,13.73,225.3,0.276,13.22,2506,14.5,289.3
"2022-10-29 04:00:00",545,"Site 3",39.10367,-96.60065,335,0.151,7.26,2182,10.5,35.33,0.261,12.39,2465,13.6,224.3,0.277,13.24,2507,14.5,291.7
"2022-10-29 05:00:00",546,"Site 3",39.10367,-96.60065,335,0.151,7.264,2183,10.2,35.33,0.261,12.4,2466,13.47,225,0.276,13.22,2506,14.5,291
"2022-10-29 06:00:00",547,"Site 3",39.10367,-96.60065,335,0.151,7.272,2183,9.9,35,0.261,12.4,2466,13.33,224.3,0.277,13.23,2506,14.5,287.7
"2022-10-29 07:00:00",548,"Site 3",39.10367,-96.60065,335,0.151,7.275,2183,9.7,35,0.261,12.4,2466,13.17,221,0.276,13.22,2506,14.43,290.7
"2022-10-29 08:00:00",549,"Site 3",39.10367,-96.60065,335,0.152,7.286,2184,9.47,35,0.261,12.41,2466,13.03,223.3,0.276,13.22,2506,14.4,288.3
"2022-10-29 09:00:00",550,"Site 3",39.10367,-96.60065,335,0.151,7.278,2183,9.47,35.67,0.261,12.41,2466,12.93,224,0.276,13.23,2506,14.4,289.7
"2022-10-29 10:00:00",551,"Site 3",39.10367,-96.60065,335,0.151,7.27,2183,9.87,36,0.261,12.42,2467,12.8,221.3,0.277,13.23,2506,14.4,288.3
"2022-10-29 11:00:00",552,"Site 3",39.10367,-96.60065,335,0.151,7.255,2182,10.53,36,0.261,12.42,2467,12.7,224.3,0.276,13.22,2506,14.37,288.7
"2022-10-29 12:00:00",553,"Site 3",39.10367,-96.60065,335,0.15,7.237,2181,11.6,36,0.261,12.41,2466,12.63,221.3,0.277,13.24,2507,14.3,286.3
"2022-10-29 13:00:00",554,"Site 3",39.10367,-96.60065,335,0.15,7.231,2181,13.47,36.33,0.261,12.42,2467,12.67,222,0.277,13.23,2506,14.3,292
"2022-10-29 14:00:00",555,"Site 3",39.10367,-96.60065,335,0.15,7.239,2181,14.67,35.67,0.261,12.41,2466,12.77,221.7,0.277,13.23,2506,14.27,284
"2022-10-29 15:00:00",556,"Site 3",39.10367,-96.60065,335,0.15,7.228,2181,15,35.33,0.261,12.4,2466,12.97,223.3,0.277,13.23,2506,14.2,291.3
"2022-10-29 16:00:00",557,"Site 3",39.10367,-96.60065,335,0.15,7.227,2180,15.83,35,0.261,12.4,2466,13.17,222.3,0.276,13.22,2506,14.2,289
"2022-10-29 17:00:00",558,"Site 3",39.10367,-96.60065,335,0.15,7.219,2180,15.97,34.33,0.261,12.39,2465,13.4,224,0.276,13.23,2506,14.2,289.3
"2022-10-29 18:00:00",559,"Site 3",39.10367,-96.60065,335,0.15,7.218,2180,15.37,34,0.261,12.38,2465,13.6,223.3,0.276,13.21,2505,14.2,290.3
"2022-10-29 19:00:00",560,"Site 3",39.10367,-96.60065,335,0.15,7.204,2179,14.5,33.67,0.26,12.37,2464,13.77,225,0.276,13.22,2506,14.2,291
"2022-10-29 20:00:00",561,"Site 3",39.10367,-96.60065,335,0.149,7.191,2178,13.77,33,0.26,12.37,2465,13.8,222.3,0.276,13.22,2506,14.2,290.3
"2022-10-29 21:00:00",562,"Site 3",39.10367,-96.60065,335,0.15,7.198,2179,13.1,33,0.26,12.37,2465,13.8,222,0.276,13.22,2506,14.2,291.3
"2022-10-29 22:00:00",563,"Site 3",39.10367,-96.60065,335,0.15,7.204,2179,12.6,32.67,0.26,12.38,2465,13.8,223.3,0.276,13.22,2506,14.2,291.3
"2022-10-29 23:00:00",564,"Site 3",39.10367,-96.60065,335,0.15,7.203,2179,12.23,33,0.261,12.38,2465,13.8,223.7,0.277,13.23,2506,14.2,291.7
"2022-10-30 00:00:00",565,"Site 3",39.10367,-96.60065,335,0.15,7.205,2179,12.03,33,0.261,12.38,2465,13.7,224,0.277,13.23,2506,14.2,290.3
"2022-10-30 01:00:00",566,"Site 3",39.10367,-96.60065,335,0.15,7.207,2179,11.87,33,0.261,12.39,2465,13.63,224.3,0.276,13.22,2506,14.2,289.3
"2022-10-30 02:00:00",567,"Site 3",39.10367,-96.60065,335,0.15,7.213,2180,11.73,33,0.261,12.39,2465,13.57,224,0.277,13.23,2506,14.27,289.3
"2022-10-30 03:00:00",568,"Site 3",39.10367,-96.60065,335,0.15,7.209,2179,11.6,33,0.261,12.39,2465,13.5,224,0.276,13.22,2506,14.3,290
"2022-10-30 04:00:00",569,"Site 3",39.10367,-96.60065,335,0.15,7.209,2179,11.5,33,0.261,12.39,2465,13.4,220.7,0.276,13.22,2506,14.3,289.7
"2022-10-30 05:00:00",570,"Site 3",39.10367,-96.60065,335,0.15,7.214,2180,11.37,33,0.261,12.39,2465,13.33,218.3,0.276,13.22,2506,14.3,292.3
"2022-10-30 06:00:00",571,"Site 3",39.10367,-96.60065,335,0.15,7.214,2180,11.3,33,0.261,12.4,2466,13.3,223,0.277,13.23,2506,14.27,289.7
"2022-10-30 07:00:00",572,"Site 3",39.10367,-96.60065,335,0.15,7.214,2180,11.3,33.33,0.261,12.4,2466,13.2,222.7,0.276,13.22,2506,14.2,291.7
"2022-10-30 08:00:00",573,"Site 3",39.10367,-96.60065,335,0.15,7.212,2180,11.3,33,0.261,12.39,2466,13.17,223,0.276,13.22,2506,14.2,287
"2022-10-30 09:00:00",574,"Site 3",39.10367,-96.60065,335,0.15,7.207,2179,11.33,33.33,0.261,12.4,2466,13.1,223,0.277,13.23,2506,14.2,289
"2022-10-30 10:00:00",575,"Site 3",39.10367,-96.60065,335,0.15,7.197,2179,11.73,33,0.261,12.4,2466,13.1,223,0.276,13.23,2506,14.2,291.7
"2022-10-30 11:00:00",576,"Site 3",39.10367,-96.60065,335,0.149,7.184,2178,12.37,33.33,0.261,12.4,2466,13.03,221.7,0.276,13.23,2506,14.2,289.3
"2022-10-30 12:00:00",577,"Site 3",39.10367,-96.60065,335,0.149,7.182,2178,13.43,33.33,0.261,12.4,2466,13.1,223,0.277,13.23,2506,14.2,291.3
"2022-10-30 13:00:00",578,"Site 3",39.10367,-96.60065,335,0.149,7.187,2178,14.4,33.33,0.261,12.39,2465,13.13,222.3,0.276,13.23,2506,14.2,291.7
"2022-10-30 14:00:00",579,"Site 3",39.10367,-96.60065,335,0.149,7.188,2178,14.87,33.67,0.261,12.39,2465,13.27,223,0.276,13.23,2506,14.2,290
"2022-10-30 15:00:00",580,"Site 3",39.10367,-96.60065,335,0.149,7.186,2178,14.93,33,0.26,12.38,2465,13.43,220,0.276,13.23,2506,14.1,291
"2022-10-30 16:00:00",581,"Site 3",39.10367,-96.60065,335,0.149,7.173,2177,14.9,33,0.26,12.38,2465,13.57,223.7,0.276,13.22,2506,14.1,291.7
"2022-10-30 17:00:00",582,"Site 3",39.10367,-96.60065,335,0.149,7.169,2177,14.9,33,0.26,12.38,2465,13.7,223.3,0.276,13.22,2506,14.1,290
"2022-10-30 18:00:00",583,"Site 3",39.10367,-96.60065,335,0.149,7.163,2177,14.7,32,0.26,12.37,2464,13.8,223.3,0.277,13.23,2506,14.1,290
"2022-10-30 19:00:00",584,"Site 3",39.10367,-96.60065,335,0.149,7.158,2176,14.33,32,0.26,12.37,2464,13.87,221.3,0.276,13.22,2506,14.1,286.7
"2022-10-30 20:00:00",585,"Site 3",39.10367,-96.60065,335,0.148,7.147,2176,13.93,31.33,0.26,12.37,2464,13.9,224.3,0.276,13.22,2506,14.2,291.3
"2022-10-30 21:00:00",586,"Site 3",39.10367,-96.60065,335,0.148,7.145,2176,13.6,31,0.26,12.37,2464,13.9,222.7,0.276,13.22,2506,14.2,291.3
"2022-10-30 22:00:00",587,"Site 3",39.10367,-96.60065,335,0.148,7.14,2175,13.37,31,0.26,12.37,2464,13.9,220.7,0.276,13.22,2506,14.2,292
"2022-10-30 23:00:00",588,"Site 3",39.10367,-96.60065,335,0.148,7.145,2176,13.17,31,0.26,12.37,2464,13.9,223,0.277,13.23,2506,14.2,290
"2022-10-31 00:00:00",589,"Site 3",39.10367,-96.60065,335,0.148,7.15,2176,12.97,31,0.26,12.37,2464,13.9,223,0.276,13.21,2505,14.2,289
"2022-10-31 01:00:00",590,"Site 3",39.10367,-96.60065,335,0.148,7.151,2176,12.77,30.67,0.26,12.37,2465,13.83,220.3,0.276,13.22,2506,14.2,292.3
"2022-10-31 02:00:00",591,"Site 3",39.10367,-96.60065,335,0.149,7.152,2176,12.63,31,0.26,12.37,2464,13.8,222.3,0.276,13.22,2506,14.2,289
"2022-10-31 03:00:00",592,"Site 3",39.10367,-96.60065,335,0.149,7.158,2176,12.5,30.67,0.26,12.37,2464,13.8,223.3,0.276,13.22,2506,14.23,289.7
"2022-10-31 04:00:00",593,"Site 3",39.10367,-96.60065,335,0.149,7.158,2176,12.43,31,0.26,12.37,2464,13.73,222.3,0.276,13.22,2506,14.3,290
"2022-10-31 05:00:00",594,"Site 3",39.10367,-96.60065,335,0.149,7.159,2177,12.37,31,0.26,12.38,2465,13.7,223.3,0.276,13.22,2506,14.3,290
"2022-10-31 06:00:00",595,"Site 3",39.10367,-96.60065,335,0.149,7.163,2177,12.13,31,0.261,12.38,2465,13.63,223,0.276,13.23,2506,14.3,289.3
"2022-10-31 07:00:00",596,"Site 3",39.10367,-96.60065,335,0.149,7.172,2177,11.77,31,0.26,12.38,2465,13.6,221.3,0.276,13.22,2505,14.3,288.3
"2022-10-31 08:00:00",597,"Site 3",39.10367,-96.60065,335,0.149,7.178,2178,11.33,30.67,0.261,12.38,2465,13.53,220,0.277,13.23,2506,14.3,289
"2022-10-31 09:00:00",598,"Site 3",39.10367,-96.60065,335,0.149,7.184,2178,11.2,31,0.26,12.38,2465,13.47,219.7,0.277,13.23,2506,14.3,289.7
"2022-10-31 10:00:00",599,"Site 3",39.10367,-96.60065,335,0.149,7.176,2178,11.47,31.33,0.261,12.39,2465,13.37,220.7,0.276,13.23,2506,14.27,289.7
"2022-10-31 11:00:00",600,"Site 3",39.10367,-96.60065,335,0.149,7.162,2177,12.23,31.33,0.261,12.39,2465,13.3,222,0.277,13.23,2506,14.2,291
"2022-10-31 12:00:00",601,"Site 3",39.10367,-96.60065,335,0.149,7.155,2176,13.6,32,0.261,12.38,2465,13.3,222.3,0.277,13.23,2506,14.2,292
"2022-10-31 13:00:00",602,"Site 3",39.10367,-96.60065,335,0.149,7.164,2177,15.03,32,0.26,12.38,2465,13.33,222,0.277,13.23,2506,14.2,288.7
"2022-10-31 14:00:00",603,"Site 3",39.10367,-96.60065,335,0.149,7.163,2177,15.87,32,0.261,12.38,2465,13.43,219.7,0.276,13.22,2506,14.2,289
"2022-10-31 15:00:00",604,"Site 3",39.10367,-96.60065,335,0.149,7.168,2177,15.97,31.67,0.26,12.37,2465,13.63,222.7,0.276,13.22,2506,14.2,290.3
"2022-10-31 16:00:00",605,"Site 3",39.10367,-96.60065,335,0.149,7.168,2177,16.47,31,0.26,12.36,2464,13.8,221,0.276,13.22,2506,14.2,291.3
"2022-10-31 17:00:00",606,"Site 3",39.10367,-96.60065,335,0.149,7.171,2177,16.43,31,0.26,12.37,2464,13.97,222.3,0.276,13.22,2506,14.2,290
"2022-10-31 18:00:00",607,"Site 3",39.10367,-96.60065,335,0.149,7.165,2177,15.87,30.67,0.26,12.36,2464,14.13,221.7,0.276,13.23,2506,14.2,290.7
"2022-10-31 19:00:00",608,"Site 3",39.10367,-96.60065,335,0.148,7.15,2176,15.07,30,0.26,12.36,2464,14.23,223.7,0.276,13.22,2506,14.2,290.7
"2022-10-31 20:00:00",609,"Site 3",39.10367,-96.60065,335,0.148,7.139,2175,14.27,29.33,0.26,12.35,2464,14.3,224.3,0.276,13.22,2505,14.2,291.7
"2022-10-31 21:00:00",610,"Site 3",39.10367,-96.60065,335,0.148,7.143,2176,13.67,28.67,0.26,12.36,2464,14.3,224.7,0.276,13.22,2506,14.2,291.7
"2022-10-31 22:00:00",611,"Site 3",39.10367,-96.60065,335,0.148,7.142,2176,13.23,29,0.26,12.36,2464,14.27,223.3,0.276,13.21,2505,14.27,291
"2022-10-31 23:00:00",612,"Site 3",39.10367,-96.60065,335,0.148,7.14,2175,12.93,29,0.26,12.36,2464,14.2,224.3,0.276,13.22,2506,14.3,289
"2022-11-01 00:00:00",613,"Site 3",39.10367,-96.60065,335,0.148,7.144,2176,12.8,29,0.26,12.37,2464,14.1,224,0.276,13.22,2506,14.3,289
"2022-11-01 01:00:00",614,"Site 3",39.10367,-96.60065,335,0.148,7.142,2176,12.67,29,0.26,12.36,2464,14.03,224,0.276,13.22,2506,14.3,291.3
"2022-11-01 02:00:00",615,"Site 3",39.10367,-96.60065,335,0.148,7.137,2175,12.53,29.67,0.26,12.37,2464,13.97,222,0.276,13.23,2506,14.3,285.7
"2022-11-01 03:00:00",616,"Site 3",39.10367,-96.60065,335,0.148,7.143,2176,12.43,29,0.26,12.36,2464,13.9,222.7,0.276,13.22,2506,14.3,287
"2022-11-01 04:00:00",617,"Site 3",39.10367,-96.60065,335,0.148,7.141,2176,12.4,29,0.26,12.37,2464,13.8,223,0.276,13.22,2506,14.33,285.3
"2022-11-01 05:00:00",618,"Site 3",39.10367,-96.60065,335,0.148,7.14,2175,12.47,29,0.26,12.37,2464,13.8,223,0.276,13.22,2506,14.37,289.3
"2022-11-01 06:00:00",619,"Site 3",39.10367,-96.60065,335,0.148,7.135,2175,12.43,29,0.26,12.37,2464,13.7,223,0.277,13.23,2506,14.3,283
"2022-11-01 07:00:00",620,"Site 3",39.10367,-96.60065,335,0.148,7.134,2175,12.4,29,0.26,12.38,2465,13.7,222.7,0.277,13.23,2506,14.3,286.3
"2022-11-01 08:00:00",621,"Site 3",39.10367,-96.60065,335,0.148,7.129,2175,12.5,28.67,0.26,12.38,2465,13.63,221,0.276,13.22,2506,14.3,285.7
"2022-11-01 09:00:00",622,"Site 3",39.10367,-96.60065,335,0.148,7.128,2175,12.6,29,0.26,12.38,2465,13.6,219.7,0.277,13.23,2506,14.3,288.3
"2022-11-01 10:00:00",623,"Site 3",39.10367,-96.60065,335,0.148,7.12,2174,13,28.67,0.261,12.38,2465,13.6,221,0.276,13.23,2506,14.3,289.7
"2022-11-01 11:00:00",624,"Site 3",39.10367,-96.60065,335,0.148,7.11,2174,13.9,29,0.26,12.38,2465,13.6,220.3,0.276,13.22,2506,14.3,289.3
"2022-11-01 12:00:00",625,"Site 3",39.10367,-96.60065,335,0.147,7.105,2173,15.13,29.33,0.26,12.38,2465,13.6,219.7,0.276,13.23,2506,14.3,286.3
"2022-11-01 13:00:00",626,"Site 3",39.10367,-96.60065,335,0.148,7.131,2175,16.4,29.67,0.26,12.38,2465,13.73,221,0.276,13.22,2506,14.3,288
"2022-11-01 14:00:00",627,"Site 3",39.10367,-96.60065,335,0.148,7.13,2175,17.23,29.67,0.26,12.37,2464,13.87,221,0.276,13.22,2506,14.3,291
"2022-11-01 15:00:00",628,"Site 3",39.10367,-96.60065,335,0.148,7.138,2175,17.5,29,0.26,12.36,2464,14.1,223.7,0.276,13.21,2505,14.3,291
"2022-11-01 16:00:00",629,"Site 3",39.10367,-96.60065,335,0.148,7.13,2175,17.97,29,0.26,12.36,2464,14.3,222.7,0.276,13.21,2505,14.3,291
"2022-11-01 17:00:00",630,"Site 3",39.10367,-96.60065,335,0.148,7.137,2175,18,29,0.26,12.35,2463,14.53,223.7,0.276,13.21,2505,14.3,291
"2022-11-01 18:00:00",631,"Site 3",39.10367,-96.60065,335,0.148,7.124,2175,17.5,28,0.26,12.34,2463,14.73,224,0.276,13.21,2505,14.3,291.3
"2022-11-01 19:00:00",632,"Site 3",39.10367,-96.60065,335,0.148,7.118,2174,16.9,28,0.26,12.34,2463,14.87,224,0.276,13.22,2506,14.3,291
"2022-11-01 20:00:00",633,"Site 3",39.10367,-96.60065,335,0.147,7.099,2173,16.37,27.67,0.26,12.33,2462,14.97,223.3,0.276,13.21,2505,14.33,289
"2022-11-01 21:00:00",634,"Site 3",39.10367,-96.60065,335,0.147,7.091,2173,15.93,27.33,0.26,12.34,2463,15,222.3,0.276,13.22,2506,14.4,287
"2022-11-01 22:00:00",635,"Site 3",39.10367,-96.60065,335,0.147,7.088,2172,15.6,27,0.26,12.34,2463,15,223.3,0.276,13.22,2506,14.4,286
"2022-11-01 23:00:00",636,"Site 3",39.10367,-96.60065,335,0.147,7.078,2172,15.3,27,0.26,12.35,2463,15,222.3,0.276,13.22,2506,14.47,286.3
"2022-11-02 00:00:00",637,"Site 3",39.10367,-96.60065,335,0.147,7.074,2172,15.07,27,0.26,12.34,2463,15,220.7,0.276,13.22,2506,14.5,288.3
"2022-11-02 01:00:00",638,"Site 3",39.10367,-96.60065,335,0.147,7.069,2171,14.87,26.67,0.26,12.34,2463,15,224.7,0.276,13.23,2506,14.5,292
"2022-11-02 02:00:00",639,"Site 3",39.10367,-96.60065,335,0.147,7.067,2171,14.67,26.33,0.26,12.34,2463,14.9,222.7,0.276,13.22,2506,14.53,289.3
"2022-11-02 03:00:00",640,"Site 3",39.10367,-96.60065,335,0.147,7.071,2171,14.5,26.67,0.26,12.35,2463,14.9,223.3,0.276,13.21,2505,14.6,291
"2022-11-02 04:00:00",641,"Site 3",39.10367,-96.60065,335,0.147,7.07,2171,14.4,27,0.26,12.35,2463,14.83,224,0.276,13.22,2506,14.6,292
"2022-11-02 05:00:00",642,"Site 3",39.10367,-96.60065,335,0.147,7.065,2171,14.3,26,0.26,12.35,2463,14.8,224,0.276,13.22,2506,14.6,291.7
"2022-11-02 06:00:00",643,"Site 3",39.10367,-96.60065,335,0.147,7.07,2171,14.23,26.33,0.26,12.35,2463,14.73,224.3,0.276,13.22,2506,14.6,289.7
"2022-11-02 07:00:00",644,"Site 3",39.10367,-96.60065,335,0.147,7.068,2171,14.17,26,0.26,12.35,2463,14.7,224,0.276,13.23,2506,14.6,287.7
"2022-11-02 08:00:00",645,"Site 3",39.10367,-96.60065,335,0.147,7.063,2171,14.1,26,0.26,12.35,2463,14.7,223.7,0.276,13.22,2506,14.6,290.3
"2022-11-02 09:00:00",646,"Site 3",39.10367,-96.60065,335,0.147,7.062,2171,14.2,26,0.26,12.35,2463,14.6,224,0.277,13.23,2506,14.67,285.7
"2022-11-02 10:00:00",647,"Site 3",39.10367,-96.60065,335,0.146,7.052,2170,14.57,26,0.26,12.35,2463,14.6,220,0.277,13.23,2506,14.7,293
"2022-11-02 11:00:00",648,"Site 3",39.10367,-96.60065,335,0.146,7.051,2170,15.2,26.67,0.26,12.36,2464,14.6,223,0.276,13.23,2506,14.7,287.3
"2022-11-02 12:00:00",649,"Site 3",39.10367,-96.60065,335,0.146,7.052,2170,15.8,27,0.26,12.36,2464,14.6,222,0.277,13.23,2506,14.7,285.7
"2022-11-02 13:00:00",650,"Site 3",39.10367,-96.60065,335,0.147,7.064,2171,16.7,27,0.26,12.36,2464,14.7,220,0.276,13.22,2506,14.7,287.3
"2022-11-02 14:00:00",651,"Site 3",39.10367,-96.60065,335,0.147,7.073,2172,17.93,27.33,0.26,12.35,2464,14.77,223.7,0.276,13.22,2506,14.7,285.7
"2022-11-02 15:00:00",652,"Site 3",39.10367,-96.60065,335,0.147,7.073,2172,18.33,28,0.26,12.35,2463,14.93,223.3,0.276,13.21,2505,14.7,291.7
"2022-11-02 16:00:00",653,"Site 3",39.10367,-96.60065,335,0.147,7.082,2172,18.87,27,0.26,12.34,2463,15.13,223.7,0.276,13.23,2506,14.7,289.7
"2022-11-02 17:00:00",654,"Site 3",39.10367,-96.60065,335,0.147,7.073,2172,18.7,27,0.26,12.33,2463,15.3,223.7,0.276,13.22,2506,14.7,292
"2022-11-02 18:00:00",655,"Site 3",39.10367,-96.60065,335,0.147,7.07,2171,18.1,27,0.26,12.33,2463,15.47,224.3,0.276,13.21,2505,14.7,292.3
"2022-11-02 19:00:00",656,"Site 3",39.10367,-96.60065,335,0.146,7.06,2171,17.53,26,0.26,12.33,2462,15.6,223.3,0.276,13.21,2505,14.7,289.3
"2022-11-02 20:00:00",657,"Site 3",39.10367,-96.60065,335,0.146,7.044,2170,17.07,26,0.259,12.32,2462,15.7,224,0.276,13.23,2506,14.73,286.7
"2022-11-02 21:00:00",658,"Site 3",39.10367,-96.60065,335,0.146,7.038,2170,16.67,26,0.259,12.33,2462,15.7,224,0.276,13.22,2506,14.8,292.7
"2022-11-02 22:00:00",659,"Site 3",39.10367,-96.60065,335,0.146,7.036,2169,16.3,25.67,0.26,12.33,2462,15.7,223.3,0.276,13.22,2506,14.8,292.3
"2022-11-02 23:00:00",660,"Site 3",39.10367,-96.60065,335,0.146,7.031,2169,15.97,25,0.26,12.34,2463,15.7,223,0.276,13.23,2506,14.87,291.3
"2022-11-03 00:00:00",661,"Site 3",39.10367,-96.60065,335,0.146,7.03,2169,15.7,25.33,0.26,12.33,2462,15.7,222.7,0.276,13.21,2505,14.9,289
"2022-11-03 01:00:00",662,"Site 3",39.10367,-96.60065,335,0.146,7.031,2169,15.47,25.33,0.26,12.34,2463,15.6,219.7,0.277,13.23,2506,14.9,291.3
"2022-11-03 02:00:00",663,"Site 3",39.10367,-96.60065,335,0.146,7.025,2169,15.37,25.33,0.26,12.34,2463,15.6,224.3,0.276,13.23,2506,14.9,291
"2022-11-03 03:00:00",664,"Site 3",39.10367,-96.60065,335,0.146,7.023,2169,15.3,25,0.26,12.34,2463,15.5,221.7,0.276,13.23,2506,15,292.7
"2022-11-03 04:00:00",665,"Site 3",39.10367,-96.60065,335,0.146,7.021,2169,15.2,25,0.26,12.34,2463,15.5,219.7,0.276,13.22,2506,15,289.3
"2022-11-03 05:00:00",666,"Site 3",39.10367,-96.60065,335,0.145,7.015,2168,15.2,25,0.26,12.34,2463,15.43,224,0.276,13.22,2506,15,292.3
"2022-11-03 06:00:00",667,"Site 3",39.10367,-96.60065,335,0.145,7.012,2168,15.2,25.33,0.26,12.35,2463,15.4,221.7,0.277,13.23,2506,15,289
"2022-11-03 07:00:00",668,"Site 3",39.10367,-96.60065,335,0.145,7.007,2168,15.3,25,0.26,12.34,2463,15.4,224,0.277,13.24,2507,15,294
"2022-11-03 08:00:00",669,"Site 3",39.10367,-96.60065,335,0.146,7.018,2168,15.33,25,0.26,12.34,2463,15.37,219.7,0.276,13.23,2506,15,293.3
"2022-11-03 09:00:00",670,"Site 3",39.10367,-96.60065,335,0.145,7.006,2168,15.5,25.33,0.26,12.34,2463,15.3,224,0.277,13.24,2507,15,290
"2022-11-03 10:00:00",671,"Site 3",39.10367,-96.60065,335,0.145,7.014,2168,15.9,25,0.26,12.35,2463,15.3,224,0.277,13.23,2506,15,292.3
"2022-11-03 11:00:00",672,"Site 3",39.10367,-96.60065,335,0.145,7.011,2168,16.7,25.67,0.26,12.35,2463,15.33,220.7,0.276,13.22,2506,15.07,293
"2022-11-03 12:00:00",673,"Site 3",39.10367,-96.60065,335,0.145,7.016,2168,17.57,26,0.26,12.34,2463,15.4,223.7,0.276,13.23,2506,15.1,290
