"TOA5","CR300-23667","CR300","23667","CR300-CELL205.Std.10.02","CPU:Testbed_code_site_1.CR300","13082","Table_Teros54"
"TIMESTAMP","RECORD","station","latitude","longitude","altitude","Teros54_RAW_15_Avg","Teros54_Temp_15_Avg","Teros54_RAW_30_Avg","Teros54_Temp_30_Avg","Teros54_RAW_45_Avg","Teros54_Temp_45_Avg","Teros54_RAW_60_Avg","Teros54_Temp_60_Avg","Teros54_VWC_15_Avg","Teros54_VWC_30_Avg","Teros54_VWC_45_Avg","Teros54_VWC_60_Avg"
"TS","RN","name","decdegrees","decdegrees","m","mV","Deg C","mV","Deg C","mV","Deg C","mV","Deg C","m^3/m^3","m^3/m^3","m^3/m^3","m^3/m^3"
"","","Smp","Smp","Smp","Smp","Avg","Avg","Avg","Avg","Avg","Avg","Avg","Avg","Avg","Avg","Avg","Avg"
"2023-09-26 11:00:00",0,"Site 1",39.10236,-96.60097,335,767.5,20.53,825,21.78,882,22.72,899,22.91,0.178,0.214,0.282,0.311
"2023-09-26 12:00:00",1,"Site 1",39.10236,-96.60097,335,766.6,20.57,825,21.74,882,22.63,899,22.85,0.177,0.214,0.282,0.311
"2023-09-26 13:00:00",2,"Site 1",39.10236,-96.60097,335,765.6,20.95,824,21.69,882,22.55,899,22.81,0.177,0.214,0.281,0.311
"2023-09-26 14:00:00",3,"Site 1",39.10236,-96.60097,335,764.6,21.54,824,21.66,882,22.5,900,22.79,0.176,0.214,0.281,0.311
"2023-09-26 15:00:00",4,"Site 1",39.10236,-96.60097,335,763.7,22.18,823,21.7,881,22.45,900,22.77,0.176,0.213,0.28,0.311
"2023-09-26 16:00:00",5,"Site 1",39.10236,-96.60097,335,763,22.69,823,21.75,881,22.41,899,22.75,0.175,0.213,0.28,0.311
"2023-09-26 17:00:00",6,"Site 1",39.10236,-96.60097,335,762.2,23.03,823,21.84,881,22.37,899,22.72,0.175,0.212,0.279,0.311
"2023-09-26 18:00:00",7,"Site 1",39.10236,-96.60097,335,761.3,23.24,822,21.97,881,22.37,899,22.69,0.175,0.212,0.279,0.31
"2023-09-26 19:00:00",8,"Site 1",39.10236,-96.60097,335,760.6,23.28,822,22.09,880,22.34,899,22.69,0.174,0.212,0.279,0.31
"2023-09-26 20:00:00",9,"Site 1",39.10236,-96.60097,335,759.6,23.22,822,22.22,880,22.34,899,22.66,0.174,0.212,0.278,0.31
"2023-09-26 21:00:00",10,"Site 1",39.10236,-96.60097,335,759,23.09,822,22.31,880,22.35,899,22.66,0.173,0.211,0.278,0.309
"2023-09-26 22:00:00",11,"Site 1",39.10236,-96.60097,335,758.3,22.88,821,22.4,879,22.37,899,22.63,0.173,0.211,0.277,0.309
"2023-09-26 23:00:00",12,"Site 1",39.10236,-96.60097,335,757.5,22.67,821,22.45,879,22.4,899,22.63,0.173,0.211,0.277,0.309
"2023-09-27 00:00:00",13,"Site 1",39.10236,-96.60097,335,756.8,22.45,821,22.48,879,22.43,898,22.62,0.172,0.211,0.277,0.309
"2023-09-27 01:00:00",14,"Site 1",39.10236,-96.60097,335,756,22.19,821,22.5,879,22.44,898,22.6,0.172,0.211,0.276,0.308
"2023-09-27 02:00:00",15,"Site 1",39.10236,-96.60097,335,755.4,21.95,820,22.49,879,22.47,898,22.59,0.172,0.21,0.276,0.308
"2023-09-27 03:00:00",16,"Site 1",39.10236,-96.60097,335,754.6,21.7,820,22.46,878,22.48,898,22.59,0.171,0.21,0.276,0.308
"2023-09-27 04:00:00",17,"Site 1",39.10236,-96.60097,335,754,21.48,819,22.42,878,22.5,898,22.59,0.171,0.21,0.275,0.308
"2023-09-27 05:00:00",18,"Site 1",39.10236,-96.60097,335,753.4,21.28,819,22.37,878,22.5,898,22.59,0.171,0.209,0.275,0.307
"2023-09-27 06:00:00",19,"Site 1",39.10236,-96.60097,335,752.8,21.09,819,22.31,878,22.5,897,22.59,0.171,0.209,0.275,0.307
"2023-09-27 07:00:00",20,"Site 1",39.10236,-96.60097,335,752.2,20.91,818,22.25,878,22.5,897,22.59,0.17,0.209,0.274,0.307
"2023-09-27 08:00:00",21,"Site 1",39.10236,-96.60097,335,751.7,20.69,818,22.19,877,22.5,897,22.59,0.17,0.209,0.274,0.306
"2023-09-27 09:00:00",22,"Site 1",39.10236,-96.60097,335,751.1,20.53,818,22.12,877,22.48,897,22.59,0.17,0.208,0.274,0.306
"2023-09-27 10:00:00",23,"Site 1",39.10236,-96.60097,335,750.8,20.49,817,22.03,877,22.47,897,22.59,0.17,0.208,0.274,0.306
"2023-09-27 11:00:00",24,"Site 1",39.10236,-96.60097,335,750.3,20.59,817,21.96,877,22.46,897,22.59,0.169,0.208,0.273,0.306
"2023-09-27 12:00:00",25,"Site 1",39.10236,-96.60097,335,750.1,20.86,816,21.9,877,22.44,896,22.59,0.169,0.207,0.273,0.305
"2023-09-27 13:00:00",26,"Site 1",39.10236,-96.60097,335,750,21.33,816,21.84,876,22.41,896,22.58,0.169,0.207,0.273,0.305
"2023-09-27 14:00:00",27,"Site 1",39.10236,-96.60097,335,749.9,21.94,816,21.84,876,22.37,896,22.57,0.169,0.207,0.272,0.305
"2023-09-27 15:00:00",28,"Site 1",39.10236,-96.60097,335,750.2,22.55,816,21.87,876,22.35,896,22.56,0.169,0.207,0.272,0.304
"2023-09-27 16:00:00",29,"Site 1",39.10236,-96.60097,335,750.2,23,815,21.94,876,22.32,896,22.56,0.169,0.206,0.271,0.304
"2023-09-27 17:00:00",30,"Site 1",39.10236,-96.60097,335,750.4,23.31,815,22.03,875,22.31,896,22.53,0.169,0.206,0.271,0.304
"2023-09-27 18:00:00",31,"Site 1",39.10236,-96.60097,335,750.4,23.49,815,22.14,875,22.31,895,22.53,0.169,0.206,0.271,0.303
"2023-09-27 19:00:00",32,"Site 1",39.10236,-96.60097,335,750.5,23.52,815,22.25,875,22.31,895,22.52,0.169,0.206,0.271,0.303
"2023-09-27 20:00:00",33,"Site 1",39.10236,-96.60097,335,750.1,23.43,815,22.37,875,22.31,895,22.5,0.169,0.206,0.27,0.302
"2023-09-27 21:00:00",34,"Site 1",39.10236,-96.60097,335,750,23.22,814,22.47,875,22.34,895,22.5,0.169,0.206,0.27,0.302
"2023-09-27 22:00:00",35,"Site 1",39.10236,-96.60097,335,749.7,22.97,814,22.54,874,22.35,894,22.5,0.169,0.206,0.27,0.302
"2023-09-27 23:00:00",36,"Site 1",39.10236,-96.60097,335,749.3,22.72,814,22.58,874,22.38,894,22.5,0.169,0.206,0.27,0.301
"2023-09-28 00:00:00",37,"Site 1",39.10236,-96.60097,335,749.1,22.46,814,22.59,874,22.41,894,22.5,0.169,0.206,0.269,0.301
"2023-09-28 01:00:00",38,"Site 1",39.10236,-96.60097,335,748.7,22.22,814,22.59,874,22.44,894,22.5,0.169,0.205,0.269,0.301
"2023-09-28 02:00:00",39,"Site 1",39.10236,-96.60097,335,748.3,21.98,813,22.57,874,22.46,894,22.5,0.168,0.205,0.269,0.3
"2023-09-28 03:00:00",40,"Site 1",39.10236,-96.60097,335,748.1,21.77,813,22.54,874,22.47,894,22.5,0.168,0.205,0.269,0.3
"2023-09-28 04:00:00",41,"Site 1",39.10236,-96.60097,335,747.8,21.56,813,22.5,873,22.47,893,22.5,0.168,0.205,0.268,0.3
"2023-09-28 05:00:00",42,"Site 1",39.10236,-96.60097,335,747.5,21.38,813,22.44,873,22.5,893,22.5,0.168,0.205,0.268,0.299
"2023-09-28 06:00:00",43,"Site 1",39.10236,-96.60097,335,747.1,21.21,812,22.37,873,22.5,893,22.5,0.168,0.204,0.268,0.299
"2023-09-28 07:00:00",44,"Site 1",39.10236,-96.60097,335,747.1,21.06,812,22.31,873,22.49,893,22.5,0.168,0.204,0.268,0.299
"2023-09-28 08:00:00",45,"Site 1",39.10236,-96.60097,335,746.8,20.92,812,22.25,873,22.48,893,22.51,0.168,0.204,0.267,0.299
"2023-09-28 09:00:00",46,"Site 1",39.10236,-96.60097,335,746.6,20.8,812,22.19,873,22.47,893,22.51,0.168,0.204,0.267,0.299
"2023-09-28 10:00:00",47,"Site 1",39.10236,-96.60097,335,746.3,20.79,811,22.12,"NAN",22.46,892,22.5,0.168,0.204,"NAN",0.298
"2023-09-28 11:00:00",48,"Site 1",39.10236,-96.60097,335,746.3,20.95,811,22.04,872,22.44,892,22.52,0.168,0.203,0.266,0.298
"2023-09-28 12:00:00",49,"Site 1",39.10236,-96.60097,335,746.1,21.26,811,21.99,872,22.42,892,22.5,0.167,0.203,0.266,0.298
"2023-09-28 13:00:00",50,"Site 1",39.10236,-96.60097,335,746.5,21.79,810,21.97,872,22.4,892,22.5,0.168,0.203,0.266,0.297
"2023-09-28 14:00:00",51,"Site 1",39.10236,-96.60097,335,746.8,22.5,810,21.98,872,22.37,892,22.5,0.168,0.203,0.266,0.297
"2023-09-28 15:00:00",52,"Site 1",39.10236,-96.60097,335,747.2,23.18,810,22.01,871,22.35,892,22.5,0.168,0.203,0.265,0.297
"2023-09-28 16:00:00",53,"Site 1",39.10236,-96.60097,335,747.5,23.71,810,22.1,871,22.33,891,22.49,0.168,0.203,0.265,0.296
"2023-09-28 17:00:00",54,"Site 1",39.10236,-96.60097,335,747.8,24.06,810,22.23,871,22.32,891,22.47,0.168,0.202,0.264,0.296
"2023-09-28 18:00:00",55,"Site 1",39.10236,-96.60097,335,748.1,24.29,810,22.37,871,22.33,891,22.47,0.168,0.202,0.264,0.296
"2023-09-28 19:00:00",56,"Site 1",39.10236,-96.60097,335,748.1,24.35,810,22.51,870,22.34,891,22.47,0.168,0.202,0.264,0.295
"2023-09-28 20:00:00",57,"Site 1",39.10236,-96.60097,335,748.1,24.3,810,22.66,870,22.35,891,22.47,0.168,0.202,0.264,0.295
"2023-09-28 21:00:00",58,"Site 1",39.10236,-96.60097,335,748.1,24.16,810,22.77,870,22.38,890,22.45,0.168,0.202,0.263,0.295
"2023-09-28 22:00:00",59,"Site 1",39.10236,-96.60097,335,747.9,23.95,810,22.86,870,22.42,890,22.45,0.168,0.202,0.263,0.295
"2023-09-28 23:00:00",60,"Site 1",39.10236,-96.60097,335,747.8,23.75,810,22.94,869,22.46,890,22.44,0.168,0.202,0.263,0.294
"2023-09-29 00:00:00",61,"Site 1",39.10236,-96.60097,335,747.6,23.58,810,22.99,869,22.49,890,22.47,0.168,0.202,0.263,0.294
"2023-09-29 01:00:00",62,"Site 1",39.10236,-96.60097,335,747.3,23.41,809,23.01,869,22.54,890,22.47,0.168,0.202,0.262,0.294
"2023-09-29 02:00:00",63,"Site 1",39.10236,-96.60097,335,747.4,23.22,809,23.03,869,22.57,890,22.47,0.168,0.202,0.262,0.293
"2023-09-29 03:00:00",64,"Site 1",39.10236,-96.60097,335,747,23.06,809,23.03,869,22.6,889,22.47,0.168,0.202,0.262,0.293
"2023-09-29 04:00:00",65,"Site 1",39.10236,-96.60097,335,746.9,22.92,809,23.01,869,22.65,889,22.5,0.168,0.202,0.262,0.293
"2023-09-29 05:00:00",66,"Site 1",39.10236,-96.60097,335,746.7,22.76,809,23,868,22.66,889,22.5,0.168,0.202,0.261,0.293
"2023-09-29 06:00:00",67,"Site 1",39.10236,-96.60097,335,746.8,22.64,809,22.97,868,22.67,889,22.51,0.168,0.202,0.261,0.292
"2023-09-29 07:00:00",68,"Site 1",39.10236,-96.60097,335,746.5,22.49,809,22.93,868,22.69,889,22.53,0.168,0.202,0.261,0.292
"2023-09-29 08:00:00",69,"Site 1",39.10236,-96.60097,335,746.3,22.35,808,22.9,868,22.69,889,22.53,0.168,0.201,0.261,0.292
"2023-09-29 09:00:00",70,"Site 1",39.10236,-96.60097,335,746.2,22.26,808,22.85,868,22.71,888,22.55,0.167,0.201,0.261,0.291
"2023-09-29 10:00:00",71,"Site 1",39.10236,-96.60097,335,746.3,22.28,808,22.8,868,22.72,888,22.56,0.168,0.201,0.26,0.291
"2023-09-29 11:00:00",72,"Site 1",39.10236,-96.60097,335,746.2,22.42,808,22.77,867,22.71,888,22.56,0.167,0.201,0.26,0.291
"2023-09-29 12:00:00",73,"Site 1",39.10236,-96.60097,335,746.2,22.69,808,22.74,867,22.69,888,22.56,0.168,0.201,0.26,0.291
"2023-09-29 13:00:00",74,"Site 1",39.10236,-96.60097,335,746.4,23.16,808,22.72,867,22.69,888,22.58,0.168,0.201,0.26,0.291
"2023-09-29 14:00:00",75,"Site 1",39.10236,-96.60097,335,746.9,23.77,808,22.74,867,22.69,888,22.57,0.168,0.201,0.259,0.29
"2023-09-29 15:00:00",76,"Site 1",39.10236,-96.60097,335,747.1,24.33,807,22.79,867,22.69,888,22.59,0.168,0.201,0.259,0.29
"2023-09-29 16:00:00",77,"Site 1",39.10236,-96.60097,335,747.5,24.77,807,22.87,866,22.69,887,22.58,0.168,0.201,0.259,0.29
"2023-09-29 17:00:00",78,"Site 1",39.10236,-96.60097,335,747.8,25.05,807,23,866,22.69,887,22.59,0.168,0.201,0.258,0.289
"2023-09-29 18:00:00",79,"Site 1",39.10236,-96.60097,335,748,25.2,807,23.13,866,22.7,887,22.59,0.168,0.201,0.258,0.289
"2023-09-29 19:00:00",80,"Site 1",39.10236,-96.60097,335,747.9,25.25,807,23.26,866,22.72,887,22.59,0.168,0.201,0.258,0.289
"2023-09-29 20:00:00",81,"Site 1",39.10236,-96.60097,335,748,25.19,807,23.38,866,22.74,886,22.59,0.168,0.201,0.258,0.288
"2023-09-29 21:00:00",82,"Site 1",39.10236,-96.60097,335,748,25.03,807,23.47,865,22.79,886,22.59,0.168,0.201,0.257,0.288
"2023-09-29 22:00:00",83,"Site 1",39.10236,-96.60097,335,747.9,24.85,807,23.56,865,22.82,886,22.63,0.168,0.201,0.257,0.288
"2023-09-29 23:00:00",84,"Site 1",39.10236,-96.60097,335,747.7,24.69,807,23.63,865,22.85,886,22.63,0.168,0.201,0.257,0.288
"2023-09-30 00:00:00",85,"Site 1",39.10236,-96.60097,335,747.6,24.52,808,23.67,865,22.9,886,22.63,0.168,0.201,0.257,0.287
"2023-09-30 01:00:00",86,"Site 1",39.10236,-96.60097,335,747.5,24.38,807,23.69,865,22.95,886,22.64,0.168,0.201,0.257,0.287
"2023-09-30 02:00:00",87,"Site 1",39.10236,-96.60097,335,747.4,24.24,807,23.71,865,22.98,885,22.66,0.168,0.201,0.257,0.287
"2023-09-30 03:00:00",88,"Site 1",39.10236,-96.60097,335,747.4,24.1,807,23.71,865,23.02,885,22.68,0.168,0.201,0.256,0.287
"2023-09-30 04:00:00",89,"Site 1",39.10236,-96.60097,335,747.2,23.96,807,23.7,865,23.03,885,22.69,0.168,0.201,0.256,0.286
"2023-09-30 05:00:00",90,"Site 1",39.10236,-96.60097,335,747.1,23.82,807,23.69,864,23.06,885,22.72,0.168,0.201,0.256,0.286
"2023-09-30 06:00:00",91,"Site 1",39.10236,-96.60097,335,747.1,23.7,807,23.67,864,23.09,885,22.72,0.168,0.201,0.256,0.286
"2023-09-30 07:00:00",92,"Site 1",39.10236,-96.60097,335,746.8,23.56,807,23.63,864,23.1,885,22.74,0.168,0.2,0.256,0.286
"2023-09-30 08:00:00",93,"Site 1",39.10236,-96.60097,335,746.9,23.45,807,23.59,864,23.13,885,22.75,0.168,0.2,0.256,0.285
"2023-09-30 09:00:00",94,"Site 1",39.10236,-96.60097,335,746.9,23.34,807,23.56,864,23.13,885,22.77,0.168,0.2,0.255,0.285
"2023-09-30 10:00:00",95,"Site 1",39.10236,-96.60097,335,746.7,23.32,807,23.53,864,23.16,884,22.78,0.168,0.2,0.255,0.285
"2023-09-30 11:00:00",96,"Site 1",39.10236,-96.60097,335,746.7,23.45,807,23.49,864,23.16,884,22.8,0.168,0.2,0.255,0.285
"2023-09-30 12:00:00",97,"Site 1",39.10236,-96.60097,335,746.8,23.7,806,23.47,863,23.16,884,22.81,0.168,0.2,0.255,0.284
"2023-09-30 13:00:00",98,"Site 1",39.10236,-96.60097,335,746.9,24.13,806,23.46,863,23.16,884,22.81,0.168,0.2,0.255,0.284
"2023-09-30 14:00:00",99,"Site 1",39.10236,-96.60097,335,747.4,24.69,806,23.47,863,23.15,884,22.83,0.168,0.2,0.254,0.284
"2023-09-30 15:00:00",100,"Site 1",39.10236,-96.60097,335,747.7,25.22,806,23.51,863,23.14,883,22.84,0.168,0.2,0.254,0.283
"2023-09-30 16:00:00",101,"Site 1",39.10236,-96.60097,335,748.2,25.62,806,23.59,863,23.15,883,22.84,0.168,0.2,0.254,0.283
"2023-09-30 17:00:00",102,"Site 1",39.10236,-96.60097,335,748.5,25.9,806,23.7,862,23.16,883,22.84,0.169,0.2,0.253,0.283
"2023-09-30 18:00:00",103,"Site 1",39.10236,-96.60097,335,748.6,26.03,806,23.82,862,23.16,883,22.84,0.169,0.2,0.253,0.283
"2023-09-30 19:00:00",104,"Site 1",39.10236,-96.60097,335,748.7,26.04,806,23.94,862,23.19,883,22.87,0.169,0.2,0.253,0.282
"2023-09-30 20:00:00",105,"Site 1",39.10236,-96.60097,335,748.7,25.94,806,24.05,862,23.22,882,22.87,0.169,0.2,0.253,0.282
"2023-09-30 21:00:00",106,"Site 1",39.10236,-96.60097,335,748.6,25.75,806,24.16,862,23.26,882,22.87,0.169,0.2,0.253,0.282
"2023-09-30 22:00:00",107,"Site 1",39.10236,-96.60097,335,748.4,25.55,806,24.22,862,23.28,882,22.88,0.168,0.2,0.253,0.281
"2023-09-30 23:00:00",108,"Site 1",39.10236,-96.60097,335,748.1,25.34,806,24.27,862,23.32,882,22.91,0.168,0.2,0.252,0.281
"2023-10-01 00:00:00",109,"Site 1",39.10236,-96.60097,335,748.1,25.16,806,24.29,861,23.37,882,22.92,0.168,0.2,0.252,0.281
"2023-10-01 01:00:00",110,"Site 1",39.10236,-96.60097,335,747.9,24.97,806,24.31,861,23.41,882,22.94,0.168,0.2,0.252,0.281
"2023-10-01 02:00:00",111,"Site 1",39.10236,-96.60097,335,747.7,24.78,806,24.31,861,23.44,881,22.95,0.168,0.2,0.252,0.28
"2023-10-01 03:00:00",112,"Site 1",39.10236,-96.60097,335,747.8,24.59,806,24.29,861,23.47,881,22.97,0.168,0.2,0.252,0.28
"2023-10-01 04:00:00",113,"Site 1",39.10236,-96.60097,335,747.6,24.42,806,24.27,861,23.5,881,22.99,0.168,0.2,0.252,0.28
"2023-10-01 05:00:00",114,"Site 1",39.10236,-96.60097,335,747.5,24.24,806,24.24,861,23.53,881,23,0.168,0.2,0.252,0.28
"2023-10-01 06:00:00",115,"Site 1",39.10236,-96.60097,335,747.3,24.06,806,24.2,861,23.53,881,23.03,0.168,0.2,0.252,0.279
"2023-10-01 07:00:00",116,"Site 1",39.10236,-96.60097,335,747.1,23.9,806,24.15,861,23.55,881,23.03,0.168,0.2,0.251,0.279
"2023-10-01 08:00:00",117,"Site 1",39.10236,-96.60097,335,747.1,23.75,806,24.1,861,23.56,880,23.06,0.168,0.2,0.251,0.279
"2023-10-01 09:00:00",118,"Site 1",39.10236,-96.60097,335,747,23.62,806,24.05,860,23.56,880,23.06,0.168,0.2,0.251,0.279
"2023-10-01 10:00:00",119,"Site 1",39.10236,-96.60097,335,746.7,23.56,806,23.99,860,23.56,880,23.08,0.168,0.199,0.251,0.278
"2023-10-01 11:00:00",120,"Site 1",39.10236,-96.60097,335,746.8,23.66,805,23.94,860,23.56,880,23.09,0.168,0.199,0.251,0.278
"2023-10-01 12:00:00",121,"Site 1",39.10236,-96.60097,335,746.7,23.85,805,23.89,860,23.56,880,23.09,0.168,0.199,0.25,0.278
"2023-10-01 13:00:00",122,"Site 1",39.10236,-96.60097,335,747,24.26,805,23.85,860,23.55,880,23.13,0.168,0.199,0.25,0.277
"2023-10-01 14:00:00",123,"Site 1",39.10236,-96.60097,335,747.1,24.81,805,23.84,860,23.53,879,23.13,0.168,0.199,0.25,0.277
"2023-10-01 15:00:00",124,"Site 1",39.10236,-96.60097,335,747.6,25.3,805,23.89,860,23.53,879,23.13,0.168,0.199,0.25,0.277
"2023-10-01 16:00:00",125,"Site 1",39.10236,-96.60097,335,747.8,25.68,805,23.94,859,23.53,879,23.15,0.168,0.199,0.25,0.276
"2023-10-01 17:00:00",126,"Site 1",39.10236,-96.60097,335,748.1,25.92,805,24.03,859,23.53,879,23.15,0.168,0.199,0.249,0.276
"2023-10-01 18:00:00",127,"Site 1",39.10236,-96.60097,335,748.2,26.02,805,24.12,859,23.53,878,23.16,0.168,0.199,0.249,0.276
"2023-10-01 19:00:00",128,"Site 1",39.10236,-96.60097,335,748.2,26.01,805,24.23,859,23.53,878,23.16,0.168,0.199,0.249,0.275
"2023-10-01 20:00:00",129,"Site 1",39.10236,-96.60097,335,748.1,25.88,805,24.32,859,23.56,878,23.16,0.168,0.199,0.249,0.275
"2023-10-01 21:00:00",130,"Site 1",39.10236,-96.60097,335,748.1,25.65,805,24.41,859,23.58,878,23.16,0.168,0.199,0.249,0.275
"2023-10-01 22:00:00",131,"Site 1",39.10236,-96.60097,335,748,25.41,805,24.46,859,23.6,878,23.17,0.168,0.199,0.249,0.274
"2023-10-01 23:00:00",132,"Site 1",39.10236,-96.60097,335,747.7,25.18,805,24.49,858,23.63,877,23.18,0.168,0.199,0.248,0.274
"2023-10-02 00:00:00",133,"Site 1",39.10236,-96.60097,335,747.6,24.97,805,24.5,858,23.67,877,23.19,0.168,0.199,0.248,0.274
"2023-10-02 01:00:00",134,"Site 1",39.10236,-96.60097,335,747.4,24.74,805,24.5,858,23.7,877,23.19,0.168,0.199,0.248,0.273
"2023-10-02 02:00:00",135,"Site 1",39.10236,-96.60097,335,747.3,24.51,805,24.47,858,23.72,877,23.22,0.168,0.199,0.248,0.273
"2023-10-02 03:00:00",136,"Site 1",39.10236,-96.60097,335,747.1,24.28,805,24.44,858,23.75,877,23.22,0.168,0.199,0.248,0.273
"2023-10-02 04:00:00",137,"Site 1",39.10236,-96.60097,335,746.8,24.06,805,24.39,858,23.75,876,23.24,0.168,0.199,0.248,0.273
"2023-10-02 05:00:00",138,"Site 1",39.10236,-96.60097,335,746.5,23.86,805,24.33,858,23.77,876,23.25,0.168,0.199,0.248,0.272
"2023-10-02 06:00:00",139,"Site 1",39.10236,-96.60097,335,746.5,23.67,805,24.27,858,23.78,876,23.25,0.168,0.199,0.248,0.272
"2023-10-02 07:00:00",140,"Site 1",39.10236,-96.60097,335,746.3,23.5,805,24.2,858,23.78,876,23.28,0.168,0.199,0.247,0.272
"2023-10-02 08:00:00",141,"Site 1",39.10236,-96.60097,335,746.2,23.33,805,24.12,858,23.77,876,23.28,0.168,0.199,0.247,0.272
"2023-10-02 09:00:00",142,"Site 1",39.10236,-96.60097,335,746,23.22,804,24.06,857,23.77,876,23.29,0.167,0.199,0.247,0.271
"2023-10-02 10:00:00",143,"Site 1",39.10236,-96.60097,335,745.9,23.2,804,23.99,857,23.75,875,23.3,0.167,0.199,0.247,0.271
"2023-10-02 11:00:00",144,"Site 1",39.10236,-96.60097,335,745.9,23.29,804,23.92,857,23.73,875,23.31,0.167,0.199,0.247,0.271
"2023-10-02 12:00:00",145,"Site 1",39.10236,-96.60097,335,745.8,23.51,804,23.85,857,23.72,875,23.31,0.167,0.198,0.247,0.271
"2023-10-02 13:00:00",146,"Site 1",39.10236,-96.60097,335,745.9,23.92,804,23.82,857,23.69,875,23.31,0.167,0.198,0.246,0.27
"2023-10-02 14:00:00",147,"Site 1",39.10236,-96.60097,335,746.2,24.46,804,23.81,857,23.68,875,23.31,0.168,0.198,0.246,0.27
"2023-10-02 15:00:00",148,"Site 1",39.10236,-96.60097,335,746.6,24.97,804,23.82,856,23.66,874,23.31,0.168,0.198,0.246,0.269
"2023-10-02 16:00:00",149,"Site 1",39.10236,-96.60097,335,746.9,25.34,804,23.89,856,23.65,874,23.31,0.168,0.198,0.246,0.269
"2023-10-02 17:00:00",150,"Site 1",39.10236,-96.60097,335,747.1,25.59,803,23.96,856,23.62,874,23.31,0.168,0.198,0.245,0.269
"2023-10-02 18:00:00",151,"Site 1",39.10236,-96.60097,335,747,25.71,804,24.06,856,23.62,873,23.31,0.168,0.198,0.245,0.268
"2023-10-02 19:00:00",152,"Site 1",39.10236,-96.60097,335,747,25.72,804,24.16,856,23.62,873,23.31,0.168,0.198,0.245,0.268
"2023-10-02 20:00:00",153,"Site 1",39.10236,-96.60097,335,747.2,25.59,804,24.25,855,23.63,873,23.31,0.168,0.198,0.245,0.268
"2023-10-02 21:00:00",154,"Site 1",39.10236,-96.60097,335,747,25.41,804,24.32,855,23.66,873,23.31,0.168,0.198,0.245,0.268
"2023-10-02 22:00:00",155,"Site 1",39.10236,-96.60097,335,746.7,25.18,804,24.38,855,23.68,873,23.31,0.168,0.198,0.245,0.267
"2023-10-02 23:00:00",156,"Site 1",39.10236,-96.60097,335,746.6,24.97,804,24.41,855,23.7,872,23.31,0.168,0.198,0.244,0.267
"2023-10-03 00:00:00",157,"Site 1",39.10236,-96.60097,335,746.4,24.75,804,24.41,855,23.72,872,23.31,0.168,0.198,0.244,0.267
"2023-10-03 01:00:00",158,"Site 1",39.10236,-96.60097,335,746.3,24.56,804,24.41,855,23.75,872,23.31,0.168,0.198,0.244,0.267
"2023-10-03 02:00:00",159,"Site 1",39.10236,-96.60097,335,746,24.34,804,24.39,855,23.76,872,23.32,0.167,0.198,0.244,0.266
"2023-10-03 03:00:00",160,"Site 1",39.10236,-96.60097,335,746.1,24.16,804,24.35,854,23.78,872,23.34,0.167,0.198,0.244,0.266
"2023-10-03 04:00:00",161,"Site 1",39.10236,-96.60097,335,745.8,23.99,804,24.31,854,23.79,872,23.34,0.167,0.198,0.243,0.266
"2023-10-03 05:00:00",162,"Site 1",39.10236,-96.60097,335,745.5,23.83,804,24.26,854,23.81,871,23.34,0.167,0.198,0.243,0.265
"2023-10-03 06:00:00",163,"Site 1",39.10236,-96.60097,335,745.4,23.7,804,24.21,854,23.81,871,23.38,0.167,0.198,0.243,0.265
"2023-10-03 07:00:00",164,"Site 1",39.10236,-96.60097,335,745.3,23.59,804,24.16,854,23.81,871,23.38,0.167,0.198,0.243,0.265
"2023-10-03 08:00:00",165,"Site 1",39.10236,-96.60097,335,745.1,23.5,804,24.09,854,23.81,871,23.38,0.167,0.198,0.243,0.265
"2023-10-03 09:00:00",166,"Site 1",39.10236,-96.60097,335,745,23.42,803,24.04,854,23.78,871,23.38,0.167,0.198,0.243,0.264
"2023-10-03 10:00:00",167,"Site 1",39.10236,-96.60097,335,745,23.38,803,23.98,854,23.78,871,23.39,0.167,0.198,0.243,0.264
"2023-10-03 11:00:00",168,"Site 1",39.10236,-96.60097,335,744.9,23.44,803,23.93,853,23.77,870,23.41,0.167,0.198,0.243,0.264
"2023-10-03 12:00:00",169,"Site 1",39.10236,-96.60097,335,745,23.56,803,23.89,853,23.75,870,23.41,0.167,0.198,0.242,0.264
"2023-10-03 13:00:00",170,"Site 1",39.10236,-96.60097,335,744.8,23.79,803,23.84,853,23.73,870,23.4,0.167,0.198,0.242,0.264
"2023-10-03 14:00:00",171,"Site 1",39.10236,-96.60097,335,744.9,24.03,803,23.84,853,23.72,870,23.41,0.167,0.198,0.242,0.263
"2023-10-03 15:00:00",172,"Site 1",39.10236,-96.60097,335,745.1,24.27,803,23.83,852,23.7,870,23.41,0.167,0.198,0.241,0.263
"2023-10-03 16:00:00",173,"Site 1",39.10236,-96.60097,335,745.2,24.5,802,23.84,852,23.69,869,23.4,0.167,0.197,0.241,0.263
"2023-10-03 17:00:00",174,"Site 1",39.10236,-96.60097,335,745.2,24.69,802,23.89,852,23.68,869,23.38,0.167,0.197,0.241,0.262
"2023-10-03 18:00:00",175,"Site 1",39.10236,-96.60097,335,745.1,24.81,803,23.93,852,23.66,869,23.38,0.167,0.197,0.241,0.262
"2023-10-03 19:00:00",176,"Site 1",39.10236,-96.60097,335,745.3,24.83,802,23.98,852,23.66,869,23.38,0.167,0.197,0.241,0.262
"2023-10-03 20:00:00",177,"Site 1",39.10236,-96.60097,335,745.1,24.77,803,24.02,852,23.66,869,23.38,0.167,0.197,0.241,0.262
"2023-10-03 21:00:00",178,"Site 1",39.10236,-96.60097,335,745.1,24.65,802,24.05,851,23.66,868,23.38,0.167,0.197,0.24,0.261
"2023-10-03 22:00:00",179,"Site 1",39.10236,-96.60097,335,745.2,24.51,803,24.09,851,23.66,868,23.38,0.167,0.198,0.24,0.261
"2023-10-03 23:00:00",180,"Site 1",39.10236,-96.60097,335,750.9,24.36,804,24.09,850,23.69,869,23.38,0.17,0.198,0.239,0.262
"2023-10-04 00:00:00",181,"Site 1",39.10236,-96.60097,335,866,23.84,805,24.09,849,23.68,869,23.38,0.282,0.199,0.238,0.262
"2023-10-04 01:00:00",182,"Site 1",39.10236,-96.60097,335,912,23.34,807,24.09,848,23.69,868,23.38,0.335,0.201,0.236,0.261
"2023-10-04 02:00:00",183,"Site 1",39.10236,-96.60097,335,913,23.09,808,24.03,847,23.69,868,23.38,0.337,0.201,0.236,0.261
"2023-10-04 03:00:00",184,"Site 1",39.10236,-96.60097,335,913,22.91,808,23.96,847,23.69,868,23.38,0.337,0.201,0.235,0.26
"2023-10-04 04:00:00",185,"Site 1",39.10236,-96.60097,335,913,22.69,808,23.88,847,23.69,867,23.38,0.336,0.201,0.235,0.26
"2023-10-04 05:00:00",186,"Site 1",39.10236,-96.60097,335,912,22.45,808,23.78,846,23.69,867,23.38,0.336,0.201,0.235,0.26
"2023-10-04 06:00:00",187,"Site 1",39.10236,-96.60097,335,912,22.21,808,23.69,846,23.68,867,23.38,0.336,0.201,0.235,0.26
"2023-10-04 07:00:00",188,"Site 1",39.10236,-96.60097,335,912,21.94,808,23.58,846,23.66,867,23.38,0.336,0.201,0.234,0.259
"2023-10-04 08:00:00",189,"Site 1",39.10236,-96.60097,335,912,21.68,808,23.47,846,23.63,867,23.38,0.336,0.201,0.234,0.259
"2023-10-04 09:00:00",190,"Site 1",39.10236,-96.60097,335,912,21.45,808,23.37,846,23.61,867,23.38,0.336,0.201,0.234,0.259
"2023-10-04 10:00:00",191,"Site 1",39.10236,-96.60097,335,912,21.32,808,23.25,845,23.57,866,23.38,0.336,0.201,0.234,0.259
"2023-10-04 11:00:00",192,"Site 1",39.10236,-96.60097,335,912,21.32,808,23.14,845,23.54,866,23.37,0.336,0.201,0.233,0.258
"2023-10-04 12:00:00",193,"Site 1",39.10236,-96.60097,335,912,21.41,808,23.02,845,23.5,866,23.35,0.336,0.201,0.233,0.258
"2023-10-04 13:00:00",194,"Site 1",39.10236,-96.60097,335,912,21.63,808,22.94,845,23.45,866,23.34,0.336,0.201,0.233,0.258
"2023-10-04 14:00:00",195,"Site 1",39.10236,-96.60097,335,912,22.02,808,22.86,845,23.42,866,23.33,0.335,0.201,0.233,0.258
"2023-10-04 15:00:00",196,"Site 1",39.10236,-96.60097,335,912,22.44,808,22.84,845,23.37,866,23.31,0.335,0.201,0.233,0.258
"2023-10-04 16:00:00",197,"Site 1",39.10236,-96.60097,335,911,22.74,808,22.83,844,23.31,865,23.29,0.334,0.201,0.233,0.257
"2023-10-04 17:00:00",198,"Site 1",39.10236,-96.60097,335,911,22.91,808,22.86,844,23.28,865,23.28,0.333,0.201,0.232,0.257
"2023-10-04 18:00:00",199,"Site 1",39.10236,-96.60097,335,911,22.94,808,22.9,844,23.24,865,23.27,0.333,0.201,0.232,0.257
"2023-10-04 19:00:00",200,"Site 1",39.10236,-96.60097,335,910,22.87,808,22.94,844,23.22,865,23.25,0.332,0.201,0.232,0.257
"2023-10-04 20:00:00",201,"Site 1",39.10236,-96.60097,335,910,22.72,808,22.97,844,23.2,865,23.23,0.332,0.201,0.232,0.256
"2023-10-04 21:00:00",202,"Site 1",39.10236,-96.60097,335,910,22.5,808,23,844,23.19,865,23.22,0.331,0.201,0.232,0.256
"2023-10-04 22:00:00",203,"Site 1",39.10236,-96.60097,335,910,22.23,808,22.99,843,23.18,864,23.19,0.331,0.201,0.232,0.256
"2023-10-04 23:00:00",204,"Site 1",39.10236,-96.60097,335,910,21.94,808,22.97,843,23.16,864,23.19,0.33,0.201,0.231,0.256
"2023-10-05 00:00:00",205,"Site 1",39.10236,-96.60097,335,909,21.62,808,22.92,843,23.16,864,23.16,0.33,0.201,0.231,0.256
"2023-10-05 01:00:00",206,"Site 1",39.10236,-96.60097,335,909,21.31,808,22.86,843,23.15,864,23.16,0.33,0.201,0.231,0.255
"2023-10-05 02:00:00",207,"Site 1",39.10236,-96.60097,335,909,21,808,22.78,843,23.14,864,23.15,0.329,0.201,0.231,0.255
"2023-10-05 03:00:00",208,"Site 1",39.10236,-96.60097,335,909,20.69,808,22.69,843,23.1,864,23.13,0.329,0.201,0.231,0.255
"2023-10-05 04:00:00",209,"Site 1",39.10236,-96.60097,335,909,20.41,808,22.58,843,23.09,863,23.13,0.328,0.201,0.231,0.255
"2023-10-05 05:00:00",210,"Site 1",39.10236,-96.60097,335,908,20.13,808,22.47,843,23.05,863,23.12,0.328,0.201,0.231,0.255
"2023-10-05 06:00:00",211,"Site 1",39.10236,-96.60097,335,908,19.84,808,22.35,843,23.02,863,23.09,0.328,0.201,0.231,0.254
"2023-10-05 07:00:00",212,"Site 1",39.10236,-96.60097,335,908,19.56,808,22.22,842,22.98,863,23.07,0.327,0.201,0.23,0.254
"2023-10-05 08:00:00",213,"Site 1",39.10236,-96.60097,335,908,19.29,808,22.07,842,22.94,863,23.06,0.327,0.201,0.23,0.254
"2023-10-05 09:00:00",214,"Site 1",39.10236,-96.60097,335,908,19.08,808,21.95,842,22.9,863,23.04,0.326,0.201,0.23,0.254
"2023-10-05 10:00:00",215,"Site 1",39.10236,-96.60097,335,908,18.97,808,21.81,842,22.84,863,23.03,0.326,0.201,0.23,0.254
"2023-10-05 11:00:00",216,"Site 1",39.10236,-96.60097,335,907,19.03,807,21.67,842,22.78,863,23,0.326,0.201,0.23,0.254
"2023-10-05 12:00:00",217,"Site 1",39.10236,-96.60097,335,907,19.21,807,21.55,842,22.73,862,22.98,0.326,0.201,0.23,0.253
"2023-10-05 13:00:00",218,"Site 1",39.10236,-96.60097,335,907,19.62,807,21.46,842,22.67,862,22.96,0.325,0.2,0.23,0.253
"2023-10-05 14:00:00",219,"Site 1",39.10236,-96.60097,335,907,20.19,807,21.41,841,22.6,862,22.94,0.325,0.2,0.23,0.253
"2023-10-05 15:00:00",220,"Site 1",39.10236,-96.60097,335,907,20.69,807,21.38,841,22.55,862,22.91,0.325,0.2,0.229,0.253
"2023-10-05 16:00:00",221,"Site 1",39.10236,-96.60097,335,906,21.04,807,21.41,841,22.48,862,22.87,0.324,0.2,0.229,0.253
"2023-10-05 17:00:00",222,"Site 1",39.10236,-96.60097,335,906,21.22,807,21.45,841,22.44,861,22.84,0.324,0.2,0.229,0.252
"2023-10-05 18:00:00",223,"Site 1",39.10236,-96.60097,335,906,21.25,807,21.52,841,22.38,861,22.81,0.324,0.2,0.229,0.252
"2023-10-05 19:00:00",224,"Site 1",39.10236,-96.60097,335,906,21.18,807,21.58,841,22.35,861,22.78,0.323,0.2,0.229,0.252
"2023-10-05 20:00:00",225,"Site 1",39.10236,-96.60097,335,906,21,807,21.62,841,22.32,861,22.76,0.323,0.2,0.229,0.252
"2023-10-05 21:00:00",226,"Site 1",39.10236,-96.60097,335,906,20.75,807,21.67,840,22.31,861,22.72,0.322,0.201,0.229,0.252
"2023-10-05 22:00:00",227,"Site 1",39.10236,-96.60097,335,905,20.45,807,21.66,840,22.29,861,22.7,0.322,0.201,0.229,0.251
"2023-10-05 23:00:00",228,"Site 1",39.10236,-96.60097,335,905,20.13,807,21.63,840,22.28,861,22.68,0.322,0.201,0.228,0.251
"2023-10-06 00:00:00",229,"Site 1",39.10236,-96.60097,335,905,19.79,807,21.6,840,22.28,860,22.65,0.321,0.201,0.228,0.251
"2023-10-06 01:00:00",230,"Site 1",39.10236,-96.60097,335,905,19.46,807,21.53,840,22.25,860,22.64,0.321,0.201,0.228,0.251
"2023-10-06 02:00:00",231,"Site 1",39.10236,-96.60097,335,905,19.14,807,21.47,840,22.24,860,22.62,0.321,0.201,0.228,0.251
"2023-10-06 03:00:00",232,"Site 1",39.10236,-96.60097,335,904,18.82,807,21.34,840,22.22,860,22.59,0.32,0.2,0.228,0.25
"2023-10-06 04:00:00",233,"Site 1",39.10236,-96.60097,335,904,18.5,807,21.24,840,22.19,860,22.56,0.32,0.2,0.228,0.25
"2023-10-06 05:00:00",234,"Site 1",39.10236,-96.60097,335,904,18.22,807,21.12,840,22.17,860,22.55,0.319,0.2,0.228,0.25
"2023-10-06 06:00:00",235,"Site 1",39.10236,-96.60097,335,904,17.96,807,20.98,840,22.13,860,22.53,0.319,0.2,0.228,0.25
"2023-10-06 07:00:00",236,"Site 1",39.10236,-96.60097,335,904,17.75,807,20.85,840,22.07,860,22.5,0.319,0.2,0.228,0.25
"2023-10-06 08:00:00",237,"Site 1",39.10236,-96.60097,335,904,17.56,807,20.73,840,22.03,859,22.49,0.319,0.2,0.228,0.25
"2023-10-06 09:00:00",238,"Site 1",39.10236,-96.60097,335,903,17.41,806,20.57,839,21.99,859,22.47,0.318,0.2,0.227,0.25
"2023-10-06 10:00:00",239,"Site 1",39.10236,-96.60097,335,903,17.31,806,20.45,839,21.92,859,22.44,0.318,0.2,0.227,0.249
"2023-10-06 11:00:00",240,"Site 1",39.10236,-96.60097,335,903,17.25,806,20.32,839,21.85,859,22.42,0.317,0.2,0.227,0.249
"2023-10-06 12:00:00",241,"Site 1",39.10236,-96.60097,335,903,17.19,806,20.22,839,21.8,859,22.38,0.317,0.2,0.227,0.249
"2023-10-06 13:00:00",242,"Site 1",39.10236,-96.60097,335,903,17.19,806,20.12,839,21.73,859,22.35,0.317,0.2,0.227,0.249
"2023-10-06 14:00:00",243,"Site 1",39.10236,-96.60097,335,902,17.31,806,20,839,21.67,859,22.32,0.316,0.199,0.227,0.249
"2023-10-06 15:00:00",244,"Site 1",39.10236,-96.60097,335,902,17.56,805,19.93,839,21.6,859,22.29,0.316,0.199,0.227,0.249
"2023-10-06 16:00:00",245,"Site 1",39.10236,-96.60097,335,902,17.79,805,19.86,839,21.54,858,22.26,0.316,0.199,0.227,0.249
"2023-10-06 17:00:00",246,"Site 1",39.10236,-96.60097,335,902,17.94,805,19.83,838,21.47,858,22.22,0.315,0.199,0.226,0.248
"2023-10-06 18:00:00",247,"Site 1",39.10236,-96.60097,335,902,17.95,805,19.82,838,21.41,858,22.19,0.315,0.199,0.226,0.248
"2023-10-06 19:00:00",248,"Site 1",39.10236,-96.60097,335,902,17.87,805,19.8,838,21.35,858,22.14,0.315,0.199,0.226,0.248
"2023-10-06 20:00:00",249,"Site 1",39.10236,-96.60097,335,902,17.7,805,19.78,838,21.31,858,22.1,0.315,0.199,0.226,0.248
"2023-10-06 21:00:00",250,"Site 1",39.10236,-96.60097,335,902,17.47,805,19.76,838,21.26,858,22.07,0.315,0.199,0.226,0.248
"2023-10-06 22:00:00",251,"Site 1",39.10236,-96.60097,335,902,17.19,805,19.72,838,21.21,858,22.03,0.315,0.199,0.226,0.247
"2023-10-06 23:00:00",252,"Site 1",39.10236,-96.60097,335,901,16.9,805,19.66,838,21.18,857,22,0.315,0.199,0.226,0.247
"2023-10-07 00:00:00",253,"Site 1",39.10236,-96.60097,335,901,16.59,805,19.59,837,21.13,857,21.96,0.314,0.199,0.226,0.247
"2023-10-07 01:00:00",254,"Site 1",39.10236,-96.60097,335,901,16.28,805,19.5,837,21.09,857,21.93,0.314,0.199,0.226,0.247
"2023-10-07 02:00:00",255,"Site 1",39.10236,-96.60097,335,901,16,805,19.4,837,21.05,857,21.9,0.314,0.199,0.226,0.247
"2023-10-07 03:00:00",256,"Site 1",39.10236,-96.60097,335,901,15.7,805,19.27,837,21.01,857,21.87,0.314,0.199,0.225,0.247
"2023-10-07 04:00:00",257,"Site 1",39.10236,-96.60097,335,901,15.41,805,19.16,837,20.95,857,21.82,0.314,0.199,0.225,0.246
"2023-10-07 05:00:00",258,"Site 1",39.10236,-96.60097,335,901,15.14,805,19.02,837,20.9,857,21.79,0.313,0.199,0.225,0.246
"2023-10-07 06:00:00",259,"Site 1",39.10236,-96.60097,335,901,14.86,804,18.89,837,20.83,856,21.76,0.313,0.199,0.225,0.246
"2023-10-07 07:00:00",260,"Site 1",39.10236,-96.60097,335,901,14.6,804,18.74,837,20.77,856,21.72,0.313,0.199,0.225,0.246
"2023-10-07 08:00:00",261,"Site 1",39.10236,-96.60097,335,901,14.35,804,18.59,837,20.71,856,21.68,0.313,0.198,0.225,0.246
"2023-10-07 09:00:00",262,"Site 1",39.10236,-96.60097,335,900,14.14,804,18.45,836,20.64,856,21.65,0.312,0.199,0.225,0.246
"2023-10-07 10:00:00",263,"Site 1",39.10236,-96.60097,335,900,14.03,804,18.29,836,20.56,856,21.61,0.312,0.198,0.224,0.246
"2023-10-07 11:00:00",264,"Site 1",39.10236,-96.60097,335,900,14.07,804,18.15,836,20.49,856,21.57,0.311,0.198,0.224,0.245
"2023-10-07 12:00:00",265,"Site 1",39.10236,-96.60097,335,899,14.25,803,18.02,836,20.41,856,21.52,0.31,0.198,0.224,0.245
"2023-10-07 13:00:00",266,"Site 1",39.10236,-96.60097,335,899,14.69,803,17.91,836,20.32,856,21.48,0.31,0.198,0.224,0.245
"2023-10-07 14:00:00",267,"Site 1",39.10236,-96.60097,335,899,15.27,803,17.83,836,20.25,856,21.44,0.31,0.198,0.224,0.245
"2023-10-07 15:00:00",268,"Site 1",39.10236,-96.60097,335,899,15.83,803,17.81,836,20.17,856,21.39,0.309,0.198,0.224,0.245
"2023-10-07 16:00:00",269,"Site 1",39.10236,-96.60097,335,899,16.27,803,17.82,835,20.09,855,21.34,0.309,0.198,0.224,0.245
"2023-10-07 17:00:00",270,"Site 1",39.10236,-96.60097,335,898,16.55,803,17.88,835,20.03,855,21.29,0.309,0.198,0.224,0.245
"2023-10-07 18:00:00",271,"Site 1",39.10236,-96.60097,335,898,16.71,803,17.94,835,19.96,855,21.24,0.309,0.198,0.223,0.244
"2023-10-07 19:00:00",272,"Site 1",39.10236,-96.60097,335,898,16.74,803,18.02,835,19.92,855,21.2,0.309,0.198,0.223,0.244
"2023-10-07 20:00:00",273,"Site 1",39.10236,-96.60097,335,898,16.66,803,18.09,835,19.87,854,21.15,0.309,0.198,0.223,0.244
"2023-10-07 21:00:00",274,"Site 1",39.10236,-96.60097,335,898,16.48,803,18.14,835,19.84,855,21.11,0.309,0.198,0.223,0.244
"2023-10-07 22:00:00",275,"Site 1",39.10236,-96.60097,335,898,16.26,803,18.16,835,19.81,854,21.07,0.309,0.198,0.223,0.244
"2023-10-07 23:00:00",276,"Site 1",39.10236,-96.60097,335,898,16.02,803,18.16,835,19.79,854,21.02,0.309,0.198,0.223,0.243
"2023-10-08 00:00:00",277,"Site 1",39.10236,-96.60097,335,898,15.8,804,18.16,835,19.78,854,20.98,0.309,0.198,0.223,0.243
"2023-10-08 01:00:00",278,"Site 1",39.10236,-96.60097,335,898,15.59,803,18.12,835,19.76,854,20.95,0.308,0.198,0.223,0.243
"2023-10-08 02:00:00",279,"Site 1",39.10236,-96.60097,335,898,15.41,803,18.06,834,19.74,854,20.92,0.308,0.198,0.223,0.243
"2023-10-08 03:00:00",280,"Site 1",39.10236,-96.60097,335,898,15.25,804,18.01,834,19.72,854,20.89,0.308,0.198,0.223,0.243
"2023-10-08 04:00:00",281,"Site 1",39.10236,-96.60097,335,898,15.1,803,17.95,834,19.69,854,20.84,0.308,0.198,0.223,0.243
"2023-10-08 05:00:00",282,"Site 1",39.10236,-96.60097,335,898,14.95,803,17.88,834,19.68,853,20.81,0.308,0.198,0.223,0.242
"2023-10-08 06:00:00",283,"Site 1",39.10236,-96.60097,335,898,14.79,803,17.8,834,19.62,853,20.78,0.308,0.198,0.223,0.242
"2023-10-08 07:00:00",284,"Site 1",39.10236,-96.60097,335,898,14.63,803,17.73,834,19.6,853,20.75,0.307,0.198,0.223,0.242
"2023-10-08 08:00:00",285,"Site 1",39.10236,-96.60097,335,"NAN","NAN","NAN","NAN","NAN","NAN","NAN","NAN","NAN","NAN","NAN","NAN"
"2023-10-08 09:00:00",286,"Site 1",39.10236,-96.60097,335,897,14.34,803,17.56,834,19.51,853,20.71,0.307,0.198,0.222,0.242
"2023-10-08 10:00:00",287,"Site 1",39.10236,-96.60097,335,897,14.31,803,17.47,834,19.49,853,20.67,0.306,0.198,0.222,0.242
"2023-10-08 11:00:00",288,"Site 1",39.10236,-96.60097,335,897,14.4,803,17.41,834,19.43,853,20.64,0.306,0.198,0.222,0.242
"2023-10-08 12:00:00",289,"Site 1",39.10236,-96.60097,335,896,14.61,803,17.32,834,19.38,853,20.6,0.305,0.198,0.222,0.242
"2023-10-08 13:00:00",290,"Site 1",39.10236,-96.60097,335,896,15.13,803,17.28,834,19.33,853,20.57,0.305,0.198,0.222,0.242
"2023-10-08 14:00:00",291,"Site 1",39.10236,-96.60097,335,896,15.8,803,17.25,834,19.29,853,20.54,0.305,0.197,0.222,0.242
"2023-10-08 15:00:00",292,"Site 1",39.10236,-96.60097,335,896,16.45,803,17.28,834,19.24,852,20.5,0.304,0.198,0.222,0.241
"2023-10-08 16:00:00",293,"Site 1",39.10236,-96.60097,335,896,16.98,803,17.34,833,19.2,852,20.47,0.304,0.198,0.222,0.241
"2023-10-08 17:00:00",294,"Site 1",39.10236,-96.60097,335,895,17.33,803,17.45,833,19.17,852,20.44,0.303,0.198,0.222,0.241
"2023-10-08 18:00:00",295,"Site 1",39.10236,-96.60097,335,895,17.57,803,17.58,833,19.14,852,20.4,0.304,0.198,0.222,0.241
"2023-10-08 19:00:00",296,"Site 1",39.10236,-96.60097,335,896,17.68,803,17.71,833,19.13,852,20.36,0.304,0.198,0.222,0.241
"2023-10-08 20:00:00",297,"Site 1",39.10236,-96.60097,335,895,17.66,803,17.83,833,19.13,852,20.34,0.303,0.198,0.222,0.241
"2023-10-08 21:00:00",298,"Site 1",39.10236,-96.60097,335,895,17.54,803,17.95,833,19.13,851,20.3,0.303,0.198,0.221,0.24
"2023-10-08 22:00:00",299,"Site 1",39.10236,-96.60097,335,895,17.36,804,18.03,833,19.13,852,20.28,0.303,0.198,0.221,0.24
"2023-10-08 23:00:00",300,"Site 1",39.10236,-96.60097,335,895,17.15,804,18.08,833,19.14,851,20.26,0.303,0.198,0.221,0.24
"2023-10-09 00:00:00",301,"Site 1",39.10236,-96.60097,335,895,16.93,804,18.13,833,19.16,851,20.23,0.303,0.198,0.221,0.24
"2023-10-09 01:00:00",302,"Site 1",39.10236,-96.60097,335,895,16.7,804,18.13,833,19.17,851,20.22,0.303,0.198,0.221,0.24
"2023-10-09 02:00:00",303,"Site 1",39.10236,-96.60097,335,895,16.47,804,18.13,833,19.19,851,20.2,0.303,0.198,0.221,0.24
"2023-10-09 03:00:00",304,"Site 1",39.10236,-96.60097,335,895,16.23,804,18.09,833,19.19,851,20.19,0.303,0.198,0.221,0.24
"2023-10-09 04:00:00",305,"Site 1",39.10236,-96.60097,335,895,15.99,804,18.05,833,19.2,851,20.18,0.303,0.198,0.221,0.24
"2023-10-09 05:00:00",306,"Site 1",39.10236,-96.60097,335,895,15.76,804,18.02,833,19.21,851,20.16,0.303,0.198,0.221,0.24
"2023-10-09 06:00:00",307,"Site 1",39.10236,-96.60097,335,895,15.51,804,17.95,833,19.19,851,20.16,0.303,0.198,0.221,0.239
"2023-10-09 07:00:00",308,"Site 1",39.10236,-96.60097,335,895,15.26,804,17.87,833,19.19,851,20.16,0.303,0.198,0.221,0.239
"2023-10-09 08:00:00",309,"Site 1",39.10236,-96.60097,335,895,15.03,803,17.78,833,19.18,851,20.13,0.302,0.198,0.221,0.239
"2023-10-09 09:00:00",310,"Site 1",39.10236,-96.60097,335,894,14.81,803,17.69,833,19.16,851,20.13,0.302,0.198,0.221,0.239
"2023-10-09 10:00:00",311,"Site 1",39.10236,-96.60097,335,894,14.72,803,17.59,833,19.14,851,20.1,0.301,0.198,0.221,0.239
"2023-10-09 11:00:00",312,"Site 1",39.10236,-96.60097,335,894,14.75,803,17.5,833,19.12,850,20.09,0.301,0.198,0.221,0.239
"2023-10-09 12:00:00",313,"Site 1",39.10236,-96.60097,335,894,14.92,803,17.41,833,19.07,851,20.07,0.3,0.198,0.221,0.239
"2023-10-09 13:00:00",314,"Site 1",39.10236,-96.60097,335,893,15.33,803,17.35,833,19.04,850,20.06,0.3,0.198,0.221,0.239
"2023-10-09 14:00:00",315,"Site 1",39.10236,-96.60097,335,893,15.91,803,17.31,833,19.01,850,20.04,0.3,0.198,0.221,0.239
"2023-10-09 15:00:00",316,"Site 1",39.10236,-96.60097,335,893,16.44,803,17.32,833,18.96,850,20.02,0.299,0.198,0.221,0.239
"2023-10-09 16:00:00",317,"Site 1",39.10236,-96.60097,335,893,16.83,803,17.36,833,18.93,850,20,0.299,0.198,0.221,0.239
"2023-10-09 17:00:00",318,"Site 1",39.10236,-96.60097,335,893,17.06,803,17.44,833,18.91,850,19.98,0.299,0.198,0.221,0.239
"2023-10-09 18:00:00",319,"Site 1",39.10236,-96.60097,335,893,17.18,803,17.53,832,18.88,850,19.95,0.299,0.198,0.221,0.238
"2023-10-09 19:00:00",320,"Site 1",39.10236,-96.60097,335,893,17.18,803,17.63,832,18.85,850,19.94,0.299,0.198,0.221,0.238
"2023-10-09 20:00:00",321,"Site 1",39.10236,-96.60097,335,893,17.06,803,17.69,832,18.84,850,19.91,0.299,0.198,0.221,0.238
"2023-10-09 21:00:00",322,"Site 1",39.10236,-96.60097,335,893,16.85,803,17.76,832,18.85,849,19.9,0.299,0.198,0.221,0.238
"2023-10-09 22:00:00",323,"Site 1",39.10236,-96.60097,335,893,16.59,803,17.8,832,18.87,849,19.87,0.299,0.198,0.221,0.238
"2023-10-09 23:00:00",324,"Site 1",39.10236,-96.60097,335,893,16.33,803,17.81,832,18.88,849,19.85,0.299,0.198,0.221,0.238
"2023-10-10 00:00:00",325,"Site 1",39.10236,-96.60097,335,893,16.06,803,17.81,832,18.88,849,19.84,0.299,0.198,0.221,0.238
"2023-10-10 01:00:00",326,"Site 1",39.10236,-96.60097,335,893,15.78,804,17.77,832,18.88,849,19.82,0.299,0.198,0.221,0.238
"2023-10-10 02:00:00",327,"Site 1",39.10236,-96.60097,335,893,15.5,803,17.73,832,18.89,849,19.81,0.299,0.198,0.221,0.238
"2023-10-10 03:00:00",328,"Site 1",39.10236,-96.60097,335,893,15.23,803,17.66,832,18.88,849,19.81,0.299,0.198,0.221,0.238
"2023-10-10 04:00:00",329,"Site 1",39.10236,-96.60097,335,893,14.98,803,17.59,832,18.88,849,19.78,0.299,0.198,0.221,0.237
"2023-10-10 05:00:00",330,"Site 1",39.10236,-96.60097,335,893,14.73,803,17.5,832,18.87,849,19.78,0.299,0.198,0.221,0.237
"2023-10-10 06:00:00",331,"Site 1",39.10236,-96.60097,335,892,14.5,803,17.41,832,18.84,849,19.77,0.298,0.198,0.221,0.237
"2023-10-10 07:00:00",332,"Site 1",39.10236,-96.60097,335,892,14.28,803,17.31,832,18.81,849,19.76,0.298,0.198,0.221,0.237
"2023-10-10 08:00:00",333,"Site 1",39.10236,-96.60097,335,892,14.07,803,17.21,832,18.79,849,19.75,0.298,0.198,0.221,0.237
"2023-10-10 09:00:00",334,"Site 1",39.10236,-96.60097,335,892,13.9,803,17.1,832,18.76,849,19.73,0.297,0.198,0.221,0.237
"2023-10-10 10:00:00",335,"Site 1",39.10236,-96.60097,335,892,13.85,803,17,832,18.73,849,19.72,0.297,0.198,0.22,0.237
"2023-10-10 11:00:00",336,"Site 1",39.10236,-96.60097,335,891,13.96,803,16.91,832,18.69,849,19.71,0.296,0.198,0.22,0.237
"2023-10-10 12:00:00",337,"Site 1",39.10236,-96.60097,335,891,14.21,803,16.81,832,18.65,849,19.69,0.296,0.197,0.221,0.237
"2023-10-10 13:00:00",338,"Site 1",39.10236,-96.60097,335,891,14.73,803,16.74,832,18.6,848,19.66,0.296,0.197,0.22,0.237
"2023-10-10 14:00:00",339,"Site 1",39.10236,-96.60097,335,891,15.41,802,16.72,832,18.55,849,19.63,0.295,0.197,0.22,0.237
"2023-10-10 15:00:00",340,"Site 1",39.10236,-96.60097,335,891,16,803,16.74,832,18.51,848,19.62,0.295,0.197,0.22,0.237
"2023-10-10 16:00:00",341,"Site 1",39.10236,-96.60097,335,890,16.4,803,16.81,832,18.47,848,19.59,0.295,0.197,0.22,0.237
"2023-10-10 17:00:00",342,"Site 1",39.10236,-96.60097,335,890,16.68,803,16.91,832,18.44,848,19.56,0.295,0.197,0.22,0.237
"2023-10-10 18:00:00",343,"Site 1",39.10236,-96.60097,335,890,16.87,802,17,832,18.41,848,19.54,0.294,0.197,0.22,0.236
"2023-10-10 19:00:00",344,"Site 1",39.10236,-96.60097,335,890,16.97,803,17.1,832,18.41,848,19.52,0.294,0.197,0.22,0.236
"2023-10-10 20:00:00",345,"Site 1",39.10236,-96.60097,335,890,16.96,803,17.22,831,18.41,848,19.5,0.294,0.198,0.22,0.236
"2023-10-10 21:00:00",346,"Site 1",39.10236,-96.60097,335,890,16.9,803,17.29,832,18.38,848,19.47,0.294,0.198,0.22,0.236
"2023-10-10 22:00:00",347,"Site 1",39.10236,-96.60097,335,890,16.8,803,17.36,832,18.41,848,19.45,0.294,0.198,0.22,0.236
"2023-10-10 23:00:00",348,"Site 1",39.10236,-96.60097,335,890,16.72,803,17.42,831,18.41,848,19.44,0.294,0.198,0.22,0.236
"2023-10-11 00:00:00",349,"Site 1",39.10236,-96.60097,335,890,16.66,803,17.46,832,18.42,848,19.42,0.294,0.198,0.22,0.236
"2023-10-11 01:00:00",350,"Site 1",39.10236,-96.60097,335,890,16.54,803,17.49,831,18.44,847,19.41,0.293,0.198,0.22,0.236
"2023-10-11 02:00:00",351,"Site 1",39.10236,-96.60097,335,890,16.43,803,17.5,831,18.44,847,19.39,0.293,0.198,0.22,0.236
"2023-10-11 03:00:00",352,"Site 1",39.10236,-96.60097,335,890,16.29,803,17.5,831,18.46,847,19.38,0.293,0.198,0.22,0.236
"2023-10-11 04:00:00",353,"Site 1",39.10236,-96.60097,335,889,16.17,803,17.5,831,18.47,847,19.38,0.293,0.198,0.22,0.235
"2023-10-11 05:00:00",354,"Site 1",39.10236,-96.60097,335,889,16.02,803,17.47,831,18.47,847,19.38,0.293,0.198,0.22,0.235
"2023-10-11 06:00:00",355,"Site 1",39.10236,-96.60097,335,889,15.88,803,17.45,831,18.47,847,19.35,0.293,0.198,0.22,0.235
"2023-10-11 07:00:00",356,"Site 1",39.10236,-96.60097,335,889,15.76,803,17.43,831,18.47,847,19.34,0.293,0.198,0.22,0.235
"2023-10-11 08:00:00",357,"Site 1",39.10236,-96.60097,335,889,15.63,803,17.4,831,18.47,847,19.34,0.293,0.198,0.22,0.235
"2023-10-11 09:00:00",358,"Site 1",39.10236,-96.60097,335,889,15.52,803,17.35,831,18.47,847,19.34,0.292,0.198,0.22,0.235
"2023-10-11 10:00:00",359,"Site 1",39.10236,-96.60097,335,889,15.55,803,17.3,831,18.47,847,19.34,0.292,0.198,0.22,0.235
"2023-10-11 11:00:00",360,"Site 1",39.10236,-96.60097,335,889,15.72,803,17.26,831,18.45,847,19.32,0.292,0.198,0.22,0.235
"2023-10-11 12:00:00",361,"Site 1",39.10236,-96.60097,335,888,16.03,803,17.23,831,18.45,847,19.32,0.291,0.198,0.22,0.235
"2023-10-11 13:00:00",362,"Site 1",39.10236,-96.60097,335,888,16.58,803,17.23,831,18.44,847,19.31,0.291,0.198,0.22,0.235
"2023-10-11 14:00:00",363,"Site 1",39.10236,-96.60097,335,888,17.28,803,17.26,831,18.42,847,19.31,0.291,0.198,0.22,0.235
"2023-10-11 15:00:00",364,"Site 1",39.10236,-96.60097,335,888,17.94,803,17.33,831,18.41,847,19.28,0.291,0.198,0.22,0.235
"2023-10-11 16:00:00",365,"Site 1",39.10236,-96.60097,335,888,18.44,803,17.45,831,18.4,847,19.28,0.29,0.198,0.22,0.235
"2023-10-11 17:00:00",366,"Site 1",39.10236,-96.60097,335,888,18.81,804,17.59,831,18.41,846,19.28,0.291,0.198,0.22,0.235
"2023-10-11 18:00:00",367,"Site 1",39.10236,-96.60097,335,888,19.03,804,17.75,831,18.41,846,19.25,0.29,0.198,0.22,0.235
"2023-10-11 19:00:00",368,"Site 1",39.10236,-96.60097,335,888,19.15,804,17.91,831,18.41,847,19.25,0.29,0.198,0.22,0.235
"2023-10-11 20:00:00",369,"Site 1",39.10236,-96.60097,335,887,19.16,804,18.06,831,18.45,846,19.25,0.29,0.198,0.22,0.235
"2023-10-11 21:00:00",370,"Site 1",39.10236,-96.60097,335,887,19.11,804,18.19,831,18.48,846,19.25,0.29,0.199,0.22,0.235
"2023-10-11 22:00:00",371,"Site 1",39.10236,-96.60097,335,887,19.03,804,18.31,831,18.52,846,19.24,0.29,0.199,0.22,0.235
"2023-10-11 23:00:00",372,"Site 1",39.10236,-96.60097,335,887,18.94,805,18.4,831,18.56,846,19.24,0.29,0.199,0.22,0.234
"2023-10-12 00:00:00",373,"Site 1",39.10236,-96.60097,335,887,18.84,805,18.46,831,18.61,846,19.25,0.289,0.199,0.22,0.234
"2023-10-12 01:00:00",374,"Site 1",39.10236,-96.60097,335,887,18.75,805,18.52,831,18.66,846,19.25,0.289,0.199,0.22,0.234
"2023-10-12 02:00:00",375,"Site 1",39.10236,-96.60097,335,887,18.68,805,18.56,832,18.7,846,19.25,0.289,0.199,0.22,0.234
"2023-10-12 03:00:00",376,"Site 1",39.10236,-96.60097,335,887,18.61,805,18.59,832,18.73,846,19.25,0.289,0.199,0.22,0.234
"2023-10-12 04:00:00",377,"Site 1",39.10236,-96.60097,335,887,18.58,805,18.61,832,18.76,846,19.28,0.289,0.199,0.22,0.234
"2023-10-12 05:00:00",378,"Site 1",39.10236,-96.60097,335,887,18.53,805,18.62,832,18.8,846,19.28,0.289,0.199,0.22,0.234
"2023-10-12 06:00:00",379,"Site 1",39.10236,-96.60097,335,887,18.48,805,18.66,832,18.84,846,19.3,0.288,0.199,0.22,0.234
"2023-10-12 07:00:00",380,"Site 1",39.10236,-96.60097,335,886,18.43,805,18.66,832,18.87,846,19.31,0.288,0.199,0.22,0.234
"2023-10-12 08:00:00",381,"Site 1",39.10236,-96.60097,335,886,18.37,805,18.66,832,18.89,846,19.31,0.288,0.199,0.22,0.234
"2023-10-12 09:00:00",382,"Site 1",39.10236,-96.60097,335,886,18.32,805,18.68,832,18.92,846,19.33,0.288,0.199,0.22,0.234
"2023-10-12 10:00:00",383,"Site 1",39.10236,-96.60097,335,886,18.28,805,18.66,832,18.94,846,19.34,0.288,0.199,0.22,0.234
"2023-10-12 11:00:00",384,"Site 1",39.10236,-96.60097,335,886,18.28,805,18.66,832,18.96,846,19.37,0.287,0.199,0.22,0.234
"2023-10-12 12:00:00",385,"Site 1",39.10236,-96.60097,335,886,18.3,805,18.66,832,18.97,846,19.38,0.287,0.199,0.22,0.234
"2023-10-12 13:00:00",386,"Site 1",39.10236,-96.60097,335,886,18.34,805,18.66,832,18.99,846,19.38,0.287,0.199,0.22,0.234
"2023-10-12 14:00:00",387,"Site 1",39.10236,-96.60097,335,886,18.4,805,18.68,832,19,846,19.39,0.287,0.199,0.22,0.234
"2023-10-12 15:00:00",388,"Site 1",39.10236,-96.60097,335,885,18.43,805,18.68,832,19,846,19.41,0.287,0.199,0.22,0.234
"2023-10-12 16:00:00",389,"Site 1",39.10236,-96.60097,335,885,18.48,805,18.69,832,19.02,846,19.41,0.286,0.199,0.22,0.234
"2023-10-12 17:00:00",390,"Site 1",39.10236,-96.60097,335,885,18.54,805,18.69,832,19.03,846,19.41,0.286,0.199,0.221,0.234
"2023-10-12 18:00:00",391,"Site 1",39.10236,-96.60097,335,885,18.56,805,18.72,832,19.03,846,19.44,0.286,0.199,0.221,0.234
"2023-10-12 19:00:00",392,"Site 1",39.10236,-96.60097,335,885,18.55,805,18.74,832,19.05,846,19.44,0.286,0.199,0.221,0.234
"2023-10-12 20:00:00",393,"Site 1",39.10236,-96.60097,335,885,18.5,806,18.75,832,19.06,846,19.44,0.286,0.2,0.22,0.234
"2023-10-12 21:00:00",394,"Site 1",39.10236,-96.60097,335,885,18.42,806,18.77,832,19.06,846,19.44,0.286,0.2,0.22,0.234
"2023-10-12 22:00:00",395,"Site 1",39.10236,-96.60097,335,885,18.36,806,18.77,832,19.08,846,19.45,0.286,0.2,0.22,0.234
"2023-10-12 23:00:00",396,"Site 1",39.10236,-96.60097,335,885,18.32,806,18.76,832,19.09,846,19.46,0.285,0.2,0.22,0.234
"2023-10-13 00:00:00",397,"Site 1",39.10236,-96.60097,335,885,18.28,806,18.76,832,19.09,846,19.47,0.285,0.2,0.22,0.234
"2023-10-13 01:00:00",398,"Site 1",39.10236,-96.60097,335,885,18.25,806,18.76,832,19.1,846,19.47,0.285,0.2,0.22,0.234
"2023-10-13 02:00:00",399,"Site 1",39.10236,-96.60097,335,884,18.19,806,18.75,832,19.12,846,19.47,0.285,0.2,0.22,0.234
"2023-10-13 03:00:00",400,"Site 1",39.10236,-96.60097,335,884,18.06,806,18.75,832,19.13,846,19.48,0.285,0.2,0.22,0.234
"2023-10-13 04:00:00",401,"Site 1",39.10236,-96.60097,335,884,17.89,806,18.73,832,19.13,846,19.47,0.285,0.2,0.22,0.234
"2023-10-13 05:00:00",402,"Site 1",39.10236,-96.60097,335,884,17.68,806,18.71,832,19.13,846,19.5,0.285,0.2,0.22,0.234
"2023-10-13 06:00:00",403,"Site 1",39.10236,-96.60097,335,884,17.43,806,18.67,832,19.13,846,19.5,0.284,0.2,0.22,0.234
"2023-10-13 07:00:00",404,"Site 1",39.10236,-96.60097,335,884,17.19,806,18.63,832,19.13,846,19.5,0.284,0.2,0.22,0.234
"2023-10-13 08:00:00",405,"Site 1",39.10236,-96.60097,335,884,16.91,806,18.56,832,19.13,846,19.5,0.284,0.2,0.22,0.234
"2023-10-13 09:00:00",406,"Site 1",39.10236,-96.60097,335,884,16.67,806,18.5,832,19.13,846,19.5,0.284,0.2,0.22,0.234
"2023-10-13 10:00:00",407,"Site 1",39.10236,-96.60097,335,884,16.53,806,18.42,832,19.1,846,19.5,0.284,0.2,0.22,0.234
"2023-10-13 11:00:00",408,"Site 1",39.10236,-96.60097,335,884,16.48,805,18.33,832,19.09,846,19.5,0.283,0.199,0.22,0.234
"2023-10-13 12:00:00",409,"Site 1",39.10236,-96.60097,335,883,16.5,805,18.25,832,19.07,846,19.5,0.283,0.199,0.22,0.234
"2023-10-13 13:00:00",410,"Site 1",39.10236,-96.60097,335,883,16.56,805,18.18,832,19.05,846,19.5,0.283,0.199,0.22,0.234
"2023-10-13 14:00:00",411,"Site 1",39.10236,-96.60097,335,"NAN","NAN","NAN","NAN","NAN","NAN","NAN","NAN","NAN","NAN","NAN","NAN"
"2023-10-13 15:00:00",412,"Site 1",39.10236,-96.60097,335,883,16.72,805,18.07,832,19,846,19.5,0.283,0.199,0.22,0.234
"2023-10-13 16:00:00",413,"Site 1",39.10236,-96.60097,335,883,16.71,805,18.04,832,18.97,846,19.5,0.283,0.199,0.22,0.234
"2023-10-13 17:00:00",414,"Site 1",39.10236,-96.60097,335,883,16.7,805,18.01,832,18.94,846,19.47,0.282,0.199,0.22,0.234
"2023-10-13 18:00:00",415,"Site 1",39.10236,-96.60097,335,883,16.68,805,17.99,832,18.92,846,19.47,0.282,0.199,0.22,0.234
"2023-10-13 19:00:00",416,"Site 1",39.10236,-96.60097,335,883,16.58,805,17.96,832,18.91,845,19.46,0.282,0.199,0.22,0.234
"2023-10-13 20:00:00",417,"Site 1",39.10236,-96.60097,335,883,16.43,805,17.93,832,18.88,845,19.45,0.282,0.199,0.22,0.234
"2023-10-13 21:00:00",418,"Site 1",39.10236,-96.60097,335,882,16.26,805,17.9,832,18.84,845,19.44,0.282,0.199,0.22,0.234
"2023-10-13 22:00:00",419,"Site 1",39.10236,-96.60097,335,882,16.09,805,17.85,832,18.82,845,19.44,0.282,0.199,0.22,0.234
"2023-10-13 23:00:00",420,"Site 1",39.10236,-96.60097,335,882,15.91,805,17.79,"NAN",18.8,845,19.42,0.282,0.199,"NAN",0.234
"2023-10-14 00:00:00",421,"Site 1",39.10236,-96.60097,335,882,15.72,805,17.75,832,18.78,845,19.41,0.282,0.199,0.22,0.234
"2023-10-14 01:00:00",422,"Site 1",39.10236,-96.60097,335,882,15.57,805,17.69,831,18.76,845,19.39,0.281,0.199,0.22,0.234
"2023-10-14 02:00:00",423,"Site 1",39.10236,-96.60097,335,882,15.45,805,17.6,831,18.73,845,19.38,0.281,0.199,0.22,0.234
"2023-10-14 03:00:00",424,"Site 1",39.10236,-96.60097,335,882,15.33,804,17.54,831,18.7,845,19.37,0.281,0.199,0.22,0.233
"2023-10-14 04:00:00",425,"Site 1",39.10236,-96.60097,335,882,15.22,804,17.47,831,18.67,845,19.34,0.281,0.199,0.22,0.233
"2023-10-14 05:00:00",426,"Site 1",39.10236,-96.60097,335,882,15.13,804,17.38,831,18.65,845,19.33,0.281,0.199,0.22,0.233
"2023-10-14 06:00:00",427,"Site 1",39.10236,-96.60097,335,882,15.03,804,17.31,831,18.6,845,19.31,0.281,0.199,0.22,0.233
"2023-10-14 07:00:00",428,"Site 1",39.10236,-96.60097,335,882,14.96,804,17.25,831,18.57,845,19.3,0.28,0.199,0.22,0.233
"2023-10-14 08:00:00",429,"Site 1",39.10236,-96.60097,335,881,14.87,804,17.18,831,18.53,845,19.28,0.28,0.198,0.22,0.233
"2023-10-14 09:00:00",430,"Site 1",39.10236,-96.60097,335,881,14.82,804,17.11,831,18.49,845,19.27,0.28,0.198,0.22,0.233
"2023-10-14 10:00:00",431,"Site 1",39.10236,-96.60097,335,881,14.79,804,17.05,831,18.46,845,19.25,0.28,0.198,0.22,0.233
"2023-10-14 11:00:00",432,"Site 1",39.10236,-96.60097,335,881,14.79,804,16.99,831,18.42,845,19.22,0.28,0.198,0.22,0.233
"2023-10-14 12:00:00",433,"Site 1",39.10236,-96.60097,335,881,14.83,804,16.94,831,18.38,845,19.2,0.279,0.198,0.22,0.233
"2023-10-14 13:00:00",434,"Site 1",39.10236,-96.60097,335,881,14.85,804,16.89,831,18.35,845,19.19,0.279,0.198,0.22,0.233
"2023-10-14 14:00:00",435,"Site 1",39.10236,-96.60097,335,881,14.92,804,16.85,831,18.31,845,19.17,0.279,0.198,0.219,0.233
"2023-10-14 15:00:00",436,"Site 1",39.10236,-96.60097,335,880,15,804,16.81,831,18.26,845,19.15,0.279,0.198,0.219,0.233
"2023-10-14 16:00:00",437,"Site 1",39.10236,-96.60097,335,880,15.06,804,16.79,831,18.23,844,19.12,0.279,0.198,0.219,0.233
"2023-10-14 17:00:00",438,"Site 1",39.10236,-96.60097,335,880,15.13,804,16.78,831,18.2,844,19.09,0.279,0.198,0.219,0.233
"2023-10-14 18:00:00",439,"Site 1",39.10236,-96.60097,335,880,15.17,804,16.75,831,18.17,844,19.07,0.279,0.198,0.219,0.233
"2023-10-14 19:00:00",440,"Site 1",39.10236,-96.60097,335,880,15.16,803,16.75,831,18.14,844,19.04,0.278,0.198,0.219,0.233
"2023-10-14 20:00:00",441,"Site 1",39.10236,-96.60097,335,880,15.12,804,16.75,831,18.1,844,19.03,0.278,0.198,0.219,0.233
"2023-10-14 21:00:00",442,"Site 1",39.10236,-96.60097,335,880,15.05,803,16.72,830,18.07,844,19,0.278,0.198,0.219,0.232
"2023-10-14 22:00:00",443,"Site 1",39.10236,-96.60097,335,880,14.98,804,16.72,831,18.06,844,18.98,0.278,0.198,0.219,0.232
"2023-10-14 23:00:00",444,"Site 1",39.10236,-96.60097,335,880,14.91,804,16.69,830,18.03,844,18.96,0.278,0.198,0.219,0.232
"2023-10-15 00:00:00",445,"Site 1",39.10236,-96.60097,335,880,14.83,803,16.66,830,18.01,844,18.94,0.278,0.198,0.219,0.232
"2023-10-15 01:00:00",446,"Site 1",39.10236,-96.60097,335,880,14.76,803,16.64,830,17.99,844,18.91,0.278,0.198,0.219,0.232
"2023-10-15 02:00:00",447,"Site 1",39.10236,-96.60097,335,880,14.7,803,16.6,830,17.97,844,18.9,0.278,0.198,0.219,0.232
"2023-10-15 03:00:00",448,"Site 1",39.10236,-96.60097,335,880,14.65,803,16.57,830,17.94,844,18.88,0.278,0.198,0.219,0.232
"2023-10-15 04:00:00",449,"Site 1",39.10236,-96.60097,335,880,14.57,803,16.54,830,17.91,844,18.85,0.277,0.198,0.219,0.232
"2023-10-15 05:00:00",450,"Site 1",39.10236,-96.60097,335,880,14.51,803,16.5,830,17.89,844,18.83,0.277,0.198,0.219,0.232
"2023-10-15 06:00:00",451,"Site 1",39.10236,-96.60097,335,880,14.44,803,16.46,830,17.87,844,18.81,0.277,0.198,0.219,0.232
"2023-10-15 07:00:00",452,"Site 1",39.10236,-96.60097,335,879,14.37,803,16.43,830,17.84,844,18.79,0.277,0.198,0.219,0.232
"2023-10-15 08:00:00",453,"Site 1",39.10236,-96.60097,335,879,14.28,803,16.39,830,17.82,844,18.78,0.277,0.198,0.219,0.232
"2023-10-15 09:00:00",454,"Site 1",39.10236,-96.60097,335,879,14.23,803,16.33,830,17.78,844,18.75,0.277,0.198,0.219,0.232
"2023-10-15 10:00:00",455,"Site 1",39.10236,-96.60097,335,879,14.2,803,16.3,830,17.76,844,18.74,0.277,0.198,0.219,0.232
"2023-10-15 11:00:00",456,"Site 1",39.10236,-96.60097,335,879,14.25,803,16.26,830,17.74,844,18.72,0.276,0.198,0.219,0.232
"2023-10-15 12:00:00",457,"Site 1",39.10236,-96.60097,335,879,14.35,803,16.21,830,17.71,844,18.69,0.276,0.198,0.219,0.232
"2023-10-15 13:00:00",458,"Site 1",39.10236,-96.60097,335,879,14.49,803,16.2,830,17.68,843,18.68,0.276,0.198,0.219,0.232
"2023-10-15 14:00:00",459,"Site 1",39.10236,-96.60097,335,878,14.62,803,16.18,830,17.66,843,18.66,0.276,0.198,0.219,0.232
"2023-10-15 15:00:00",460,"Site 1",39.10236,-96.60097,335,878,14.73,803,16.17,830,17.63,843,18.62,0.276,0.198,0.219,0.232
"2023-10-15 16:00:00",461,"Site 1",39.10236,-96.60097,335,878,14.84,803,16.18,830,17.59,843,18.61,0.275,0.198,0.218,0.232
"2023-10-15 17:00:00",462,"Site 1",39.10236,-96.60097,335,878,14.9,803,16.19,830,17.57,843,18.59,0.275,0.198,0.218,0.231
"2023-10-15 18:00:00",463,"Site 1",39.10236,-96.60097,335,878,14.91,803,16.19,830,17.55,843,18.56,0.275,0.198,0.218,0.231
"2023-10-15 19:00:00",464,"Site 1",39.10236,-96.60097,335,878,14.84,803,16.21,830,17.53,843,18.55,0.275,0.198,0.218,0.231
"2023-10-15 20:00:00",465,"Site 1",39.10236,-96.60097,335,878,14.77,803,16.22,830,17.52,843,18.53,0.275,0.198,0.218,0.231
"2023-10-15 21:00:00",466,"Site 1",39.10236,-96.60097,335,878,14.66,803,16.22,830,17.5,843,18.5,0.275,0.198,0.218,0.231
"2023-10-15 22:00:00",467,"Site 1",39.10236,-96.60097,335,878,14.54,803,16.21,830,17.5,843,18.49,0.275,0.198,0.218,0.231
"2023-10-15 23:00:00",468,"Site 1",39.10236,-96.60097,335,878,14.44,803,16.19,830,17.47,843,18.47,0.275,0.198,0.218,0.231
"2023-10-16 00:00:00",469,"Site 1",39.10236,-96.60097,335,878,14.31,803,16.16,830,17.47,843,18.46,0.275,0.198,0.218,0.231
"2023-10-16 01:00:00",470,"Site 1",39.10236,-96.60097,335,878,14.16,803,16.12,830,17.44,843,18.44,0.275,0.198,0.218,0.231
"2023-10-16 02:00:00",471,"Site 1",39.10236,-96.60097,335,878,13.96,803,16.09,830,17.44,843,18.42,0.275,0.198,0.218,0.231
"2023-10-16 03:00:00",472,"Site 1",39.10236,-96.60097,335,878,13.69,803,16.04,830,17.41,843,18.41,0.275,0.198,0.218,0.231
"2023-10-16 04:00:00",473,"Site 1",39.10236,-96.60097,335,878,13.44,803,15.99,830,17.4,843,18.37,0.275,0.198,0.218,0.231
"2023-10-16 05:00:00",474,"Site 1",39.10236,-96.60097,335,878,13.16,803,15.93,829,17.37,842,18.37,0.275,0.198,0.218,0.231
"2023-10-16 06:00:00",475,"Site 1",39.10236,-96.60097,335,878,12.89,803,15.83,830,17.34,842,18.35,0.275,0.197,0.218,0.231
"2023-10-16 07:00:00",476,"Site 1",39.10236,-96.60097,335,878,12.63,803,15.75,830,17.31,842,18.34,0.275,0.198,0.218,0.23
"2023-10-16 08:00:00",477,"Site 1",39.10236,-96.60097,335,878,12.38,802,15.64,829,17.3,842,18.31,0.274,0.197,0.218,0.231
"2023-10-16 09:00:00",478,"Site 1",39.10236,-96.60097,335,877,12.19,802,15.53,829,17.26,842,18.3,0.274,0.197,0.218,0.23
"2023-10-16 10:00:00",479,"Site 1",39.10236,-96.60097,335,877,12.07,802,15.44,829,17.22,842,18.28,0.274,0.197,0.218,0.231
"2023-10-16 11:00:00",480,"Site 1",39.10236,-96.60097,335,877,12.06,802,15.31,829,17.19,842,18.26,0.274,0.197,0.218,0.231
"2023-10-16 12:00:00",481,"Site 1",39.10236,-96.60097,335,877,12.22,802,15.22,829,17.13,842,18.24,0.273,0.197,0.218,0.231
"2023-10-16 13:00:00",482,"Site 1",39.10236,-96.60097,335,876,12.64,802,15.13,829,17.08,842,18.22,0.273,0.197,0.218,0.231
"2023-10-16 14:00:00",483,"Site 1",39.10236,-96.60097,335,876,13.18,802,15.07,829,17.02,842,18.2,0.272,0.197,0.218,0.23
"2023-10-16 15:00:00",484,"Site 1",39.10236,-96.60097,335,876,13.69,802,15.06,829,16.98,842,18.17,0.272,0.197,0.218,0.23
"2023-10-16 16:00:00",485,"Site 1",39.10236,-96.60097,335,876,14.1,802,15.08,829,16.94,842,18.14,0.272,0.197,0.218,0.23
"2023-10-16 17:00:00",486,"Site 1",39.10236,-96.60097,335,876,14.36,802,15.15,829,16.9,842,18.12,0.272,0.197,0.218,0.23
"2023-10-16 18:00:00",487,"Site 1",39.10236,-96.60097,335,876,14.5,802,15.22,829,16.87,842,18.08,0.272,0.197,0.218,0.23
"2023-10-16 19:00:00",488,"Site 1",39.10236,-96.60097,335,876,14.52,802,15.3,829,16.84,842,18.04,0.273,0.197,0.218,0.23
"2023-10-16 20:00:00",489,"Site 1",39.10236,-96.60097,335,876,14.43,802,15.38,829,16.81,842,18.03,0.273,0.197,0.217,0.23
"2023-10-16 21:00:00",490,"Site 1",39.10236,-96.60097,335,876,14.23,802,15.43,829,16.81,842,18,0.273,0.197,0.217,0.23
"2023-10-16 22:00:00",491,"Site 1",39.10236,-96.60097,335,876,14,802,15.47,829,16.78,842,17.97,0.273,0.197,0.217,0.23
"2023-10-16 23:00:00",492,"Site 1",39.10236,-96.60097,335,876,13.75,802,15.5,829,16.79,841,17.96,0.272,0.197,0.218,0.23
"2023-10-17 00:00:00",493,"Site 1",39.10236,-96.60097,335,876,13.5,802,15.47,829,16.79,842,17.94,0.272,0.197,0.217,0.23
"2023-10-17 01:00:00",494,"Site 1",39.10236,-96.60097,335,876,13.24,802,15.45,829,16.78,842,17.91,0.272,0.197,0.217,0.23
"2023-10-17 02:00:00",495,"Site 1",39.10236,-96.60097,335,876,12.99,802,15.41,829,16.78,842,17.9,0.272,0.197,0.218,0.23
"2023-10-17 03:00:00",496,"Site 1",39.10236,-96.60097,335,876,12.73,802,15.34,829,16.78,841,17.88,0.272,0.197,0.218,0.23
"2023-10-17 04:00:00",497,"Site 1",39.10236,-96.60097,335,876,12.48,802,15.28,829,16.78,841,17.87,0.272,0.197,0.218,0.229
"2023-10-17 05:00:00",498,"Site 1",39.10236,-96.60097,335,876,12.24,802,15.21,829,16.75,841,17.84,0.272,0.197,0.218,0.23
"2023-10-17 06:00:00",499,"Site 1",39.10236,-96.60097,335,876,12.01,802,15.11,829,16.74,841,17.84,0.272,0.197,0.217,0.229
"2023-10-17 07:00:00",500,"Site 1",39.10236,-96.60097,335,876,11.78,802,15.01,829,16.72,841,17.81,0.272,0.197,0.217,0.229
"2023-10-17 08:00:00",501,"Site 1",39.10236,-96.60097,335,875,11.58,802,14.91,829,16.69,841,17.8,0.271,0.197,0.217,0.229
"2023-10-17 09:00:00",502,"Site 1",39.10236,-96.60097,335,876,11.41,802,14.81,829,16.64,841,17.78,0.271,0.197,0.217,0.229
"2023-10-17 10:00:00",503,"Site 1",39.10236,-96.60097,335,875,11.34,802,14.71,829,16.6,841,17.78,0.271,0.197,0.217,0.229
"2023-10-17 11:00:00",504,"Site 1",39.10236,-96.60097,335,875,11.42,801,14.61,829,16.57,841,17.75,0.271,0.197,0.217,0.229
"2023-10-17 12:00:00",505,"Site 1",39.10236,-96.60097,335,874,11.68,801,14.51,828,16.52,841,17.73,0.27,0.197,0.217,0.229
"2023-10-17 13:00:00",506,"Site 1",39.10236,-96.60097,335,874,12.19,801,14.45,829,16.48,841,17.71,0.27,0.197,0.217,0.229
"2023-10-17 14:00:00",507,"Site 1",39.10236,-96.60097,335,874,12.87,801,14.42,828,16.44,841,17.69,0.269,0.197,0.217,0.229
"2023-10-17 15:00:00",508,"Site 1",39.10236,-96.60097,335,874,13.52,801,14.43,828,16.39,841,17.66,0.269,0.196,0.217,0.229
"2023-10-17 16:00:00",509,"Site 1",39.10236,-96.60097,335,874,14.05,801,14.5,828,16.34,841,17.63,0.269,0.196,0.217,0.229
"2023-10-17 17:00:00",510,"Site 1",39.10236,-96.60097,335,874,14.44,801,14.59,828,16.31,841,17.6,0.269,0.197,0.217,0.229
"2023-10-17 18:00:00",511,"Site 1",39.10236,-96.60097,335,874,14.69,801,14.72,828,16.28,841,17.57,0.269,0.197,0.217,0.229
"2023-10-17 19:00:00",512,"Site 1",39.10236,-96.60097,335,874,14.8,801,14.83,828,16.27,841,17.55,0.269,0.197,0.217,0.229
"2023-10-17 20:00:00",513,"Site 1",39.10236,-96.60097,335,874,14.79,801,14.97,828,16.25,841,17.52,0.269,0.197,0.217,0.229
"2023-10-17 21:00:00",514,"Site 1",39.10236,-96.60097,335,874,14.69,802,15.06,828,16.25,841,17.5,0.269,0.197,0.217,0.229
"2023-10-17 22:00:00",515,"Site 1",39.10236,-96.60097,335,874,14.55,802,15.16,828,16.28,841,17.48,0.269,0.197,0.217,0.229
"2023-10-17 23:00:00",516,"Site 1",39.10236,-96.60097,335,874,14.42,802,15.21,828,16.28,841,17.47,0.269,0.197,0.217,0.229
"2023-10-18 00:00:00",517,"Site 1",39.10236,-96.60097,335,874,14.3,802,15.25,828,16.31,841,17.44,0.269,0.197,0.217,0.229
"2023-10-18 01:00:00",518,"Site 1",39.10236,-96.60097,335,874,14.19,802,15.28,828,16.32,840,17.44,0.269,0.197,0.217,0.228
"2023-10-18 02:00:00",519,"Site 1",39.10236,-96.60097,335,874,14.08,802,15.31,828,16.34,840,17.44,0.269,0.197,0.217,0.229
"2023-10-18 03:00:00",520,"Site 1",39.10236,-96.60097,335,874,13.98,802,15.31,828,16.35,840,17.41,0.268,0.197,0.217,0.228
"2023-10-18 04:00:00",521,"Site 1",39.10236,-96.60097,335,"NAN","NAN","NAN","NAN","NAN","NAN","NAN","NAN","NAN","NAN","NAN","NAN"
"2023-10-18 05:00:00",522,"Site 1",39.10236,-96.60097,335,873,13.82,802,15.28,828,16.38,840,17.41,0.268,0.197,0.217,0.229
"2023-10-18 06:00:00",523,"Site 1",39.10236,-96.60097,335,873,13.76,802,15.27,828,16.38,840,17.41,0.268,0.197,0.217,0.228
"2023-10-18 07:00:00",524,"Site 1",39.10236,-96.60097,335,874,13.69,802,15.25,828,16.38,840,17.38,0.268,0.197,0.217,0.228
"2023-10-18 08:00:00",525,"Site 1",39.10236,-96.60097,335,873,13.59,802,15.24,828,16.39,840,17.37,0.268,0.197,0.217,0.228
"2023-10-18 09:00:00",526,"Site 1",39.10236,-96.60097,335,873,13.51,802,15.21,828,16.39,840,17.37,0.268,0.197,0.217,0.228
"2023-10-18 10:00:00",527,"Site 1",39.10236,-96.60097,335,873,13.52,802,15.18,828,16.38,840,17.37,0.267,0.197,0.217,0.228
"2023-10-18 11:00:00",528,"Site 1",39.10236,-96.60097,335,873,13.59,802,15.15,828,16.38,840,17.37,0.267,0.197,0.217,0.228
"2023-10-18 12:00:00",529,"Site 1",39.10236,-96.60097,335,873,13.69,802,15.13,828,16.38,840,17.37,0.267,0.197,0.217,0.228
"2023-10-18 13:00:00",530,"Site 1",39.10236,-96.60097,335,872,13.81,802,15.13,828,16.38,840,17.34,0.267,0.197,0.217,0.228
"2023-10-18 14:00:00",531,"Site 1",39.10236,-96.60097,335,872,13.95,802,15.13,828,16.34,840,17.34,0.266,0.197,0.217,0.228
"2023-10-18 15:00:00",532,"Site 1",39.10236,-96.60097,335,872,14.13,802,15.13,"NAN",16.34,840,17.34,0.266,0.197,"NAN",0.228
"2023-10-18 16:00:00",533,"Site 1",39.10236,-96.60097,335,872,14.33,802,15.14,828,16.34,840,17.33,0.266,0.197,0.217,0.228
"2023-10-18 17:00:00",534,"Site 1",39.10236,-96.60097,335,872,14.53,802,15.18,828,16.34,840,17.33,0.266,0.197,0.217,0.228
"2023-10-18 18:00:00",535,"Site 1",39.10236,-96.60097,335,872,14.69,802,15.21,828,16.32,840,17.31,0.266,0.197,0.217,0.228
"2023-10-18 19:00:00",536,"Site 1",39.10236,-96.60097,335,872,14.75,802,15.26,828,16.32,840,17.31,0.266,0.197,0.217,0.228
"2023-10-18 20:00:00",537,"Site 1",39.10236,-96.60097,335,872,14.68,802,15.31,828,16.31,840,17.29,0.266,0.197,0.217,0.228
"2023-10-18 21:00:00",538,"Site 1",39.10236,-96.60097,335,872,14.54,802,15.37,828,16.32,840,17.28,0.266,0.197,0.217,0.228
"2023-10-18 22:00:00",539,"Site 1",39.10236,-96.60097,335,872,14.4,803,15.39,828,16.34,840,17.28,0.266,0.197,0.217,0.228
"2023-10-18 23:00:00",540,"Site 1",39.10236,-96.60097,335,872,14.23,802,15.41,828,16.34,840,17.28,0.266,0.197,0.217,0.228
"2023-10-19 00:00:00",541,"Site 1",39.10236,-96.60097,335,872,14.06,802,15.41,828,16.34,840,17.28,0.266,0.197,0.217,0.228
"2023-10-19 01:00:00",542,"Site 1",39.10236,-96.60097,335,872,13.88,803,15.39,828,16.37,840,17.28,0.266,0.197,0.217,0.228
"2023-10-19 02:00:00",543,"Site 1",39.10236,-96.60097,335,872,13.66,803,15.37,828,16.38,840,17.27,0.266,0.197,0.217,0.228
"2023-10-19 03:00:00",544,"Site 1",39.10236,-96.60097,335,872,13.47,803,15.32,828,16.38,840,17.25,0.266,0.197,0.217,0.228
"2023-10-19 04:00:00",545,"Site 1",39.10236,-96.60097,335,872,13.27,802,15.29,828,16.38,840,17.25,0.266,0.197,0.217,0.228
"2023-10-19 05:00:00",546,"Site 1",39.10236,-96.60097,335,872,13.07,802,15.23,828,16.38,840,17.25,0.266,0.197,0.217,0.228
"2023-10-19 06:00:00",547,"Site 1",39.10236,-96.60097,335,872,12.91,802,15.17,828,16.35,840,17.25,0.266,0.197,0.217,0.228
"2023-10-19 07:00:00",548,"Site 1",39.10236,-96.60097,335,871,12.75,802,15.09,828,16.34,840,17.25,0.265,0.197,0.217,0.228
"2023-10-19 08:00:00",549,"Site 1",39.10236,-96.60097,335,871,12.66,802,15.03,828,16.33,840,17.24,0.265,0.197,0.217,0.228
"2023-10-19 09:00:00",550,"Site 1",39.10236,-96.60097,335,871,12.58,802,14.96,828,16.31,840,17.25,0.265,0.197,0.217,0.228
"2023-10-19 10:00:00",551,"Site 1",39.10236,-96.60097,335,871,12.57,802,14.88,828,16.29,840,17.22,0.265,0.197,0.217,0.228
"2023-10-19 11:00:00",552,"Site 1",39.10236,-96.60097,335,871,12.7,802,14.82,828,16.27,840,17.22,0.264,0.197,0.217,0.228
"2023-10-19 12:00:00",553,"Site 1",39.10236,-96.60097,335,870,12.94,802,14.77,828,16.24,840,17.21,0.264,0.197,0.217,0.228
"2023-10-19 13:00:00",554,"Site 1",39.10236,-96.60097,335,870,13.38,802,14.75,828,16.22,840,17.19,0.263,0.197,0.217,0.228
"2023-10-19 14:00:00",555,"Site 1",39.10236,-96.60097,335,870,13.94,802,14.74,828,16.19,840,17.19,0.263,0.197,0.217,0.228
"2023-10-19 15:00:00",556,"Site 1",39.10236,-96.60097,335,870,14.47,802,14.77,828,16.16,840,17.18,0.263,0.197,0.217,0.228
"2023-10-19 16:00:00",557,"Site 1",39.10236,-96.60097,335,870,14.91,802,14.84,828,16.13,840,17.16,0.263,0.197,0.217,0.228
"2023-10-19 17:00:00",558,"Site 1",39.10236,-96.60097,335,870,15.22,802,14.94,828,16.12,840,17.16,0.263,0.197,0.217,0.228
"2023-10-19 18:00:00",559,"Site 1",39.10236,-96.60097,335,870,15.42,802,15.04,828,16.12,839,17.12,0.263,0.197,0.217,0.228
"2023-10-19 19:00:00",560,"Site 1",39.10236,-96.60097,335,870,15.49,802,15.17,828,16.11,839,17.11,0.263,0.197,0.217,0.228
"2023-10-19 20:00:00",561,"Site 1",39.10236,-96.60097,335,870,15.44,803,15.27,828,16.12,839,17.09,0.263,0.197,0.217,0.228
"2023-10-19 21:00:00",562,"Site 1",39.10236,-96.60097,335,870,15.3,803,15.38,828,16.12,839,17.09,0.263,0.198,0.217,0.227
"2023-10-19 22:00:00",563,"Site 1",39.10236,-96.60097,335,870,15.13,803,15.44,828,16.16,839,17.09,0.263,0.198,0.217,0.227
"2023-10-19 23:00:00",564,"Site 1",39.10236,-96.60097,335,870,14.94,803,15.49,828,16.19,839,17.08,0.263,0.198,0.217,0.227
"2023-10-20 00:00:00",565,"Site 1",39.10236,-96.60097,335,870,14.75,803,15.53,828,16.2,839,17.06,0.263,0.198,0.217,0.227
"2023-10-20 01:00:00",566,"Site 1",39.10236,-96.60097,335,870,14.55,803,15.53,828,16.22,839,17.06,0.263,0.198,0.217,0.227
"2023-10-20 02:00:00",567,"Site 1",39.10236,-96.60097,335,870,14.34,803,15.53,828,16.24,839,17.06,0.263,0.198,0.217,0.227
"2023-10-20 03:00:00",568,"Site 1",39.10236,-96.60097,335,870,14.13,803,15.52,828,16.27,839,17.06,0.263,0.198,0.217,0.227
"2023-10-20 04:00:00",569,"Site 1",39.10236,-96.60097,335,870,13.93,803,15.48,828,16.28,839,17.06,0.263,0.198,0.217,0.227
"2023-10-20 05:00:00",570,"Site 1",39.10236,-96.60097,335,869,13.72,803,15.44,828,16.29,839,17.06,0.263,0.198,0.217,0.227
"2023-10-20 06:00:00",571,"Site 1",39.10236,-96.60097,335,869,13.53,803,15.39,828,16.29,839,17.06,0.263,0.198,0.217,0.227
"2023-10-20 07:00:00",572,"Site 1",39.10236,-96.60097,335,869,13.34,803,15.33,828,16.3,839,17.06,0.263,0.198,0.217,0.227
"2023-10-20 08:00:00",573,"Site 1",39.10236,-96.60097,335,869,13.17,803,15.27,828,16.29,839,17.07,0.263,0.198,0.217,0.227
"2023-10-20 09:00:00",574,"Site 1",39.10236,-96.60097,335,869,13.02,803,15.21,828,16.28,839,17.06,0.262,0.198,0.217,0.227
"2023-10-20 10:00:00",575,"Site 1",39.10236,-96.60097,335,869,12.96,803,15.13,828,16.28,839,17.06,0.262,0.198,0.217,0.227
"2023-10-20 11:00:00",576,"Site 1",39.10236,-96.60097,335,868,13.04,802,15.06,828,16.26,839,17.06,0.261,0.197,0.217,0.227
"2023-10-20 12:00:00",577,"Site 1",39.10236,-96.60097,335,868,13.27,803,14.99,828,16.25,839,17.06,0.261,0.197,0.217,0.227
"2023-10-20 13:00:00",578,"Site 1",39.10236,-96.60097,335,868,13.75,803,14.96,828,16.23,839,17.06,0.261,0.197,0.217,0.227
"2023-10-20 14:00:00",579,"Site 1",39.10236,-96.60097,335,868,14.38,802,14.96,828,16.2,839,17.06,0.26,0.197,0.217,0.227
"2023-10-20 15:00:00",580,"Site 1",39.10236,-96.60097,335,868,14.97,803,14.99,828,16.19,839,17.06,0.26,0.197,0.217,0.227
"2023-10-20 16:00:00",581,"Site 1",39.10236,-96.60097,335,868,15.46,803,15.06,828,16.16,839,17.03,0.26,0.197,0.217,0.227
"2023-10-20 17:00:00",582,"Site 1",39.10236,-96.60097,335,867,15.81,803,15.17,828,16.16,839,17.03,0.26,0.197,0.217,0.227
"2023-10-20 18:00:00",583,"Site 1",39.10236,-96.60097,335,867,16.04,803,15.29,828,16.16,839,17.03,0.26,0.197,0.217,0.227
"2023-10-20 19:00:00",584,"Site 1",39.10236,-96.60097,335,867,16.12,803,15.42,828,16.16,839,17.02,0.26,0.198,0.217,0.227
"2023-10-20 20:00:00",585,"Site 1",39.10236,-96.60097,335,868,16.05,803,15.54,828,16.16,839,17,0.26,0.198,0.217,0.227
"2023-10-20 21:00:00",586,"Site 1",39.10236,-96.60097,335,867,15.91,803,15.65,828,16.19,839,17,0.26,0.198,0.217,0.227
"2023-10-20 22:00:00",587,"Site 1",39.10236,-96.60097,335,867,15.72,803,15.73,828,16.21,839,17,0.26,0.198,0.217,0.227
"2023-10-20 23:00:00",588,"Site 1",39.10236,-96.60097,335,867,15.5,803,15.79,828,16.24,839,17,0.26,0.198,0.217,0.227
"2023-10-21 00:00:00",589,"Site 1",39.10236,-96.60097,335,867,15.31,803,15.82,828,16.26,839,17,0.26,0.198,0.217,0.227
"2023-10-21 01:00:00",590,"Site 1",39.10236,-96.60097,335,867,15.1,803,15.84,828,16.3,839,17,0.26,0.198,0.217,0.227
"2023-10-21 02:00:00",591,"Site 1",39.10236,-96.60097,335,867,14.91,803,15.84,828,16.32,839,17,0.26,0.198,0.217,0.227
"2023-10-21 03:00:00",592,"Site 1",39.10236,-96.60097,335,867,14.71,803,15.83,828,16.34,839,17,0.26,0.198,0.217,0.227
"2023-10-21 04:00:00",593,"Site 1",39.10236,-96.60097,335,867,14.5,803,15.79,828,16.38,839,17,0.26,0.198,0.217,0.227
"2023-10-21 05:00:00",594,"Site 1",39.10236,-96.60097,335,867,14.31,803,15.76,828,16.39,839,17.02,0.26,0.198,0.217,0.227
"2023-10-21 06:00:00",595,"Site 1",39.10236,-96.60097,335,867,14.13,803,15.71,829,16.41,839,17.03,0.26,0.198,0.217,0.227
"2023-10-21 07:00:00",596,"Site 1",39.10236,-96.60097,335,867,13.94,803,15.66,828,16.41,839,17.03,0.26,0.198,0.217,0.227
"2023-10-21 08:00:00",597,"Site 1",39.10236,-96.60097,335,867,13.75,803,15.59,829,16.41,839,17.03,0.26,0.198,0.217,0.227
"2023-10-21 09:00:00",598,"Site 1",39.10236,-96.60097,335,867,13.57,803,15.53,829,16.41,839,17.04,0.259,0.198,0.217,0.227
"2023-10-21 10:00:00",599,"Site 1",39.10236,-96.60097,335,866,13.5,803,15.46,829,16.41,839,17.04,0.259,0.198,0.217,0.227
"2023-10-21 11:00:00",600,"Site 1",39.10236,-96.60097,335,866,13.57,803,15.4,829,16.38,839,17.05,0.258,0.198,0.217,0.227
"2023-10-21 12:00:00",601,"Site 1",39.10236,-96.60097,335,866,13.79,803,15.33,829,16.38,839,17.05,0.258,0.198,0.217,0.227
"2023-10-21 13:00:00",602,"Site 1",39.10236,-96.60097,335,866,14.23,803,15.29,829,16.35,839,17.05,0.258,0.198,0.217,0.227
"2023-10-21 14:00:00",603,"Site 1",39.10236,-96.60097,335,866,14.8,803,15.28,829,16.34,839,17.04,0.258,0.198,0.217,0.227
