"TOA5","CR300-10553","CR300","10553","CR300-CELL205.Std.10.04","CPU:Testbed_code_site_2.CR300","14107","Table_Acclima"
"TIMESTAMP","RECORD","station","latitude","longitude","altitude","Acclima_VWC_5_Avg","Acclima_Perm_5_Avg","Acclima_EC_5_Avg","Acclima_Temp_5_Avg","Acclima_VWC_20_Avg","Acclima_Perm_20_Avg","Acclima_EC_20_Avg","Acclima_Temp_20_Avg","Acclima_VWC_40_Avg","Acclima_Perm_40_Avg","Acclima_EC_40_Avg","Acclima_Temp_40_Avg"
"TS","RN","name","decdegrees","decdegrees","m","%","unitless","microS/cm","Deg c","%","unitless","microS/cm","Deg c","%","unitless","microS/cm","Deg c"
"","","Smp","Smp","Smp","Smp","Avg","Avg","Avg","Avg","Avg","Avg","Avg","Avg","Avg","Avg","Avg","Avg"
"2022-10-13 11:00:00",0,"Site 2",39.10245,-96.59987,335,27.87,15.2,162,12.13,28.53,15.67,247.3,16.37,32,18.03,452.3,18.4
"2022-10-13 12:00:00",1,"Site 2",39.10245,-96.59987,335,28,15.23,165.7,13.5,28.33,15.5,245.7,16.17,32.07,18.1,451,18.27
"2022-10-13 13:00:00",2,"Site 2",39.10245,-96.59987,335,28,15.23,171,15.03,28.33,15.5,244.7,16.07,32,18.03,449,18.2
"2022-10-13 14:00:00",3,"Site 2",39.10245,-96.59987,335,27.93,15.23,176.3,16.43,28.33,15.5,244,16.07,31.97,18.03,448,18.1
"2022-10-13 15:00:00",4,"Site 2",39.10245,-96.59987,335,27.87,15.17,180,17.37,28.37,15.5,245,16.1,32,18.03,447,18
"2022-10-13 16:00:00",5,"Site 2",39.10245,-96.59987,335,27.67,15.07,182,18,28.33,15.5,245.7,16.27,32.03,18.07,447,17.93
"2022-10-13 17:00:00",6,"Site 2",39.10245,-96.59987,335,27.47,14.93,184,18.43,28.33,15.47,246.7,16.43,32,18.03,446,17.83
"2022-10-13 18:00:00",7,"Site 2",39.10245,-96.59987,335,27.37,14.87,183.7,18.33,28.3,15.43,247.7,16.63,32.03,18.03,446,17.8
"2022-10-13 19:00:00",8,"Site 2",39.10245,-96.59987,335,27.3,14.8,181,17.7,28.3,15.47,249,16.83,32,18.07,446,17.77
"2022-10-13 20:00:00",9,"Site 2",39.10245,-96.59987,335,27.3,14.8,177.7,16.7,28.5,15.6,249.3,16.97,32.03,18.07,446,17.77
"2022-10-13 21:00:00",10,"Site 2",39.10245,-96.59987,335,27.3,14.8,173.7,15.63,28.73,15.77,249.3,17,32.03,18.1,445.7,17.7
"2022-10-13 22:00:00",11,"Site 2",39.10245,-96.59987,335,27.2,14.8,170,14.7,28.6,15.63,249.3,17,32.03,18.03,445.7,17.8
"2022-10-13 23:00:00",12,"Site 2",39.10245,-96.59987,335,27.2,14.77,167,13.87,28.53,15.63,249.3,16.97,31.93,18.03,445,17.73
"2022-10-14 00:00:00",13,"Site 2",39.10245,-96.59987,335,27.2,14.77,164,13.13,28.37,15.5,249,16.83,31.93,18.03,445,17.7
"2022-10-14 01:00:00",14,"Site 2",39.10245,-96.59987,335,27.2,14.77,161,12.5,28.73,15.73,247.3,16.67,31.93,18,445,17.73
"2022-10-14 02:00:00",15,"Site 2",39.10245,-96.59987,335,27.2,14.77,159,11.9,28.57,15.6,246,16.47,31.93,18,444.7,17.67
"2022-10-14 03:00:00",16,"Site 2",39.10245,-96.59987,335,27.2,14.7,156.3,11.37,28.73,15.77,245,16.23,32.13,18.13,444.7,17.7
"2022-10-14 04:00:00",17,"Site 2",39.10245,-96.59987,335,27.2,14.7,154.7,10.9,28.5,15.6,243.3,16.03,32.07,18.07,444,17.6
"2022-10-14 05:00:00",18,"Site 2",39.10245,-96.59987,335,27.2,14.7,152.7,10.47,28.67,15.73,241.7,15.8,32.1,18.1,444,17.57
"2022-10-14 06:00:00",19,"Site 2",39.10245,-96.59987,335,27.17,14.7,151.3,10.1,28.37,15.53,240,15.6,32.1,18.1,443,17.5
"2022-10-14 07:00:00",20,"Site 2",39.10245,-96.59987,335,27.2,14.7,149.7,9.8,28.63,15.67,238.7,15.33,32.03,18.03,442,17.5
"2022-10-14 08:00:00",21,"Site 2",39.10245,-96.59987,335,27.17,14.7,149,9.6,28.67,15.67,237,15.13,32,18.03,441.7,17.43
"2022-10-14 09:00:00",22,"Site 2",39.10245,-96.59987,335,27.17,14.7,149,9.6,28.37,15.53,236,14.93,31.9,18,441,17.3
"2022-10-14 10:00:00",23,"Site 2",39.10245,-96.59987,335,27.2,14.7,149.7,9.9,28.23,15.4,234,14.73,32,18.03,439,17.23
"2022-10-14 11:00:00",24,"Site 2",39.10245,-96.59987,335,27.2,14.7,152.7,10.83,28.17,15.4,233.3,14.57,31.93,18,438.3,17.1
"2022-10-14 12:00:00",25,"Site 2",39.10245,-96.59987,335,27.2,14.73,158,12.33,28.2,15.43,232,14.43,31.97,18.03,437.3,17.03
"2022-10-14 13:00:00",26,"Site 2",39.10245,-96.59987,335,27.2,14.77,164.7,14.17,28.27,15.47,232,14.4,31.87,18,436.3,16.97
"2022-10-14 14:00:00",27,"Site 2",39.10245,-96.59987,335,27.17,14.7,170.7,15.83,28.23,15.47,232,14.47,32.03,18.07,435.7,16.9
"2022-10-14 15:00:00",28,"Site 2",39.10245,-96.59987,335,27.13,14.7,175.3,17.1,28.3,15.43,233,14.6,32,18.03,435,16.77
"2022-10-14 16:00:00",29,"Site 2",39.10245,-96.59987,335,27.1,14.7,179.7,18.13,28.1,15.4,234.3,14.83,31.97,18.03,434.3,16.77
"2022-10-14 17:00:00",30,"Site 2",39.10245,-96.59987,335,26.93,14.6,180.3,18.33,28.17,15.4,236,15.1,31.93,18.03,433.3,16.67
"2022-10-14 18:00:00",31,"Site 2",39.10245,-96.59987,335,26.93,14.6,181,18.37,28.17,15.4,238,15.4,31.97,18.03,433,16.67
"2022-10-14 19:00:00",32,"Site 2",39.10245,-96.59987,335,26.87,14.57,180.3,18.07,28.23,15.4,239.7,15.7,31.97,18.03,433,16.63
"2022-10-14 20:00:00",33,"Site 2",39.10245,-96.59987,335,26.87,14.57,178.7,17.53,28.23,15.43,241,15.93,32,18,433,16.67
"2022-10-14 21:00:00",34,"Site 2",39.10245,-96.59987,335,26.83,14.53,176.3,16.9,28.17,15.4,242,16.13,31.93,18,433,16.63
"2022-10-14 22:00:00",35,"Site 2",39.10245,-96.59987,335,26.8,14.5,174,16.3,28.3,15.43,243,16.23,31.93,17.97,433,16.7
"2022-10-14 23:00:00",36,"Site 2",39.10245,-96.59987,335,26.8,14.5,171.3,15.63,28.47,15.53,243,16.3,31.93,17.97,433.7,16.7
"2022-10-15 00:00:00",37,"Site 2",39.10245,-96.59987,335,26.8,14.5,169,14.97,28.37,15.5,244,16.3,31.97,18,434,16.73
"2022-10-15 01:00:00",38,"Site 2",39.10245,-96.59987,335,26.8,14.5,166.7,14.37,28.53,15.57,243.3,16.2,32.03,18.07,434.3,16.77
"2022-10-15 02:00:00",39,"Site 2",39.10245,-96.59987,335,26.8,14.5,164.3,13.8,28.4,15.5,243,16.17,31.97,17.97,434.7,16.8
"2022-10-15 03:00:00",40,"Site 2",39.10245,-96.59987,335,26.8,14.5,162,13.17,28.5,15.6,242.3,16.07,31.9,18,435,16.8
"2022-10-15 04:00:00",41,"Site 2",39.10245,-96.59987,335,26.8,14.5,159.7,12.6,28.23,15.4,241.3,15.9,31.97,18.03,434.7,16.8
"2022-10-15 05:00:00",42,"Site 2",39.10245,-96.59987,335,26.8,14.5,157.3,12.07,28.47,15.57,240.3,15.83,31.97,18.07,435,16.8
"2022-10-15 06:00:00",43,"Site 2",39.10245,-96.59987,335,26.73,14.43,155.7,11.6,28.23,15.4,239.7,15.6,32,18.03,435,16.83
"2022-10-15 07:00:00",44,"Site 2",39.10245,-96.59987,335,26.7,14.4,153.7,11.17,28.3,15.47,238.7,15.43,31.9,17.97,434.3,16.8
"2022-10-15 08:00:00",45,"Site 2",39.10245,-96.59987,335,26.73,14.43,151.7,10.77,28.37,15.57,237,15.27,31.9,17.97,433.7,16.73
"2022-10-15 09:00:00",46,"Site 2",39.10245,-96.59987,335,26.67,14.4,150.3,10.43,28.1,15.4,236,15.07,31.9,18,433.7,16.73
"2022-10-15 10:00:00",47,"Site 2",39.10245,-96.59987,335,26.7,14.4,150,10.43,28.3,15.47,234.7,14.87,31.93,17.93,433,16.7
"2022-10-15 11:00:00",48,"Site 2",39.10245,-96.59987,335,26.77,14.47,152.3,11.33,28.3,15.47,233.7,14.7,31.9,18,432.3,16.63
"2022-10-15 12:00:00",49,"Site 2",39.10245,-96.59987,335,26.8,14.5,158,13,28.3,15.5,232,14.53,31.97,18.03,431.7,16.6
"2022-10-15 13:00:00",50,"Site 2",39.10245,-96.59987,335,26.8,14.5,165,14.8,28.23,15.4,232,14.5,31.93,18,431,16.57
"2022-10-15 14:00:00",51,"Site 2",39.10245,-96.59987,335,26.8,14.5,171,16.5,28.23,15.4,232,14.5,31.97,18.03,430.3,16.47
"2022-10-15 15:00:00",52,"Site 2",39.10245,-96.59987,335,26.7,14.43,176.3,18,28.27,15.43,232.7,14.7,31.87,17.97,430,16.43
"2022-10-15 16:00:00",53,"Site 2",39.10245,-96.59987,335,26.63,14.4,179.3,18.77,28.27,15.43,234.3,14.9,31.97,18,429.3,16.3
"2022-10-15 17:00:00",54,"Site 2",39.10245,-96.59987,335,26.6,14.4,180.3,19,28.23,15.43,236,15.2,31.83,17.9,429,16.3
"2022-10-15 18:00:00",55,"Site 2",39.10245,-96.59987,335,26.53,14.33,182,19.07,28.33,15.47,237.7,15.5,31.87,17.97,428.7,16.3
"2022-10-15 19:00:00",56,"Site 2",39.10245,-96.59987,335,26.47,14.3,180.7,18.77,28.23,15.47,239.3,15.73,31.93,17.97,428.7,16.3
"2022-10-15 20:00:00",57,"Site 2",39.10245,-96.59987,335,26.43,14.3,178,18.03,28.2,15.43,240.7,16,31.9,18,428.7,16.3
"2022-10-15 21:00:00",58,"Site 2",39.10245,-96.59987,335,26.43,14.3,175,17.2,28.3,15.4,242,16.17,31.83,17.9,429,16.37
"2022-10-15 22:00:00",59,"Site 2",39.10245,-96.59987,335,26.4,14.3,173,16.47,28.3,15.5,243,16.3,31.9,17.97,430,16.4
"2022-10-15 23:00:00",60,"Site 2",39.10245,-96.59987,335,26.4,14.3,170,15.8,28.3,15.43,243.3,16.3,31.87,17.97,430,16.4
"2022-10-16 00:00:00",61,"Site 2",39.10245,-96.59987,335,26.4,14.3,168,15.13,28.3,15.43,243,16.3,31.9,17.97,430,16.47
"2022-10-16 01:00:00",62,"Site 2",39.10245,-96.59987,335,26.4,14.3,165.3,14.5,28.3,15.47,243,16.27,31.97,18,431,16.5
"2022-10-16 02:00:00",63,"Site 2",39.10245,-96.59987,335,26.4,14.3,163.3,13.97,28.3,15.47,242.3,16.17,31.97,18,431,16.5
"2022-10-16 03:00:00",64,"Site 2",39.10245,-96.59987,335,26.4,14.3,161,13.47,28.3,15.5,242,16.03,32,18.03,431,16.53
"2022-10-16 04:00:00",65,"Site 2",39.10245,-96.59987,335,26.33,14.23,159.7,13,28.27,15.4,241.3,15.9,31.93,18,431,16.5
"2022-10-16 05:00:00",66,"Site 2",39.10245,-96.59987,335,26.33,14.23,157.7,12.57,28.23,15.43,240,15.77,32,18.07,431,16.57
"2022-10-16 06:00:00",67,"Site 2",39.10245,-96.59987,335,26.33,14.23,155.7,12.13,28.17,15.4,239.3,15.6,31.83,17.93,431,16.53
"2022-10-16 07:00:00",68,"Site 2",39.10245,-96.59987,335,26.3,14.2,154,11.7,28.23,15.4,238.3,15.43,31.93,17.97,431,16.5
"2022-10-16 08:00:00",69,"Site 2",39.10245,-96.59987,335,26.3,14.2,152.3,11.3,28.17,15.43,237,15.27,32,18.03,431,16.5
"2022-10-16 09:00:00",70,"Site 2",39.10245,-96.59987,335,26.3,14.2,150.7,10.97,28.23,15.43,235.7,15.13,31.93,18,430.7,16.5
"2022-10-16 10:00:00",71,"Site 2",39.10245,-96.59987,335,26.33,14.23,150.3,10.9,28.27,15.47,234.7,14.9,31.93,18.03,430,16.4
"2022-10-16 11:00:00",72,"Site 2",39.10245,-96.59987,335,26.4,14.3,152,11.5,28.27,15.4,233.7,14.73,32.03,18.07,430,16.4
"2022-10-16 12:00:00",73,"Site 2",39.10245,-96.59987,335,26.37,14.27,156,12.63,28.2,15.43,232.3,14.6,31.93,18,428.7,16.4
"2022-10-16 13:00:00",74,"Site 2",39.10245,-96.59987,335,26.43,14.3,160,14.07,28.3,15.47,232,14.5,31.93,18.03,428,16.33
"2022-10-16 14:00:00",75,"Site 2",39.10245,-96.59987,335,26.47,14.3,167.3,16.1,28.3,15.5,232,14.5,31.87,17.93,427.7,16.27
"2022-10-16 15:00:00",76,"Site 2",39.10245,-96.59987,335,26.47,14.33,173.7,17.93,28.23,15.43,232.3,14.6,31.9,17.93,427,16.17
"2022-10-16 16:00:00",77,"Site 2",39.10245,-96.59987,335,26.43,14.3,177.3,18.97,28.3,15.5,233.7,14.83,31.93,18,427,16.13
"2022-10-16 17:00:00",78,"Site 2",39.10245,-96.59987,335,26.4,14.3,180,19.53,28.3,15.47,235.3,15.1,31.9,17.93,426.3,16.1
"2022-10-16 18:00:00",79,"Site 2",39.10245,-96.59987,335,26.37,14.27,180.3,19.53,28.3,15.47,237.3,15.4,32,18.03,426.3,16.1
"2022-10-16 19:00:00",80,"Site 2",39.10245,-96.59987,335,26.27,14.17,179,18.87,28.3,15.5,239,15.7,31.93,18.03,426.7,16.1
"2022-10-16 20:00:00",81,"Site 2",39.10245,-96.59987,335,26.1,14.1,175.7,17.87,28.33,15.5,240.3,16,31.8,17.9,427,16.13
"2022-10-16 21:00:00",82,"Site 2",39.10245,-96.59987,335,26.1,14.1,172,16.8,28.3,15.5,241.7,16.17,31.9,18,427,16.1
"2022-10-16 22:00:00",83,"Site 2",39.10245,-96.59987,335,26.1,14.1,168.7,15.87,28.3,15.5,242,16.2,31.9,17.97,427,16.17
"2022-10-16 23:00:00",84,"Site 2",39.10245,-96.59987,335,26.1,14.1,165.3,15,28.3,15.47,242,16.27,31.77,17.9,427.3,16.23
"2022-10-17 00:00:00",85,"Site 2",39.10245,-96.59987,335,26.1,14.1,163,14.23,28.3,15.47,242,16.2,31.87,17.93,428,16.27
"2022-10-17 01:00:00",86,"Site 2",39.10245,-96.59987,335,26.1,14.1,160,13.5,28.27,15.47,241.7,16.07,31.83,17.93,428,16.3
"2022-10-17 02:00:00",87,"Site 2",39.10245,-96.59987,335,26.1,14.1,157,12.8,28.3,15.47,240.7,15.93,31.97,18,428.3,16.3
"2022-10-17 03:00:00",88,"Site 2",39.10245,-96.59987,335,26.07,14.07,154.3,12.2,28.3,15.47,239.7,15.77,31.87,17.93,428.3,16.3
"2022-10-17 04:00:00",89,"Site 2",39.10245,-96.59987,335,26,14,152,11.6,28.23,15.47,238.7,15.57,31.9,17.97,428.3,16.33
"2022-10-17 05:00:00",90,"Site 2",39.10245,-96.59987,335,26.03,14.03,149.3,10.97,28.47,15.57,237,15.33,31.93,18.03,428.7,16.3
"2022-10-17 06:00:00",91,"Site 2",39.10245,-96.59987,335,26,14,147,10.47,28.3,15.5,235.7,15.13,31.9,18,428.3,16.3
"2022-10-17 07:00:00",92,"Site 2",39.10245,-96.59987,335,26,14,145.3,9.93,28.27,15.47,234.3,14.9,31.93,18,428,16.33
"2022-10-17 08:00:00",93,"Site 2",39.10245,-96.59987,335,26,14,143.3,9.5,28.3,15.43,233,14.67,31.9,18,428,16.27
"2022-10-17 09:00:00",94,"Site 2",39.10245,-96.59987,335,26.03,14.03,141.3,9.03,28.3,15.47,231,14.4,31.97,18,427.3,16.17
"2022-10-17 10:00:00",95,"Site 2",39.10245,-96.59987,335,26.2,14.13,139.7,8.93,28.33,15.5,229.3,14.2,31.83,17.9,425.7,16.17
"2022-10-17 11:00:00",96,"Site 2",39.10245,-96.59987,335,26.27,14.17,142,9.63,28.37,15.5,228,14,31.8,17.93,425,16.07
"2022-10-17 12:00:00",97,"Site 2",39.10245,-96.59987,335,26.3,14.2,146,11,28.3,15.43,226.3,13.77,31.93,18.03,424.3,16
"2022-10-17 13:00:00",98,"Site 2",39.10245,-96.59987,335,26.3,14.2,152,12.77,28.2,15.4,226,13.63,31.83,17.93,423.7,15.9
"2022-10-17 14:00:00",99,"Site 2",39.10245,-96.59987,335,26.3,14.2,158,14.6,28.23,15.4,225,13.6,31.83,17.93,423,15.87
"2022-10-17 15:00:00",100,"Site 2",39.10245,-96.59987,335,26.27,14.17,164,16.3,28.13,15.37,225.7,13.7,31.9,17.97,422.3,15.8
"2022-10-17 16:00:00",101,"Site 2",39.10245,-96.59987,335,26.23,14.17,168.3,17.57,28.17,15.4,226.7,13.9,31.87,18,421.3,15.7
"2022-10-17 17:00:00",102,"Site 2",39.10245,-96.59987,335,26.13,14.1,170.7,18.23,28.27,15.4,228,14.17,31.83,17.93,420.7,15.6
"2022-10-17 18:00:00",103,"Site 2",39.10245,-96.59987,335,26.1,14.1,170.7,18,28.13,15.37,229.7,14.4,31.9,17.97,420.7,15.63
"2022-10-17 19:00:00",104,"Site 2",39.10245,-96.59987,335,26.1,14.07,168.3,17.1,28.17,15.37,231.3,14.73,31.9,18,421,15.6
"2022-10-17 20:00:00",105,"Site 2",39.10245,-96.59987,335,26.03,14.03,165,15.9,28.13,15.37,232.7,14.93,31.77,17.87,420,15.6
"2022-10-17 21:00:00",106,"Site 2",39.10245,-96.59987,335,26,14,161,14.67,28.1,15.33,233.7,15.07,31.8,17.93,420,15.57
"2022-10-17 22:00:00",107,"Site 2",39.10245,-96.59987,335,26,14,157,13.57,28.17,15.37,234,15.1,31.9,17.93,421,15.6
"2022-10-17 23:00:00",108,"Site 2",39.10245,-96.59987,335,26,14,153.3,12.6,28.17,15.37,233.7,15.07,31.9,18,421,15.63
"2022-10-18 00:00:00",109,"Site 2",39.10245,-96.59987,335,26,14,150,11.73,28.2,15.37,232.7,14.9,31.93,18,421,15.6
"2022-10-18 01:00:00",110,"Site 2",39.10245,-96.59987,335,25.9,13.97,147.3,11,28.13,15.33,231.7,14.77,31.9,17.97,421,15.63
"2022-10-18 02:00:00",111,"Site 2",39.10245,-96.59987,335,25.93,14,145,10.4,28.13,15.33,230.3,14.57,31.83,17.93,421,15.67
"2022-10-18 03:00:00",112,"Site 2",39.10245,-96.59987,335,25.9,14,143,9.8,28.1,15.3,229.3,14.37,31.9,17.9,421,15.63
"2022-10-18 04:00:00",113,"Site 2",39.10245,-96.59987,335,25.9,14,140.7,9.33,28.13,15.33,227.7,14.1,31.77,17.83,420.7,15.6
"2022-10-18 05:00:00",114,"Site 2",39.10245,-96.59987,335,25.83,13.93,139,8.73,28.1,15.3,226.3,13.9,31.97,18.03,420,15.57
"2022-10-18 06:00:00",115,"Site 2",39.10245,-96.59987,335,25.8,13.9,137,8.23,28.07,15.3,225,13.67,31.87,17.9,420,15.5
"2022-10-18 07:00:00",116,"Site 2",39.10245,-96.59987,335,25.8,13.9,135,7.767,28.07,15.3,223.3,13.4,31.93,18,419.3,15.5
"2022-10-18 08:00:00",117,"Site 2",39.10245,-96.59987,335,25.8,13.9,132.7,7.2,28,15.3,221.7,13.2,31.87,17.97,418.3,15.4
"2022-10-18 09:00:00",118,"Site 2",39.10245,-96.59987,335,25.87,13.93,130.3,6.8,28.03,15.3,220.3,12.93,31.9,17.93,417.7,15.37
"2022-10-18 10:00:00",119,"Site 2",39.10245,-96.59987,335,26.1,14.1,129,6.6,28.13,15.33,218.3,12.73,31.83,17.9,415.7,15.27
"2022-10-18 11:00:00",120,"Site 2",39.10245,-96.59987,335,26.1,14.1,131,7.233,28.1,15.37,216.3,12.5,31.87,17.97,415,15.2
"2022-10-18 12:00:00",121,"Site 2",39.10245,-96.59987,335,26.1,14.1,135,8.67,28.1,15.3,215.3,12.27,31.83,17.9,414.3,15.1
"2022-10-18 13:00:00",122,"Site 2",39.10245,-96.59987,335,26.1,14.1,141,10.5,28.1,15.37,214.3,12.17,31.83,17.93,413.3,15.07
"2022-10-18 14:00:00",123,"Site 2",39.10245,-96.59987,335,26.1,14.1,148,12.4,28.1,15.3,214,12.1,31.73,17.9,412.3,14.93
"2022-10-18 15:00:00",124,"Site 2",39.10245,-96.59987,335,26.13,14.1,153.7,14.17,28.1,15.33,214,12.13,31.83,17.97,411.3,14.83
"2022-10-18 16:00:00",125,"Site 2",39.10245,-96.59987,335,26.13,14.1,158,15.5,28.1,15.3,215,12.33,31.83,17.97,410.3,14.77
"2022-10-18 17:00:00",126,"Site 2",39.10245,-96.59987,335,26.13,14.1,160.7,16.2,28.1,15.3,216.3,12.6,31.8,17.9,410,14.67
"2022-10-18 18:00:00",127,"Site 2",39.10245,-96.59987,335,26.1,14.1,160.3,16.03,28.1,15.3,218.3,12.9,31.8,17.9,409.7,14.63
"2022-10-18 19:00:00",128,"Site 2",39.10245,-96.59987,335,25.87,13.93,158.7,15.17,28.1,15.3,219.7,13.2,31.83,17.97,409.3,14.6
"2022-10-18 20:00:00",129,"Site 2",39.10245,-96.59987,335,25.8,13.9,155,13.97,28.03,15.33,221.3,13.4,31.8,17.87,409.3,14.57
"2022-10-18 21:00:00",130,"Site 2",39.10245,-96.59987,335,25.8,13.9,150.7,12.7,28.03,15.3,222,13.57,31.83,17.93,409,14.6
"2022-10-18 22:00:00",131,"Site 2",39.10245,-96.59987,335,25.73,13.83,147,11.57,28.07,15.3,222,13.6,31.77,17.9,409.3,14.57
"2022-10-18 23:00:00",132,"Site 2",39.10245,-96.59987,335,25.7,13.8,143.3,10.6,28.07,15.3,222,13.57,31.8,17.87,409.3,14.6
"2022-10-19 00:00:00",133,"Site 2",39.10245,-96.59987,335,25.7,13.8,140,9.7,28,15.3,221.7,13.43,31.8,17.87,409.3,14.6
"2022-10-19 01:00:00",134,"Site 2",39.10245,-96.59987,335,25.7,13.8,137.3,8.97,28,15.3,220.3,13.27,31.8,17.87,409.7,14.63
"2022-10-19 02:00:00",135,"Site 2",39.10245,-96.59987,335,25.7,13.8,135,8.23,28,15.3,219.3,13.07,31.8,17.87,409.3,14.6
"2022-10-19 03:00:00",136,"Site 2",39.10245,-96.59987,335,25.7,13.8,132.7,7.633,28,15.3,218,12.83,31.83,17.9,409,14.63
"2022-10-19 04:00:00",137,"Site 2",39.10245,-96.59987,335,25.63,13.8,130.3,7.067,28,15.3,216.3,12.63,31.83,17.93,409,14.57
"2022-10-19 05:00:00",138,"Site 2",39.10245,-96.59987,335,25.6,13.8,128.7,6.6,28,15.3,214.7,12.37,31.77,17.9,408.7,14.53
"2022-10-19 06:00:00",139,"Site 2",39.10245,-96.59987,335,25.6,13.8,126.7,6.133,28,15.3,213.3,12.13,31.73,17.9,407.7,14.5
"2022-10-19 07:00:00",140,"Site 2",39.10245,-96.59987,335,25.6,13.8,125.3,5.7,28,15.3,211.7,11.9,31.67,17.8,407,14.4
"2022-10-19 08:00:00",141,"Site 2",39.10245,-96.59987,335,25.6,13.8,123.7,5.4,28.03,15.3,210.3,11.67,31.77,17.83,406,14.37
"2022-10-19 09:00:00",142,"Site 2",39.10245,-96.59987,335,25.67,13.83,122.7,5.1,28,15.3,208.7,11.43,31.77,17.87,405.7,14.3
"2022-10-19 10:00:00",143,"Site 2",39.10245,-96.59987,335,25.97,14,121.7,5.1,28.1,15.3,206.7,11.2,31.73,17.9,404.3,14.17
"2022-10-19 11:00:00",144,"Site 2",39.10245,-96.59987,335,25.9,14,124.3,5.9,28.07,15.3,205.3,11,31.83,17.9,403,14.1
"2022-10-19 12:00:00",145,"Site 2",39.10245,-96.59987,335,25.9,14,129.7,7.6,28.1,15.3,204,10.77,31.77,17.87,402,14
"2022-10-19 13:00:00",146,"Site 2",39.10245,-96.59987,335,25.93,14,136.7,9.6,28.07,15.3,204,10.7,31.73,17.9,401.3,13.93
"2022-10-19 14:00:00",147,"Site 2",39.10245,-96.59987,335,26,14,144.3,11.8,28.03,15.3,204,10.67,31.67,17.8,400,13.83
"2022-10-19 15:00:00",148,"Site 2",39.10245,-96.59987,335,26,14,151,13.77,28.07,15.3,204.3,10.8,31.67,17.87,399,13.8
"2022-10-19 16:00:00",149,"Site 2",39.10245,-96.59987,335,26,14,156.3,15.17,28.03,15.3,205.7,11.1,31.73,17.87,398.3,13.63
"2022-10-19 17:00:00",150,"Site 2",39.10245,-96.59987,335,26,14,159.7,16.07,28.07,15.3,207.7,11.43,31.67,17.87,398,13.6
"2022-10-19 18:00:00",151,"Site 2",39.10245,-96.59987,335,25.93,14,161,16.2,28.03,15.3,209.7,11.8,31.67,17.8,397,13.6
"2022-10-19 19:00:00",152,"Site 2",39.10245,-96.59987,335,25.87,13.93,159.7,15.67,28,15.3,212,12.2,31.7,17.87,397,13.57
"2022-10-19 20:00:00",153,"Site 2",39.10245,-96.59987,335,25.8,13.9,157,14.7,28,15.3,214,12.5,31.67,17.83,397,13.57
"2022-10-19 21:00:00",154,"Site 2",39.10245,-96.59987,335,25.8,13.9,153.3,13.63,28,15.3,215.3,12.73,31.77,17.87,398,13.6
"2022-10-19 22:00:00",155,"Site 2",39.10245,-96.59987,335,25.73,13.83,150,12.67,28,15.3,216.3,12.93,31.63,17.8,397.7,13.6
"2022-10-19 23:00:00",156,"Site 2",39.10245,-96.59987,335,25.7,13.8,148,11.9,28,15.3,217,13,31.63,17.8,398,13.67
"2022-10-20 00:00:00",157,"Site 2",39.10245,-96.59987,335,25.7,13.8,145,11.17,28,15.3,217,12.97,31.7,17.83,398.7,13.7
"2022-10-20 01:00:00",158,"Site 2",39.10245,-96.59987,335,25.7,13.8,143,10.5,28,15.3,217,12.9,31.67,17.83,399,13.73
"2022-10-20 02:00:00",159,"Site 2",39.10245,-96.59987,335,25.7,13.8,140.7,9.9,28,15.3,216,12.8,31.7,17.8,399,13.8
"2022-10-20 03:00:00",160,"Site 2",39.10245,-96.59987,335,25.7,13.8,138.7,9.43,28,15.3,215.7,12.67,31.73,17.83,399.3,13.8
"2022-10-20 04:00:00",161,"Site 2",39.10245,-96.59987,335,25.7,13.8,136.7,8.97,28,15.3,215,12.53,31.7,17.83,400,13.8
"2022-10-20 05:00:00",162,"Site 2",39.10245,-96.59987,335,25.67,13.8,135.3,8.53,28,15.3,214,12.37,31.7,17.8,399.7,13.8
"2022-10-20 06:00:00",163,"Site 2",39.10245,-96.59987,335,25.67,13.8,134.3,8.2,28,15.3,213,12.23,31.67,17.8,399.3,13.83
"2022-10-20 07:00:00",164,"Site 2",39.10245,-96.59987,335,25.7,13.8,133,7.9,28,15.27,212,12.03,31.7,17.87,399,13.8
"2022-10-20 08:00:00",165,"Site 2",39.10245,-96.59987,335,25.67,13.8,132,7.667,28,15.3,211,11.9,31.7,17.83,399,13.8
"2022-10-20 09:00:00",166,"Site 2",39.10245,-96.59987,335,25.7,13.8,130.7,7.4,28,15.23,210,11.73,31.73,17.83,398.3,13.73
"2022-10-20 10:00:00",167,"Site 2",39.10245,-96.59987,335,25.8,13.9,130.3,7.433,28.1,15.3,209,11.57,31.73,17.83,398,13.67
"2022-10-20 11:00:00",168,"Site 2",39.10245,-96.59987,335,25.8,13.9,133,8.33,28.1,15.3,208,11.43,31.7,17.83,397.7,13.6
"2022-10-20 12:00:00",169,"Site 2",39.10245,-96.59987,335,25.77,13.87,138.7,9.97,28.07,15.3,207.3,11.3,31.67,17.8,397,13.6
"2022-10-20 13:00:00",170,"Site 2",39.10245,-96.59987,335,25.8,13.9,146,12.03,28.03,15.3,207,11.27,31.7,17.8,396.7,13.53
"2022-10-20 14:00:00",171,"Site 2",39.10245,-96.59987,335,25.8,13.9,153.7,14.3,28.07,15.3,207.7,11.33,31.73,17.83,396,13.5
"2022-10-20 15:00:00",172,"Site 2",39.10245,-96.59987,335,25.8,13.9,161,16.27,28.07,15.3,208.7,11.53,31.7,17.8,395.3,13.43
"2022-10-20 16:00:00",173,"Site 2",39.10245,-96.59987,335,25.8,13.9,166.3,17.87,28,15.3,210.3,11.83,31.7,17.83,395,13.43
"2022-10-20 17:00:00",174,"Site 2",39.10245,-96.59987,335,25.8,13.9,170,18.73,28.07,15.3,213,12.23,31.7,17.83,394.7,13.4
"2022-10-20 18:00:00",175,"Site 2",39.10245,-96.59987,335,25.8,13.9,171,18.87,28.07,15.3,215.3,12.67,31.67,17.8,394.7,13.37
"2022-10-20 19:00:00",176,"Site 2",39.10245,-96.59987,335,25.77,13.87,169.7,18.23,28.07,15.33,218,13.1,31.67,17.8,395,13.4
"2022-10-20 20:00:00",177,"Site 2",39.10245,-96.59987,335,25.73,13.83,166.7,17.17,28,15.3,220.3,13.5,31.63,17.8,396,13.4
"2022-10-20 21:00:00",178,"Site 2",39.10245,-96.59987,335,25.7,13.8,163,16.13,28.1,15.37,222.3,13.73,31.7,17.83,396.3,13.53
"2022-10-20 22:00:00",179,"Site 2",39.10245,-96.59987,335,25.7,13.8,160,15.17,28.07,15.3,223.7,13.97,31.73,17.83,397.3,13.6
"2022-10-20 23:00:00",180,"Site 2",39.10245,-96.59987,335,25.63,13.8,157,14.3,28.03,15.3,224.7,14,31.7,17.83,398,13.63
"2022-10-21 00:00:00",181,"Site 2",39.10245,-96.59987,335,25.7,13.8,154,13.53,28.1,15.3,225,14.03,31.7,17.87,398.7,13.73
"2022-10-21 01:00:00",182,"Site 2",39.10245,-96.59987,335,25.6,13.8,151.7,12.9,28.07,15.3,225,14,31.73,17.83,399.3,13.8
"2022-10-21 02:00:00",183,"Site 2",39.10245,-96.59987,335,25.57,13.77,149.3,12.4,28.03,15.3,224.3,13.9,31.73,17.83,400.3,13.87
"2022-10-21 03:00:00",184,"Site 2",39.10245,-96.59987,335,25.6,13.8,148.3,12,28.1,15.3,223.7,13.83,31.63,17.8,401,13.93
"2022-10-21 04:00:00",185,"Site 2",39.10245,-96.59987,335,25.67,13.8,147,11.8,28,15.3,223,13.67,31.77,17.87,401,14
"2022-10-21 05:00:00",186,"Site 2",39.10245,-96.59987,335,25.6,13.8,146.7,11.57,28.07,15.33,222.3,13.57,31.77,17.9,402,13.97
"2022-10-21 06:00:00",187,"Site 2",39.10245,-96.59987,335,25.53,13.73,146,11.4,28.07,15.3,222,13.43,31.77,17.87,401.7,14
"2022-10-21 07:00:00",188,"Site 2",39.10245,-96.59987,335,25.57,13.77,145.7,11.27,28.03,15.3,221,13.33,31.7,17.83,402,14
"2022-10-21 08:00:00",189,"Site 2",39.10245,-96.59987,335,25.57,13.77,145,11.13,28,15.3,220,13.2,31.73,17.9,402,14.07
"2022-10-21 09:00:00",190,"Site 2",39.10245,-96.59987,335,25.6,13.77,144.3,11.07,28.07,15.33,220,13.13,31.7,17.8,402,14
"2022-10-21 10:00:00",191,"Site 2",39.10245,-96.59987,335,25.57,13.77,143.7,11.1,28.1,15.3,219,13.03,31.73,17.87,401.3,14
"2022-10-21 11:00:00",192,"Site 2",39.10245,-96.59987,335,25.63,13.8,146.3,11.93,28.1,15.37,219,12.93,31.73,17.83,401,14
"2022-10-21 12:00:00",193,"Site 2",39.10245,-96.59987,335,25.6,13.8,151.3,13.4,28.1,15.3,219,12.9,31.73,17.83,401,13.93
"2022-10-21 13:00:00",194,"Site 2",39.10245,-96.59987,335,25.63,13.8,158,15.17,28.13,15.33,219,12.9,31.67,17.83,401,13.97
"2022-10-21 14:00:00",195,"Site 2",39.10245,-96.59987,335,25.53,13.73,164.7,17.13,28.07,15.3,219.3,13.03,31.77,17.83,401,13.93
"2022-10-21 15:00:00",196,"Site 2",39.10245,-96.59987,335,25.6,13.77,171,19,28.1,15.37,220.3,13.2,31.7,17.87,401,13.9
"2022-10-21 16:00:00",197,"Site 2",39.10245,-96.59987,335,25.67,13.8,176.7,20.47,28.2,15.4,222.7,13.57,31.8,17.87,401,13.93
"2022-10-21 17:00:00",198,"Site 2",39.10245,-96.59987,335,25.73,13.83,179,21.23,28.13,15.37,225,13.97,31.77,17.9,401,14
"2022-10-21 18:00:00",199,"Site 2",39.10245,-96.59987,335,25.7,13.8,180,21.1,28.2,15.4,227.7,14.37,31.73,17.83,401.3,14
"2022-10-21 19:00:00",200,"Site 2",39.10245,-96.59987,335,25.7,13.8,178.7,20.57,28.17,15.37,230,14.77,31.67,17.8,402,14
"2022-10-21 20:00:00",201,"Site 2",39.10245,-96.59987,335,25.6,13.8,176,19.63,28.13,15.37,233,15.17,31.8,17.87,402.3,14.03
"2022-10-21 21:00:00",202,"Site 2",39.10245,-96.59987,335,25.53,13.73,173,18.7,28.23,15.4,234.7,15.43,31.7,17.87,403.3,14.17
"2022-10-21 22:00:00",203,"Site 2",39.10245,-96.59987,335,25.5,13.7,170.3,17.97,28.17,15.4,236,15.57,31.7,17.83,404.7,14.23
"2022-10-21 23:00:00",204,"Site 2",39.10245,-96.59987,335,25.5,13.7,168.3,17.4,28.27,15.4,237,15.7,31.7,17.8,405.7,14.33
"2022-10-22 00:00:00",205,"Site 2",39.10245,-96.59987,335,25.47,13.7,166.7,16.97,28.23,15.4,237,15.7,31.73,17.87,406.3,14.43
"2022-10-22 01:00:00",206,"Site 2",39.10245,-96.59987,335,25.4,13.67,165,16.53,28.23,15.4,237,15.7,31.83,17.87,407.3,14.53
"2022-10-22 02:00:00",207,"Site 2",39.10245,-96.59987,335,25.4,13.7,163.7,16.27,28.23,15.4,237.7,15.7,31.77,17.87,408.7,14.6
"2022-10-22 03:00:00",208,"Site 2",39.10245,-96.59987,335,25.3,13.6,162.7,15.9,28.2,15.4,237.3,15.63,31.73,17.83,409,14.67
"2022-10-22 04:00:00",209,"Site 2",39.10245,-96.59987,335,25.37,13.67,161.3,15.53,28.2,15.4,237,15.57,31.77,17.83,409.7,14.8
"2022-10-22 05:00:00",210,"Site 2",39.10245,-96.59987,335,25.3,13.6,160,15.23,28.23,15.4,237,15.5,31.83,17.9,410,14.8
"2022-10-22 06:00:00",211,"Site 2",39.10245,-96.59987,335,25.3,13.6,159,14.97,28.23,15.4,237,15.43,31.83,17.93,410.7,14.87
"2022-10-22 07:00:00",212,"Site 2",39.10245,-96.59987,335,25.3,13.6,158,14.73,28.17,15.4,236.3,15.37,31.83,17.93,411,14.9
"2022-10-22 08:00:00",213,"Site 2",39.10245,-96.59987,335,25.3,13.6,157,14.53,28.2,15.4,236,15.27,31.73,17.9,411.7,14.93
"2022-10-22 09:00:00",214,"Site 2",39.10245,-96.59987,335,25.37,13.63,156,14.3,28.2,15.4,235,15.2,31.83,17.93,412,14.93
"2022-10-22 10:00:00",215,"Site 2",39.10245,-96.59987,335,25.37,13.67,155.3,14.3,28.3,15.4,235,15.1,31.83,17.87,411.7,14.93
"2022-10-22 11:00:00",216,"Site 2",39.10245,-96.59987,335,25.37,13.67,157.3,14.93,28.27,15.4,234,15.03,31.83,17.9,412,14.93
"2022-10-22 12:00:00",217,"Site 2",39.10245,-96.59987,335,25.3,13.6,161.3,16.2,28.27,15.4,234,14.97,31.77,17.93,412,14.93
"2022-10-22 13:00:00",218,"Site 2",39.10245,-96.59987,335,25.37,13.67,167,17.83,28.27,15.4,234,14.97,31.9,17.93,411.7,14.93
"2022-10-22 14:00:00",219,"Site 2",39.10245,-96.59987,335,25.43,13.7,173,19.57,28.3,15.4,234.7,15.07,31.9,17.93,412,14.93
"2022-10-22 15:00:00",220,"Site 2",39.10245,-96.59987,335,25.5,13.7,178.7,21.13,28.3,15.43,236,15.27,31.87,17.93,412,14.93
"2022-10-22 16:00:00",221,"Site 2",39.10245,-96.59987,335,25.5,13.7,183,22.27,28.3,15.4,238,15.5,31.83,17.9,412.7,14.97
"2022-10-22 17:00:00",222,"Site 2",39.10245,-96.59987,335,25.5,13.7,185.7,22.9,28.3,15.43,239.7,15.9,31.83,17.93,412.7,15
"2022-10-22 18:00:00",223,"Site 2",39.10245,-96.59987,335,25.47,13.7,185.7,22.83,28.3,15.43,242.3,16.3,31.8,17.93,413,15.03
"2022-10-22 19:00:00",224,"Site 2",39.10245,-96.59987,335,25.43,13.7,184.3,22.2,28.23,15.4,245,16.6,31.8,17.9,414,15.1
"2022-10-22 20:00:00",225,"Site 2",39.10245,-96.59987,335,25.33,13.63,182,21.3,28.3,15.4,246.7,16.9,31.8,17.93,414.7,15.17
"2022-10-22 21:00:00",226,"Site 2",39.10245,-96.59987,335,25.33,13.63,179,20.37,28.3,15.4,248.3,17.13,31.83,17.93,415.3,15.23
"2022-10-22 22:00:00",227,"Site 2",39.10245,-96.59987,335,25.3,13.6,176,19.6,28.3,15.43,249,17.27,31.87,17.93,416.3,15.3
"2022-10-22 23:00:00",228,"Site 2",39.10245,-96.59987,335,25.3,13.6,174,19.17,28.3,15.4,250,17.3,31.8,17.87,417.3,15.43
"2022-10-23 00:00:00",229,"Site 2",39.10245,-96.59987,335,25.3,13.6,172.7,18.87,28.3,15.47,250,17.3,31.83,17.93,418.3,15.5
"2022-10-23 01:00:00",230,"Site 2",39.10245,-96.59987,335,25.23,13.53,171.7,18.57,28.27,15.4,250,17.3,31.87,17.9,419.3,15.6
"2022-10-23 02:00:00",231,"Site 2",39.10245,-96.59987,335,25.2,13.5,171,18.3,28.3,15.4,250,17.27,31.93,18.03,420.3,15.67
"2022-10-23 03:00:00",232,"Site 2",39.10245,-96.59987,335,25.2,13.5,170,18.07,28.3,15.4,250,17.2,31.87,17.93,421,15.8
"2022-10-23 04:00:00",233,"Site 2",39.10245,-96.59987,335,25.2,13.5,169,17.87,28.27,15.4,250,17.1,31.83,17.97,421,15.8
"2022-10-23 05:00:00",234,"Site 2",39.10245,-96.59987,335,25.2,13.5,168.3,17.67,28.27,15.4,250,17.1,31.87,17.97,422,15.87
"2022-10-23 06:00:00",235,"Site 2",39.10245,-96.59987,335,25.17,13.5,167.7,17.47,28.3,15.4,249.3,17,31.93,17.97,423,15.9
"2022-10-23 07:00:00",236,"Site 2",39.10245,-96.59987,335,25.13,13.5,167,17.33,28.3,15.43,249,17,31.83,17.93,423,15.9
"2022-10-23 08:00:00",237,"Site 2",39.10245,-96.59987,335,25.13,13.5,166.3,17.23,28.3,15.43,249,16.9,31.93,18.03,423.7,15.97
"2022-10-23 09:00:00",238,"Site 2",39.10245,-96.59987,335,25.13,13.5,165.7,17.1,28.3,15.43,249,16.87,31.93,18,424,15.93
"2022-10-23 10:00:00",239,"Site 2",39.10245,-96.59987,335,25.23,13.53,165.7,17.17,28.3,15.5,248.3,16.8,31.97,18,423.3,16
"2022-10-23 11:00:00",240,"Site 2",39.10245,-96.59987,335,25.27,13.57,167,17.73,28.3,15.43,248,16.77,31.9,18,424,15.97
"2022-10-23 12:00:00",241,"Site 2",39.10245,-96.59987,335,25.27,13.57,171,18.8,28.3,15.4,248,16.7,31.93,17.93,424,16
"2022-10-23 13:00:00",242,"Site 2",39.10245,-96.59987,335,25.3,13.6,175,20.03,28.3,15.47,248,16.73,31.97,18,424,16.03
"2022-10-23 14:00:00",243,"Site 2",39.10245,-96.59987,335,25.3,13.6,179,21.2,28.3,15.43,249,16.83,31.93,18,424,16.03
"2022-10-23 15:00:00",244,"Site 2",39.10245,-96.59987,335,25.3,13.6,180,21.27,28.3,15.43,250.3,17.03,31.93,17.97,424,16.13
"2022-10-23 16:00:00",245,"Site 2",39.10245,-96.59987,335,25.3,13.6,181.3,21.7,28.3,15.47,251.3,17.3,31.83,17.93,424.7,16.1
"2022-10-23 17:00:00",246,"Site 2",39.10245,-96.59987,335,25.3,13.6,184.3,22.43,28.3,15.43,252.7,17.43,32,18.07,425,16.13
"2022-10-23 18:00:00",247,"Site 2",39.10245,-96.59987,335,25.33,13.63,185,22.63,28.3,15.5,254.3,17.67,31.93,18,425,16.13
"2022-10-23 19:00:00",248,"Site 2",39.10245,-96.59987,335,25.2,13.5,184.7,22.37,28.3,15.47,255.7,17.93,31.93,17.93,426.3,16.23
"2022-10-23 20:00:00",249,"Site 2",39.10245,-96.59987,335,25.2,13.5,183.3,21.8,28.3,15.43,257.7,18.13,31.93,18,427,16.27
"2022-10-23 21:00:00",250,"Site 2",39.10245,-96.59987,335,25.1,13.5,181.7,21.27,28.3,15.43,258.7,18.23,31.97,18.03,427.7,16.3
"2022-10-23 22:00:00",251,"Site 2",39.10245,-96.59987,335,25.13,13.5,179.7,20.83,28.3,15.47,259.7,18.33,31.93,18,428.3,16.4
"2022-10-23 23:00:00",252,"Site 2",39.10245,-96.59987,335,25.1,13.5,178.7,20.5,28.3,15.5,260,18.4,31.97,18.03,429.7,16.47
"2022-10-24 00:00:00",253,"Site 2",39.10245,-96.59987,335,25.03,13.43,178,20.3,28.3,15.43,260,18.4,31.97,18,430,16.57
"2022-10-24 01:00:00",254,"Site 2",39.10245,-96.59987,335,25,13.4,177,20.07,28.3,15.5,260.3,18.4,31.93,18.03,430.7,16.6
"2022-10-24 02:00:00",255,"Site 2",39.10245,-96.59987,335,25,13.4,176.3,19.93,28.3,15.47,261,18.4,31.9,17.9,431,16.63
"2022-10-24 03:00:00",256,"Site 2",39.10245,-96.59987,335,25,13.4,175.3,19.73,28.3,15.43,261,18.4,31.97,18.03,432,16.7
"2022-10-24 04:00:00",257,"Site 2",39.10245,-96.59987,335,24.93,13.4,174.7,19.53,28.3,15.43,261,18.4,31.9,18,433,16.73
"2022-10-24 05:00:00",258,"Site 2",39.10245,-96.59987,335,24.97,13.4,174,19.4,28.3,15.47,261,18.3,31.93,18,433,16.8
"2022-10-24 06:00:00",259,"Site 2",39.10245,-96.59987,335,24.9,13.4,172.7,19.1,28.3,15.47,260,18.3,31.87,17.97,433,16.8
"2022-10-24 07:00:00",260,"Site 2",39.10245,-96.59987,335,24.9,13.4,171.3,18.77,28.3,15.43,260,18.27,32,18.07,434.7,16.9
"2022-10-24 08:00:00",261,"Site 2",39.10245,-96.59987,335,24.9,13.4,169.7,18.33,28.3,15.43,260,18.2,32.07,18.07,435,16.9
"2022-10-24 09:00:00",262,"Site 2",39.10245,-96.59987,335,24.9,13.3,167.7,17.9,28.3,15.43,260,18.13,31.97,18,435,16.9
"2022-10-24 10:00:00",263,"Site 2",39.10245,-96.59987,335,24.9,13.3,165.7,17.4,28.3,15.43,259.3,18.03,31.8,17.9,435,16.93
"2022-10-24 11:00:00",264,"Site 2",39.10245,-96.59987,335,24.9,13.33,164.3,17,28.3,15.47,258.7,17.97,31.97,18.07,435.7,17
"2022-10-24 12:00:00",265,"Site 2",39.10245,-96.59987,335,24.9,13.33,162.7,16.6,28.3,15.43,258,17.83,32,18.07,436,17
"2022-10-24 13:00:00",266,"Site 2",39.10245,-96.59987,335,24.9,13.37,161.3,16.3,28.3,15.5,257,17.73,32.03,18.1,436,17
"2022-10-24 14:00:00",267,"Site 2",39.10245,-96.59987,335,24.9,13.4,160.3,16,28.3,15.47,255.7,17.57,32.07,18.07,436,16.97
"2022-10-24 15:00:00",268,"Site 2",39.10245,-96.59987,335,24.97,13.4,159.7,15.9,28.3,15.5,255,17.43,32.03,18.1,436,17
"2022-10-24 16:00:00",269,"Site 2",39.10245,-96.59987,335,24.97,13.4,159.3,15.83,28.3,15.5,254,17.27,32,18.03,436,16.97
"2022-10-24 17:00:00",270,"Site 2",39.10245,-96.59987,335,24.97,13.4,159.3,15.9,28.3,15.5,253,17.17,31.97,18.03,435.7,16.97
"2022-10-24 18:00:00",271,"Site 2",39.10245,-96.59987,335,24.9,13.4,160,15.9,28.3,15.5,252.7,17.03,31.97,18.03,435.7,16.93
"2022-10-24 19:00:00",272,"Site 2",39.10245,-96.59987,335,24.9,13.33,158.7,15.6,28.3,15.47,251.7,16.93,32,18.03,435,16.9
"2022-10-24 20:00:00",273,"Site 2",39.10245,-96.59987,335,24.9,13.33,157,15.07,28.3,15.5,251,16.87,32,18.03,435,16.83
"2022-10-24 21:00:00",274,"Site 2",39.10245,-96.59987,335,24.87,13.3,154,14.3,28.3,15.5,250.3,16.77,31.97,18.03,435,16.87
"2022-10-24 22:00:00",275,"Site 2",39.10245,-96.59987,335,24.83,13.3,151.7,13.7,28.3,15.5,249.3,16.67,31.97,18.03,434.3,16.8
"2022-10-24 23:00:00",276,"Site 2",39.10245,-96.59987,335,24.83,13.3,149.3,13.1,28.3,15.4,248.7,16.47,32,18.07,434,16.73
"2022-10-25 00:00:00",277,"Site 2",39.10245,-96.59987,335,24.9,13.3,147,12.5,28.3,15.43,247.3,16.3,31.93,18,433.3,16.73
"2022-10-25 01:00:00",278,"Site 2",39.10245,-96.59987,335,24.87,13.3,145.3,11.97,28.3,15.5,246.3,16.13,31.93,18,433,16.7
"2022-10-25 02:00:00",279,"Site 2",39.10245,-96.59987,335,24.87,13.3,143.7,11.53,28.3,15.47,244.7,15.9,31.93,18,433,16.67
"2022-10-25 03:00:00",280,"Site 2",39.10245,-96.59987,335,24.87,13.3,142.3,11.2,28.3,15.47,243.3,15.7,31.93,17.93,431.7,16.63
"2022-10-25 04:00:00",281,"Site 2",39.10245,-96.59987,335,24.87,13.3,141,10.9,28.3,15.47,241.7,15.47,31.97,18.03,431,16.5
"2022-10-25 05:00:00",282,"Site 2",39.10245,-96.59987,335,24.8,13.3,139.7,10.6,28.3,15.47,240,15.3,32.03,18.07,431,16.5
"2022-10-25 06:00:00",283,"Site 2",39.10245,-96.59987,335,24.83,13.3,138.7,10.33,28.3,15.47,238.7,15.03,31.97,17.97,430,16.4
"2022-10-25 07:00:00",284,"Site 2",39.10245,-96.59987,335,24.8,13.3,137.3,10.03,28.3,15.47,237.3,14.87,31.9,18,429,16.37
"2022-10-25 08:00:00",285,"Site 2",39.10245,-96.59987,335,24.8,13.3,135.7,9.63,28.3,15.47,235.7,14.63,31.83,17.93,428,16.27
"2022-10-25 09:00:00",286,"Site 2",39.10245,-96.59987,335,24.83,13.33,133.7,9.23,28.57,15.63,234,14.43,31.97,18.03,427.7,16.2
"2022-10-25 10:00:00",287,"Site 2",39.10245,-96.59987,335,25,13.4,132.3,9.07,28.4,15.53,232.7,14.23,31.97,18.03,425.7,16.13
"2022-10-25 11:00:00",288,"Site 2",39.10245,-96.59987,335,25,13.4,134.3,9.83,28.4,15.5,231.3,14.03,32,18,425,16
"2022-10-25 12:00:00",289,"Site 2",39.10245,-96.59987,335,24.97,13.4,139,11.3,28.4,15.53,230,13.87,31.93,17.97,424.7,15.9
"2022-10-25 13:00:00",290,"Site 2",39.10245,-96.59987,335,25,13.4,144.7,12.97,28.4,15.57,229.3,13.73,31.93,17.93,423.7,15.87
"2022-10-25 14:00:00",291,"Site 2",39.10245,-96.59987,335,25,13.4,150,14.5,28.4,15.53,229,13.77,31.87,17.97,422.7,15.7
"2022-10-25 15:00:00",292,"Site 2",39.10245,-96.59987,335,25.07,13.47,154.7,15.9,28.4,15.53,229.3,13.83,31.93,18.03,421.3,15.67
"2022-10-25 16:00:00",293,"Site 2",39.10245,-96.59987,335,25.07,13.47,159,16.83,28.4,15.53,230.3,14,31.77,17.93,420.7,15.6
"2022-10-25 17:00:00",294,"Site 2",39.10245,-96.59987,335,25.1,13.5,160.7,17.33,28.4,15.53,231.7,14.2,32,18.03,420,15.5
"2022-10-25 18:00:00",295,"Site 2",39.10245,-96.59987,335,25.03,13.43,160.7,17.2,28.4,15.5,233.3,14.4,31.9,17.97,420,15.43
"2022-10-25 19:00:00",296,"Site 2",39.10245,-96.59987,335,25.03,13.43,159,16.47,28.4,15.5,234.7,14.7,31.73,17.9,420,15.4
"2022-10-25 20:00:00",297,"Site 2",39.10245,-96.59987,335,25,13.4,155.7,15.3,28.4,15.5,235.7,14.87,31.93,18.03,420,15.43
"2022-10-25 21:00:00",298,"Site 2",39.10245,-96.59987,335,25,13.4,151.7,14.17,28.4,15.5,237,15.03,31.87,17.93,419.7,15.33
"2022-10-25 22:00:00",299,"Site 2",39.10245,-96.59987,335,25,13.4,148,13.2,28.4,15.5,237,15.07,31.9,17.97,420,15.4
"2022-10-25 23:00:00",300,"Site 2",39.10245,-96.59987,335,25,13.4,145,12.33,28.4,15.5,237,14.97,31.8,17.9,419.7,15.4
"2022-10-26 00:00:00",301,"Site 2",39.10245,-96.59987,335,24.97,13.4,142,11.57,28.37,15.5,236,14.9,31.9,17.93,420,15.43
"2022-10-26 01:00:00",302,"Site 2",39.10245,-96.59987,335,24.9,13.4,140,10.9,28.37,15.5,235,14.73,31.93,18,420,15.43
"2022-10-26 02:00:00",303,"Site 2",39.10245,-96.59987,335,24.9,13.4,137.3,10.3,28.37,15.5,234,14.53,31.83,17.93,419.7,15.43
"2022-10-26 03:00:00",304,"Site 2",39.10245,-96.59987,335,24.9,13.4,135.7,9.8,28.37,15.5,232.3,14.37,31.9,17.97,420,15.43
"2022-10-26 04:00:00",305,"Site 2",39.10245,-96.59987,335,24.9,13.4,134,9.3,28.3,15.5,231,14.13,31.9,18,419,15.4
"2022-10-26 05:00:00",306,"Site 2",39.10245,-96.59987,335,24.9,13.37,132,8.87,28.3,15.5,229.7,13.93,31.8,17.9,418,15.33
"2022-10-26 06:00:00",307,"Site 2",39.10245,-96.59987,335,24.9,13.37,130.7,8.5,28.3,15.5,228.3,13.7,31.77,17.9,418,15.3
"2022-10-26 07:00:00",308,"Site 2",39.10245,-96.59987,335,24.9,13.37,129.3,8.1,28.33,15.5,226.7,13.5,31.9,18,417.3,15.3
"2022-10-26 08:00:00",309,"Site 2",39.10245,-96.59987,335,24.9,13.37,128,7.8,28.3,15.43,225.3,13.23,31.9,17.9,417,15.2
"2022-10-26 09:00:00",310,"Site 2",39.10245,-96.59987,335,24.9,13.4,127,7.567,28.3,15.47,223.7,13.07,31.87,17.93,416.3,15.13
"2022-10-26 10:00:00",311,"Site 2",39.10245,-96.59987,335,24.93,13.37,126.7,7.733,28.33,15.5,222.3,12.87,31.83,17.93,414.7,15.07
"2022-10-26 11:00:00",312,"Site 2",39.10245,-96.59987,335,24.97,13.4,128,8.37,28.4,15.5,220.7,12.63,31.9,18,414,14.97
"2022-10-26 12:00:00",313,"Site 2",39.10245,-96.59987,335,25,13.4,131.3,9.47,28.4,15.5,219.7,12.47,31.9,17.93,413,14.9
"2022-10-26 13:00:00",314,"Site 2",39.10245,-96.59987,335,25.07,13.47,137,11.23,28.4,15.53,219,12.4,31.87,17.9,412.3,14.83
"2022-10-26 14:00:00",315,"Site 2",39.10245,-96.59987,335,25.2,13.5,143,13.07,28.37,15.47,219,12.37,31.9,17.97,411,14.73
"2022-10-26 15:00:00",316,"Site 2",39.10245,-96.59987,335,25.17,13.5,148.7,14.6,28.33,15.47,219,12.43,31.83,17.97,410.3,14.63
"2022-10-26 16:00:00",317,"Site 2",39.10245,-96.59987,335,25.2,13.5,153,15.53,28.37,15.5,220.3,12.63,31.83,17.93,410,14.6
"2022-10-26 17:00:00",318,"Site 2",39.10245,-96.59987,335,25.2,13.5,154.7,15.9,28.33,15.47,221.7,12.9,31.83,17.9,409,14.53
"2022-10-26 18:00:00",319,"Site 2",39.10245,-96.59987,335,25.2,13.5,155,15.83,28.37,15.47,223.3,13.2,31.77,17.9,409,14.47
"2022-10-26 19:00:00",320,"Site 2",39.10245,-96.59987,335,25.1,13.47,153.7,15.27,28.3,15.47,225.3,13.5,31.8,17.93,409,14.47
"2022-10-26 20:00:00",321,"Site 2",39.10245,-96.59987,335,25.03,13.43,152,14.53,28.33,15.5,226.3,13.7,31.8,17.93,409,14.47
"2022-10-26 21:00:00",322,"Site 2",39.10245,-96.59987,335,25,13.4,149.3,13.73,28.3,15.5,227,13.83,31.87,17.97,409,14.4
"2022-10-26 22:00:00",323,"Site 2",39.10245,-96.59987,335,25,13.4,147,13.07,28.33,15.5,228,13.9,31.87,17.93,409,14.47
"2022-10-26 23:00:00",324,"Site 2",39.10245,-96.59987,335,25,13.4,145,12.5,28.33,15.47,228,13.9,31.87,17.9,409,14.5
"2022-10-27 00:00:00",325,"Site 2",39.10245,-96.59987,335,25,13.4,143.3,11.97,28.3,15.47,228,13.9,31.83,17.87,409,14.5
"2022-10-27 01:00:00",326,"Site 2",39.10245,-96.59987,335,25,13.4,141.3,11.43,28.33,15.5,228,13.87,31.87,17.97,410,14.57
"2022-10-27 02:00:00",327,"Site 2",39.10245,-96.59987,335,25,13.4,139.7,11.03,28.33,15.5,227,13.77,31.87,17.93,409.7,14.6
"2022-10-27 03:00:00",328,"Site 2",39.10245,-96.59987,335,24.93,13.4,139,10.77,28.3,15.5,226.7,13.63,31.87,17.97,410,14.6
"2022-10-27 04:00:00",329,"Site 2",39.10245,-96.59987,335,24.97,13.4,137.7,10.5,28.3,15.5,226,13.57,31.87,17.97,409.7,14.6
"2022-10-27 05:00:00",330,"Site 2",39.10245,-96.59987,335,24.97,13.4,137,10.33,28.3,15.43,225.3,13.43,31.77,17.87,409.3,14.6
"2022-10-27 06:00:00",331,"Site 2",39.10245,-96.59987,335,24.97,13.4,136,10.1,28.37,15.47,224.7,13.33,31.87,17.9,409,14.53
"2022-10-27 07:00:00",332,"Site 2",39.10245,-96.59987,335,24.97,13.4,135,9.93,28.3,15.4,223.7,13.2,31.83,17.93,409,14.5
"2022-10-27 08:00:00",333,"Site 2",39.10245,-96.59987,335,24.97,13.4,134.7,9.77,28.3,15.43,223,13.07,31.77,17.87,409,14.5
"2022-10-27 09:00:00",334,"Site 2",39.10245,-96.59987,335,25,13.43,134,9.63,28.3,15.4,222,12.97,31.7,17.8,408.3,14.47
"2022-10-27 10:00:00",335,"Site 2",39.10245,-96.59987,335,25.03,13.43,133.3,9.73,28.33,15.47,221.3,12.87,31.8,17.87,407.7,14.43
"2022-10-27 11:00:00",336,"Site 2",39.10245,-96.59987,335,25.1,13.5,136,10.4,28.37,15.5,220.3,12.73,31.83,17.97,407,14.4
"2022-10-27 12:00:00",337,"Site 2",39.10245,-96.59987,335,25.1,13.5,139.3,11.67,28.37,15.5,220,12.67,31.87,17.93,407,14.33
"2022-10-27 13:00:00",338,"Site 2",39.10245,-96.59987,335,25.1,13.5,143.7,12.9,28.4,15.5,220,12.6,31.83,17.9,406,14.3
"2022-10-27 14:00:00",339,"Site 2",39.10245,-96.59987,335,25.2,13.5,147.7,14.03,28.37,15.5,220,12.67,31.83,17.9,406,14.27
"2022-10-27 15:00:00",340,"Site 2",39.10245,-96.59987,335,25.17,13.5,151.7,15.13,28.37,15.5,220.7,12.83,31.77,17.93,406,14.2
"2022-10-27 16:00:00",341,"Site 2",39.10245,-96.59987,335,25.13,13.5,152.7,15.4,28.33,15.47,222,13,31.77,17.93,405,14.2
"2022-10-27 17:00:00",342,"Site 2",39.10245,-96.59987,335,25.17,13.5,153,15.47,28.4,15.5,223,13.23,31.87,17.9,405,14.2
"2022-10-27 18:00:00",343,"Site 2",39.10245,-96.59987,335,25.13,13.5,153.7,15.43,28.3,15.47,224.7,13.43,31.83,17.9,405,14.2
"2022-10-27 19:00:00",344,"Site 2",39.10245,-96.59987,335,25,13.4,153.3,15.1,28.3,15.5,225.7,13.63,31.83,17.93,405,14.2
"2022-10-27 20:00:00",345,"Site 2",39.10245,-96.59987,335,25,13.4,151.7,14.53,28.37,15.5,226.7,13.77,31.9,17.93,405,14.17
"2022-10-27 21:00:00",346,"Site 2",39.10245,-96.59987,335,25,13.4,150.3,14.13,28.33,15.47,227,13.9,31.87,17.9,406,14.2
"2022-10-27 22:00:00",347,"Site 2",39.10245,-96.59987,335,25,13.4,149,13.77,28.33,15.47,227.7,14,31.83,17.9,406,14.27
"2022-10-27 23:00:00",348,"Site 2",39.10245,-96.59987,335,25,13.4,148.3,13.43,28.37,15.5,228,14,31.83,17.9,406,14.3
"2022-10-28 00:00:00",349,"Site 2",39.10245,-96.59987,335,25,13.4,147,13.1,28.3,15.47,228,14,31.7,17.8,406,14.3
"2022-10-28 01:00:00",350,"Site 2",39.10245,-96.59987,335,25,13.4,146,12.87,28.3,15.5,228,14,31.83,17.9,407,14.3
"2022-10-28 02:00:00",351,"Site 2",39.10245,-96.59987,335,25,13.4,145.3,12.6,28.3,15.43,227.7,13.9,31.77,17.87,406.3,14.37
"2022-10-28 03:00:00",352,"Site 2",39.10245,-96.59987,335,25,13.4,145,12.4,28.3,15.43,227.3,13.9,31.7,17.83,407,14.4
"2022-10-28 04:00:00",353,"Site 2",39.10245,-96.59987,335,24.97,13.4,144,12.23,28.33,15.5,227,13.8,31.9,17.97,407,14.37
"2022-10-28 05:00:00",354,"Site 2",39.10245,-96.59987,335,24.97,13.4,143.7,12.07,28.33,15.5,227,13.77,31.83,17.93,407,14.4
"2022-10-28 06:00:00",355,"Site 2",39.10245,-96.59987,335,24.93,13.4,142.7,11.73,28.33,15.5,226.7,13.7,31.77,17.87,407,14.4
"2022-10-28 07:00:00",356,"Site 2",39.10245,-96.59987,335,24.93,13.4,140.7,11.2,28.33,15.47,226,13.6,31.8,17.93,407,14.4
"2022-10-28 08:00:00",357,"Site 2",39.10245,-96.59987,335,24.93,13.4,139,10.77,28.3,15.43,226,13.6,31.87,17.97,407,14.37
"2022-10-28 09:00:00",358,"Site 2",39.10245,-96.59987,335,24.97,13.43,137.7,10.4,28.33,15.43,225,13.43,31.8,17.9,407,14.4
"2022-10-28 10:00:00",359,"Site 2",39.10245,-96.59987,335,25.17,13.5,136.7,10.3,28.4,15.53,224.3,13.3,31.83,17.9,407,14.37
"2022-10-28 11:00:00",360,"Site 2",39.10245,-96.59987,335,25.13,13.5,138.7,11.13,28.4,15.5,223.3,13.23,31.8,17.9,406,14.33
"2022-10-28 12:00:00",361,"Site 2",39.10245,-96.59987,335,25.13,13.5,144,12.73,28.4,15.5,223,13.1,31.77,17.9,406,14.33
"2022-10-28 13:00:00",362,"Site 2",39.10245,-96.59987,335,25.2,13.5,150,14.53,28.33,15.5,223,13.1,31.83,17.9,406,14.3
"2022-10-28 14:00:00",363,"Site 2",39.10245,-96.59987,335,25.2,13.5,156,16.4,28.4,15.5,223,13.17,31.9,17.93,405.7,14.27
"2022-10-28 15:00:00",364,"Site 2",39.10245,-96.59987,335,25.2,13.5,162,17.9,28.4,15.5,224.3,13.3,31.8,17.93,405,14.27
"2022-10-28 16:00:00",365,"Site 2",39.10245,-96.59987,335,25.2,13.5,166,18.9,28.4,15.5,225.3,13.53,31.73,17.83,405,14.27
"2022-10-28 17:00:00",366,"Site 2",39.10245,-96.59987,335,25.2,13.5,168.7,19.4,28.4,15.5,227.3,13.9,31.87,17.9,405,14.2
"2022-10-28 18:00:00",367,"Site 2",39.10245,-96.59987,335,25.2,13.5,168.3,19.17,28.4,15.5,229.3,14.23,31.73,17.87,405,14.2
"2022-10-28 19:00:00",368,"Site 2",39.10245,-96.59987,335,25.23,13.53,166.3,18.3,28.4,15.5,231.7,14.53,31.8,17.9,406,14.23
"2022-10-28 20:00:00",369,"Site 2",39.10245,-96.59987,335,25.2,13.5,162.3,17.03,28.33,15.5,233.7,14.83,31.77,17.9,406,14.3
"2022-10-28 21:00:00",370,"Site 2",39.10245,-96.59987,335,25.2,13.5,158.3,15.77,28.33,15.5,234.7,14.97,31.83,17.93,406.7,14.3
"2022-10-28 22:00:00",371,"Site 2",39.10245,-96.59987,335,25.2,13.5,154.7,14.73,28.37,15.5,235,15.07,31.83,17.97,407,14.4
"2022-10-28 23:00:00",372,"Site 2",39.10245,-96.59987,335,25.2,13.5,151,13.8,28.4,15.5,235,15.03,31.73,17.87,407.3,14.47
"2022-10-29 00:00:00",373,"Site 2",39.10245,-96.59987,335,25.2,13.5,148,13.07,28.37,15.5,235,14.93,31.77,17.9,409,14.53
"2022-10-29 01:00:00",374,"Site 2",39.10245,-96.59987,335,25.2,13.5,145.7,12.3,28.37,15.5,234.3,14.83,31.77,17.87,409,14.57
"2022-10-29 02:00:00",375,"Site 2",39.10245,-96.59987,335,25.13,13.5,143.7,11.7,28.33,15.5,233.3,14.63,31.87,17.97,410,14.63
"2022-10-29 03:00:00",376,"Site 2",39.10245,-96.59987,335,25.1,13.5,141.3,11.1,28.57,15.63,232,14.43,31.83,17.9,410,14.6
"2022-10-29 04:00:00",377,"Site 2",39.10245,-96.59987,335,25.1,13.5,139.3,10.6,28.37,15.5,231,14.27,31.73,17.87,410,14.67
"2022-10-29 05:00:00",378,"Site 2",39.10245,-96.59987,335,25.1,13.5,137.3,10.13,28.5,15.63,229,14.07,31.9,17.97,410,14.6
"2022-10-29 06:00:00",379,"Site 2",39.10245,-96.59987,335,25.07,13.47,135.7,9.7,28.3,15.43,228.3,13.87,31.9,17.97,410,14.63
"2022-10-29 07:00:00",380,"Site 2",39.10245,-96.59987,335,25.07,13.47,134.3,9.23,28.33,15.5,226.7,13.67,31.9,17.97,409.7,14.6
"2022-10-29 08:00:00",381,"Site 2",39.10245,-96.59987,335,25.07,13.47,132.7,8.9,28.33,15.47,225.7,13.43,31.83,17.9,409,14.57
"2022-10-29 09:00:00",382,"Site 2",39.10245,-96.59987,335,25.1,13.5,131,8.53,28.3,15.47,224.3,13.23,31.77,17.9,408.7,14.53
"2022-10-29 10:00:00",383,"Site 2",39.10245,-96.59987,335,25.1,13.5,130.3,8.53,28.4,15.5,222.7,13.03,31.8,17.9,407.7,14.5
"2022-10-29 11:00:00",384,"Site 2",39.10245,-96.59987,335,25.07,13.43,132.7,9.43,28.33,15.47,221.3,12.83,31.8,17.9,407,14.4
"2022-10-29 12:00:00",385,"Site 2",39.10245,-96.59987,335,25.07,13.47,135.7,10.43,28.37,15.5,220,12.63,31.77,17.9,406.3,14.4
"2022-10-29 13:00:00",386,"Site 2",39.10245,-96.59987,335,25.1,13.5,140.3,11.97,28.3,15.4,219.3,12.6,31.8,17.9,406,14.3
"2022-10-29 14:00:00",387,"Site 2",39.10245,-96.59987,335,25.2,13.5,148,14.37,28.4,15.5,219,12.5,31.77,17.87,405.3,14.27
"2022-10-29 15:00:00",388,"Site 2",39.10245,-96.59987,335,25.2,13.5,156,16.53,28.33,15.47,219.7,12.6,31.77,17.9,405,14.2
"2022-10-29 16:00:00",389,"Site 2",39.10245,-96.59987,335,25.2,13.5,161.7,17.97,28.37,15.47,221,12.83,31.8,17.93,404.3,14.1
"2022-10-29 17:00:00",390,"Site 2",39.10245,-96.59987,335,25.2,13.5,164.7,18.67,28.4,15.5,222.7,13.2,31.73,17.87,404,14.1
"2022-10-29 18:00:00",391,"Site 2",39.10245,-96.59987,335,25.23,13.53,165,18.47,28.37,15.5,225,13.5,31.87,17.9,403.7,14.1
"2022-10-29 19:00:00",392,"Site 2",39.10245,-96.59987,335,25.3,13.6,163.3,17.6,28.33,15.5,227.3,13.9,31.8,17.9,404,14.03
"2022-10-29 20:00:00",393,"Site 2",39.10245,-96.59987,335,25.3,13.6,159.3,16.33,28.33,15.5,229.3,14.2,31.8,17.9,404,14.1
"2022-10-29 21:00:00",394,"Site 2",39.10245,-96.59987,335,25.27,13.57,155,15.13,28.33,15.5,230.3,14.37,31.83,17.9,404.7,14.1
"2022-10-29 22:00:00",395,"Site 2",39.10245,-96.59987,335,25.23,13.53,152,14.1,28.37,15.5,231,14.5,31.73,17.83,405,14.17
"2022-10-29 23:00:00",396,"Site 2",39.10245,-96.59987,335,25.2,13.5,149,13.33,28.5,15.6,230.7,14.47,31.77,17.87,405.3,14.2
"2022-10-30 00:00:00",397,"Site 2",39.10245,-96.59987,335,25.23,13.53,146.7,12.8,28.4,15.5,230.7,14.4,31.77,17.9,406,14.2
"2022-10-30 01:00:00",398,"Site 2",39.10245,-96.59987,335,25.2,13.5,145.7,12.43,28.3,15.5,230,14.3,31.73,17.87,406,14.3
"2022-10-30 02:00:00",399,"Site 2",39.10245,-96.59987,335,25.2,13.5,144.3,12.1,28.33,15.5,229.7,14.17,31.9,17.97,406.7,14.3
"2022-10-30 03:00:00",400,"Site 2",39.10245,-96.59987,335,25.2,13.5,143.3,11.8,28.33,15.5,229,14.03,31.7,17.83,407,14.33
"2022-10-30 04:00:00",401,"Site 2",39.10245,-96.59987,335,25.2,13.5,142.3,11.6,28.3,15.5,228,13.93,31.8,17.9,407,14.33
"2022-10-30 05:00:00",402,"Site 2",39.10245,-96.59987,335,25.2,13.5,141.3,11.4,28.33,15.5,227,13.77,31.77,17.9,407,14.33
"2022-10-30 06:00:00",403,"Site 2",39.10245,-96.59987,335,25.2,13.5,140.7,11.2,28.33,15.5,226.7,13.63,31.83,17.9,407,14.33
"2022-10-30 07:00:00",404,"Site 2",39.10245,-96.59987,335,25.2,13.5,140,11,28.37,15.47,226,13.53,31.77,17.9,406.3,14.3
"2022-10-30 08:00:00",405,"Site 2",39.10245,-96.59987,335,25.2,13.5,139.7,10.93,28.33,15.47,225,13.4,31.83,17.9,407,14.3
"2022-10-30 09:00:00",406,"Site 2",39.10245,-96.59987,335,25.2,13.5,139,10.77,28.3,15.47,224.3,13.3,31.77,17.87,406,14.27
"2022-10-30 10:00:00",407,"Site 2",39.10245,-96.59987,335,25.2,13.5,138.7,10.9,28.37,15.5,223.3,13.2,31.87,17.97,406,14.27
"2022-10-30 11:00:00",408,"Site 2",39.10245,-96.59987,335,25.23,13.53,140,11.53,28.37,15.5,223,13.1,31.83,17.87,405,14.23
"2022-10-30 12:00:00",409,"Site 2",39.10245,-96.59987,335,25.27,13.57,143.7,12.6,28.4,15.5,222.3,13,31.83,17.93,405,14.2
"2022-10-30 13:00:00",410,"Site 2",39.10245,-96.59987,335,25.3,13.6,148.7,14.13,28.4,15.5,222,13,31.73,17.87,404.3,14.13
"2022-10-30 14:00:00",411,"Site 2",39.10245,-96.59987,335,25.3,13.6,154.7,15.87,28.37,15.53,222.7,13.07,31.8,17.9,404.3,14.1
"2022-10-30 15:00:00",412,"Site 2",39.10245,-96.59987,335,25.3,13.6,158.3,16.73,28.33,15.5,223.3,13.23,31.87,17.93,403.7,14.1
"2022-10-30 16:00:00",413,"Site 2",39.10245,-96.59987,335,25.3,13.6,160,16.97,28.33,15.47,225,13.43,31.77,17.87,403.3,14.03
"2022-10-30 17:00:00",414,"Site 2",39.10245,-96.59987,335,25.3,13.6,160,16.93,28.37,15.5,226.3,13.7,31.77,17.9,403.3,14.07
"2022-10-30 18:00:00",415,"Site 2",39.10245,-96.59987,335,25.3,13.6,160,16.83,28.4,15.5,227.7,13.93,31.8,17.87,403.7,14.1
"2022-10-30 19:00:00",416,"Site 2",39.10245,-96.59987,335,25.2,13.5,159.3,16.4,28.3,15.5,229,14.17,31.73,17.87,404,14.1
"2022-10-30 20:00:00",417,"Site 2",39.10245,-96.59987,335,25.3,13.6,157,15.7,28.33,15.5,230,14.3,31.7,17.87,404.3,14.1
"2022-10-30 21:00:00",418,"Site 2",39.10245,-96.59987,335,25.23,13.53,155,15.1,28.33,15.5,231,14.43,31.77,17.9,405,14.13
"2022-10-30 22:00:00",419,"Site 2",39.10245,-96.59987,335,25.2,13.5,153,14.5,28.37,15.5,231.7,14.5,31.73,17.9,405,14.23
"2022-10-30 23:00:00",420,"Site 2",39.10245,-96.59987,335,25.2,13.5,151.7,14.1,28.33,15.5,232,14.5,31.73,17.9,406,14.23
"2022-10-31 00:00:00",421,"Site 2",39.10245,-96.59987,335,25.2,13.5,150.3,13.73,28.4,15.5,232,14.5,31.87,17.97,406,14.3
"2022-10-31 01:00:00",422,"Site 2",39.10245,-96.59987,335,25.2,13.5,149,13.33,28.4,15.5,231,14.4,31.8,17.87,406,14.3
"2022-10-31 02:00:00",423,"Site 2",39.10245,-96.59987,335,25.2,13.5,148,13,28.5,15.63,230.7,14.37,31.8,17.9,406.7,14.33
"2022-10-31 03:00:00",424,"Site 2",39.10245,-96.59987,335,25.2,13.5,146.7,12.77,28.5,15.63,230,14.23,31.7,17.87,406.7,14.37
"2022-10-31 04:00:00",425,"Site 2",39.10245,-96.59987,335,25.2,13.5,146,12.57,28.3,15.5,230,14.17,31.87,17.9,407,14.43
"2022-10-31 05:00:00",426,"Site 2",39.10245,-96.59987,335,25.2,13.5,145.7,12.37,28.37,15.5,229.7,14.1,31.83,17.9,407,14.4
"2022-10-31 06:00:00",427,"Site 2",39.10245,-96.59987,335,25.2,13.5,145,12.2,28.33,15.5,229,14,31.77,17.83,407,14.37
"2022-10-31 07:00:00",428,"Site 2",39.10245,-96.59987,335,25.2,13.5,143.7,11.9,28.33,15.5,228.3,13.9,31.87,17.93,407,14.37
"2022-10-31 08:00:00",429,"Site 2",39.10245,-96.59987,335,25.2,13.5,142,11.33,28.37,15.5,227.7,13.83,31.83,17.87,407,14.4
"2022-10-31 09:00:00",430,"Site 2",39.10245,-96.59987,335,25.2,13.5,139.7,10.73,28.4,15.5,227,13.73,31.77,17.9,407,14.37
"2022-10-31 10:00:00",431,"Site 2",39.10245,-96.59987,335,25.2,13.5,138,10.53,28.4,15.53,226.3,13.6,31.83,17.9,406,14.37
"2022-10-31 11:00:00",432,"Site 2",39.10245,-96.59987,335,25.2,13.5,139.3,11.13,28.4,15.5,225.3,13.47,31.83,17.9,406,14.37
"2022-10-31 12:00:00",433,"Site 2",39.10245,-96.59987,335,25.2,13.5,143.7,12.53,28.4,15.5,225,13.33,31.8,17.9,406,14.3
"2022-10-31 13:00:00",434,"Site 2",39.10245,-96.59987,335,25.23,13.53,149.7,14.27,28.4,15.5,224,13.3,31.83,17.87,406,14.27
"2022-10-31 14:00:00",435,"Site 2",39.10245,-96.59987,335,25.23,13.53,156.3,16.27,28.4,15.5,224.3,13.23,31.83,17.93,405.7,14.23
"2022-10-31 15:00:00",436,"Site 2",39.10245,-96.59987,335,25.3,13.6,163,18,28.4,15.57,225,13.43,31.77,17.87,405,14.23
"2022-10-31 16:00:00",437,"Site 2",39.10245,-96.59987,335,25.3,13.6,167.7,19.2,28.37,15.5,226.3,13.67,31.77,17.87,405,14.2
"2022-10-31 17:00:00",438,"Site 2",39.10245,-96.59987,335,25.3,13.6,170.3,19.77,28.4,15.53,228,14,31.77,17.93,405,14.17
"2022-10-31 18:00:00",439,"Site 2",39.10245,-96.59987,335,25.3,13.6,169.7,19.5,28.37,15.5,230.3,14.3,31.9,17.93,405,14.13
"2022-10-31 19:00:00",440,"Site 2",39.10245,-96.59987,335,25.2,13.5,168,18.6,28.4,15.5,232.3,14.67,31.87,17.93,405,14.2
"2022-10-31 20:00:00",441,"Site 2",39.10245,-96.59987,335,25.13,13.5,163.7,17.3,28.4,15.5,234.3,14.93,31.83,17.97,406,14.2
"2022-10-31 21:00:00",442,"Site 2",39.10245,-96.59987,335,25.1,13.5,159.7,16.07,28.33,15.5,235.3,15.07,31.83,17.93,406.3,14.3
"2022-10-31 22:00:00",443,"Site 2",39.10245,-96.59987,335,25.1,13.5,156,15,28.4,15.5,236,15.2,31.7,17.83,406.7,14.33
"2022-10-31 23:00:00",444,"Site 2",39.10245,-96.59987,335,25.1,13.5,152.7,14.13,28.33,15.5,236,15.1,31.83,17.9,407,14.4
"2022-11-01 00:00:00",445,"Site 2",39.10245,-96.59987,335,25.07,13.47,150,13.47,28.37,15.5,235.3,15.07,31.73,17.9,408,14.43
"2022-11-01 01:00:00",446,"Site 2",39.10245,-96.59987,335,25.1,13.5,148.3,13.03,28.4,15.5,235,14.9,31.83,17.9,408.7,14.5
"2022-11-01 02:00:00",447,"Site 2",39.10245,-96.59987,335,25.03,13.43,146.7,12.63,28.4,15.53,234,14.77,31.83,17.9,409,14.57
"2022-11-01 03:00:00",448,"Site 2",39.10245,-96.59987,335,25.07,13.47,145.7,12.27,28.4,15.5,233,14.57,31.7,17.87,409,14.5
"2022-11-01 04:00:00",449,"Site 2",39.10245,-96.59987,335,25,13.4,144.7,12,28.4,15.53,232,14.37,31.83,17.93,409,14.53
"2022-11-01 05:00:00",450,"Site 2",39.10245,-96.59987,335,25.03,13.43,144,11.8,28.33,15.5,231,14.23,31.83,17.9,409,14.63
"2022-11-01 06:00:00",451,"Site 2",39.10245,-96.59987,335,25,13.4,143.3,11.7,28.33,15.5,230,14.1,31.87,17.93,409,14.57
"2022-11-01 07:00:00",452,"Site 2",39.10245,-96.59987,335,25,13.4,143,11.57,28.53,15.63,229,13.97,31.87,17.97,409,14.57
"2022-11-01 08:00:00",453,"Site 2",39.10245,-96.59987,335,25,13.4,142,11.47,28.33,15.5,228,13.87,31.83,17.9,409,14.5
"2022-11-01 09:00:00",454,"Site 2",39.10245,-96.59987,335,25.03,13.43,142,11.43,28.33,15.5,227.7,13.7,31.87,17.93,409,14.5
"2022-11-01 10:00:00",455,"Site 2",39.10245,-96.59987,335,25.2,13.5,141.3,11.57,28.37,15.5,227,13.6,31.87,17.9,407.7,14.43
"2022-11-01 11:00:00",456,"Site 2",39.10245,-96.59987,335,25.2,13.5,144,12.3,28.4,15.53,226,13.53,31.73,17.87,407,14.4
"2022-11-01 12:00:00",457,"Site 2",39.10245,-96.59987,335,25.2,13.5,148.3,13.73,28.4,15.53,226,13.4,31.7,17.9,407,14.37
"2022-11-01 13:00:00",458,"Site 2",39.10245,-96.59987,335,25.2,13.5,154.7,15.5,28.4,15.53,226,13.4,31.83,17.93,406.7,14.3
"2022-11-01 14:00:00",459,"Site 2",39.10245,-96.59987,335,25.2,13.5,161,17.37,28.4,15.6,226,13.5,31.83,17.87,406,14.3
"2022-11-01 15:00:00",460,"Site 2",39.10245,-96.59987,335,25.2,13.5,167,18.97,28.4,15.5,227.3,13.7,31.87,17.93,406,14.27
"2022-11-01 16:00:00",461,"Site 2",39.10245,-96.59987,335,25.3,13.6,171,20.03,28.37,15.53,229,13.97,31.83,17.93,406,14.2
"2022-11-01 17:00:00",462,"Site 2",39.10245,-96.59987,335,25.3,13.6,173.7,20.5,28.4,15.5,231,14.3,31.83,17.97,406,14.2
"2022-11-01 18:00:00",463,"Site 2",39.10245,-96.59987,335,25.3,13.6,173.7,20.37,28.4,15.53,233.3,14.67,31.8,17.93,406,14.23
"2022-11-01 19:00:00",464,"Site 2",39.10245,-96.59987,335,25.27,13.57,172,19.7,28.4,15.53,235.7,15,31.87,17.97,406.3,14.3
"2022-11-01 20:00:00",465,"Site 2",39.10245,-96.59987,335,25.23,13.53,170,18.7,28.37,15.5,237.3,15.3,31.9,18,407,14.3
"2022-11-01 21:00:00",466,"Site 2",39.10245,-96.59987,335,25.2,13.5,166.7,17.8,28.4,15.5,239,15.53,31.8,17.9,407,14.4
"2022-11-01 22:00:00",467,"Site 2",39.10245,-96.59987,335,25.17,13.5,164,17.03,28.4,15.5,240,15.67,31.8,17.87,408,14.43
"2022-11-01 23:00:00",468,"Site 2",39.10245,-96.59987,335,25.1,13.5,161.7,16.4,28.4,15.5,240,15.7,31.83,17.97,409,14.53
"2022-11-02 00:00:00",469,"Site 2",39.10245,-96.59987,335,25.13,13.5,159.7,15.93,28.4,15.5,240,15.7,31.9,17.97,410,14.6
"2022-11-02 01:00:00",470,"Site 2",39.10245,-96.59987,335,25.07,13.47,158.3,15.47,28.4,15.53,240,15.6,31.9,17.97,410.3,14.63
"2022-11-02 02:00:00",471,"Site 2",39.10245,-96.59987,335,25.1,13.5,156.7,15.1,28.4,15.53,240,15.53,31.9,17.97,411,14.77
"2022-11-02 03:00:00",472,"Site 2",39.10245,-96.59987,335,25.07,13.47,155.7,14.73,28.4,15.5,239.3,15.47,31.83,17.97,411,14.8
"2022-11-02 04:00:00",473,"Site 2",39.10245,-96.59987,335,25.1,13.5,154.3,14.4,28.4,15.53,239,15.33,31.77,17.87,411.3,14.8
"2022-11-02 05:00:00",474,"Site 2",39.10245,-96.59987,335,25.07,13.47,153,14.17,28.4,15.5,238.3,15.23,31.9,17.97,412,14.83
"2022-11-02 06:00:00",475,"Site 2",39.10245,-96.59987,335,25.03,13.43,152,13.97,28.4,15.5,237.7,15.17,31.93,17.93,413,14.87
"2022-11-02 07:00:00",476,"Site 2",39.10245,-96.59987,335,25.07,13.47,152,13.77,28.57,15.67,236.7,15.07,31.77,17.9,413,14.9
"2022-11-02 08:00:00",477,"Site 2",39.10245,-96.59987,335,25,13.4,151,13.6,28.6,15.63,235.7,14.93,31.93,18,413,14.9
"2022-11-02 09:00:00",478,"Site 2",39.10245,-96.59987,335,25.1,13.47,149.7,13.5,28.4,15.53,235.7,14.83,31.87,17.93,412.7,14.9
"2022-11-02 10:00:00",479,"Site 2",39.10245,-96.59987,335,25.2,13.5,149.3,13.57,28.4,15.53,235,14.73,31.9,17.97,412.3,14.83
"2022-11-02 11:00:00",480,"Site 2",39.10245,-96.59987,335,25.2,13.5,151,14.2,28.4,15.53,234.3,14.6,31.87,17.93,411.7,14.9
"2022-11-02 12:00:00",481,"Site 2",39.10245,-96.59987,335,25.2,13.5,155,15.27,28.4,15.6,234,14.6,31.87,17.93,411.3,14.87
"2022-11-02 13:00:00",482,"Site 2",39.10245,-96.59987,335,25.2,13.5,158,16.2,28.4,15.57,234,14.57,31.9,17.93,411.3,14.8
"2022-11-02 14:00:00",483,"Site 2",39.10245,-96.59987,335,25.23,13.53,162,17.3,28.4,15.6,234.3,14.6,31.83,17.93,411,14.8
"2022-11-02 15:00:00",484,"Site 2",39.10245,-96.59987,335,25.23,13.53,167,18.77,28.4,15.6,235,14.73,31.9,17.97,411,14.8
"2022-11-02 16:00:00",485,"Site 2",39.10245,-96.59987,335,25.3,13.6,171,19.8,28.4,15.5,235.7,14.93,31.93,18,411,14.77
"2022-11-02 17:00:00",486,"Site 2",39.10245,-96.59987,335,25.3,13.6,173.7,20.3,28.4,15.6,237.3,15.17,31.93,17.97,411,14.8
"2022-11-02 18:00:00",487,"Site 2",39.10245,-96.59987,335,25.3,13.6,173.7,20.17,28.4,15.57,239.3,15.4,31.77,17.9,411.3,14.8
"2022-11-02 19:00:00",488,"Site 2",39.10245,-96.59987,335,25.23,13.53,172.7,19.63,28.4,15.53,241,15.7,31.9,18,412,14.8
"2022-11-02 20:00:00",489,"Site 2",39.10245,-96.59987,335,25.2,13.5,170.3,18.87,28.4,15.5,242.3,15.93,31.93,17.97,413,14.8
"2022-11-02 21:00:00",490,"Site 2",39.10245,-96.59987,335,25.17,13.5,168,18.17,28.4,15.53,243.7,16.13,31.93,17.97,413,14.9
"2022-11-02 22:00:00",491,"Site 2",39.10245,-96.59987,335,25.13,13.5,166,17.6,28.4,15.53,244,16.2,31.9,18,414,14.9
"2022-11-02 23:00:00",492,"Site 2",39.10245,-96.59987,335,25.03,13.43,164.3,17.07,28.4,15.53,244.7,16.2,31.83,17.9,414,15
"2022-11-03 00:00:00",493,"Site 2",39.10245,-96.59987,335,25.03,13.43,162.7,16.6,28.4,15.53,245,16.2,31.93,18,414.7,15.07
"2022-11-03 01:00:00",494,"Site 2",39.10245,-96.59987,335,25.03,13.43,161,16.2,28.4,15.57,244.7,16.2,31.9,17.97,415,15.13
"2022-11-03 02:00:00",495,"Site 2",39.10245,-96.59987,335,25,13.4,160,15.9,28.4,15.53,244,16.1,31.93,17.97,415.3,15.13
"2022-11-03 03:00:00",496,"Site 2",39.10245,-96.59987,335,25,13.4,159,15.67,28.4,15.5,244,16.03,31.93,17.93,416.7,15.2
"2022-11-03 04:00:00",497,"Site 2",39.10245,-96.59987,335,25,13.4,158,15.47,28.4,15.57,243.7,15.93,31.9,18,417,15.23
"2022-11-03 05:00:00",498,"Site 2",39.10245,-96.59987,335,25,13.4,157.7,15.33,28.4,15.53,243,15.9,31.93,18,417,15.3
"2022-11-03 06:00:00",499,"Site 2",39.10245,-96.59987,335,25,13.4,157,15.23,28.4,15.53,242.3,15.8,31.97,18.03,417,15.27
"2022-11-03 07:00:00",500,"Site 2",39.10245,-96.59987,335,25,13.4,157,15.2,28.4,15.53,242,15.67,31.87,17.93,417,15.27
"2022-11-03 08:00:00",501,"Site 2",39.10245,-96.59987,335,25,13.4,157,15.2,28.4,15.53,242,15.6,31.83,17.93,417,15.3
"2022-11-03 09:00:00",502,"Site 2",39.10245,-96.59987,335,25.03,13.43,156.7,15.2,28.4,15.57,241.3,15.57,31.93,18,417,15.27
"2022-11-03 10:00:00",503,"Site 2",39.10245,-96.59987,335,25.2,13.5,156.3,15.3,28.4,15.6,241,15.5,31.97,18.03,417,15.3
"2022-11-03 11:00:00",504,"Site 2",39.10245,-96.59987,335,25.13,13.47,157.3,15.7,28.4,15.6,240,15.47,31.9,17.97,417,15.27
"2022-11-03 12:00:00",505,"Site 2",39.10245,-96.59987,335,25.17,13.5,160,16.5,28.4,15.6,240,15.4,31.97,18,416.7,15.27
"2022-11-03 13:00:00",506,"Site 2",39.10245,-96.59987,335,25.2,13.5,164,17.63,28.4,15.6,240,15.43,31.83,17.93,417,15.2
