"TOA5","CR300-10553","CR300","10553","CR300-CELL205.Std.10.04","CPU:Testbed_code_site_2.CR300","14107","Table_DrillDrop"
"TIMESTAMP","RECORD","station","latitude","longitude","altitude","DrillDrop_VWC_5_Avg","DrillDrop_VWC_15_Avg","DrillDrop_VWC_25_Avg","DrillDrop_VWC_35_Avg","DrillDrop_VWC_45_Avg","DrillDrop_VWC_55_Avg","DrillDrop_sal_5_Avg","DrillDrop_sal_15_Avg","DrillDrop_sal_25_Avg","DrillDrop_sal_35_Avg","DrillDrop_sal_45_Avg","DrillDrop_sal_55_Avg","DrillDrop_Temp_5_Avg","DrillDrop_Temp_15_Avg","DrillDrop_Temp_25_Avg","DrillDrop_Temp_35_Avg","DrillDrop_Temp_45_Avg","DrillDrop_Temp_55_Avg"
"TS","RN","name","decdegrees","decdegrees","m","%","%","%","%","%","%","VIC","VIC","VIC","VIC","VIC","VIC","Deg c","Deg c","Deg c","Deg c","Deg c","Deg c"
"","","Smp","Smp","Smp","Smp","Avg","Avg","Avg","Avg","Avg","Avg","Avg","Avg","Avg","Avg","Avg","Avg","Avg","Avg","Avg","Avg","Avg","Avg"
"2022-10-13 11:00:00",0,"Site 2",39.10245,-96.59987,335,35.99,37.32,39.32,44.7,44.88,46.04,1356,1650,1871,1409,1694,2303,12.56,15.06,16.72,17,17.81,18.25
"2022-10-13 12:00:00",1,"Site 2",39.10245,-96.59987,335,35.94,37.3,39.3,44.68,44.93,46.03,1358,1649,1871,1410,1692,2301,12.96,15.06,16.67,17.01,17.72,18.25
"2022-10-13 13:00:00",2,"Site 2",39.10245,-96.59987,335,35.84,37.3,39.28,44.7,44.91,46.02,1359,1649,1868,1410,1692,2299,13.48,15.05,16.52,16.86,17.69,18.24
"2022-10-13 14:00:00",3,"Site 2",39.10245,-96.59987,335,35.76,37.31,39.29,44.67,44.88,46.03,1360,1652,1867,1409,1692,2299,13.89,15.08,16.46,16.85,17.71,18.18
"2022-10-13 15:00:00",4,"Site 2",39.10245,-96.59987,335,35.61,37.3,39.28,44.63,44.88,46.03,1360,1651,1867,1407,1691,2296,14.35,15.28,16.34,16.76,17.69,18.13
"2022-10-13 16:00:00",5,"Site 2",39.10245,-96.59987,335,35.48,37.29,39.27,44.64,44.91,46.03,1360,1654,1866,1406,1690,2296,14.67,15.46,16.32,16.7,17.55,18.08
"2022-10-13 17:00:00",6,"Site 2",39.10245,-96.59987,335,35.38,37.28,39.27,44.62,44.88,46.02,1361,1657,1867,1406,1689,2296,14.69,15.65,16.33,16.61,17.52,18.07
"2022-10-13 18:00:00",7,"Site 2",39.10245,-96.59987,335,35.28,37.29,39.27,44.62,44.88,46.01,1359,1660,1869,1405,1689,2296,14.53,15.75,16.35,16.58,17.49,18.05
"2022-10-13 19:00:00",8,"Site 2",39.10245,-96.59987,335,35.22,37.28,39.26,44.62,44.86,45.99,1357,1661,1869,1404,1689,2296,14.18,15.85,16.41,16.53,17.47,18.06
"2022-10-13 20:00:00",9,"Site 2",39.10245,-96.59987,335,35.19,37.29,39.25,44.61,44.86,45.98,1354,1661,1870,1403,1690,2298,13.71,15.83,16.51,16.56,17.47,18.05
"2022-10-13 21:00:00",10,"Site 2",39.10245,-96.59987,335,35.12,37.29,39.25,44.61,44.86,45.98,1351,1657,1868,1401,1688,2296,13.22,15.69,16.5,16.49,17.39,18
"2022-10-13 22:00:00",11,"Site 2",39.10245,-96.59987,335,35.1,37.28,39.26,44.62,44.89,45.98,1349,1655,1868,1400,1688,2296,12.76,15.58,16.5,16.46,17.37,17.95
"2022-10-13 23:00:00",12,"Site 2",39.10245,-96.59987,335,35.06,37.26,39.27,44.61,44.87,45.99,1348,1653,1867,1401,1688,2296,12.3,15.44,16.4,16.42,17.28,17.89
"2022-10-14 00:00:00",13,"Site 2",39.10245,-96.59987,335,35.02,37.26,39.27,44.62,44.87,45.99,1346,1651,1865,1401,1688,2296,11.97,15.2,16.33,16.4,17.27,17.86
"2022-10-14 01:00:00",14,"Site 2",39.10245,-96.59987,335,34.99,37.24,39.24,44.6,44.86,45.97,1345,1647,1863,1401,1688,2296,11.63,15,16.32,16.41,17.29,17.86
"2022-10-14 02:00:00",15,"Site 2",39.10245,-96.59987,335,34.97,37.23,39.26,44.6,44.82,45.95,1343,1644,1859,1400,1688,2296,11.3,14.76,16.18,16.41,17.31,17.85
"2022-10-14 03:00:00",16,"Site 2",39.10245,-96.59987,335,34.95,37.2,39.22,44.58,44.84,45.94,1341,1640,1857,1400,1688,2296,11.01,14.56,16.11,16.37,17.26,17.83
"2022-10-14 04:00:00",17,"Site 2",39.10245,-96.59987,335,34.92,37.18,39.22,44.57,44.83,45.93,1340,1637,1853,1400,1688,2296,10.73,14.32,15.96,16.34,17.23,17.85
"2022-10-14 05:00:00",18,"Site 2",39.10245,-96.59987,335,34.89,37.17,39.2,44.57,44.84,45.93,1338,1634,1850,1400,1688,2296,10.54,14.15,15.9,16.25,17.2,17.84
"2022-10-14 06:00:00",19,"Site 2",39.10245,-96.59987,335,34.87,37.15,39.19,44.56,44.85,45.92,1338,1631,1848,1400,1687,2296,10.34,13.93,15.72,16.26,17.11,17.78
"2022-10-14 07:00:00",20,"Site 2",39.10245,-96.59987,335,34.85,37.13,39.18,44.53,44.82,45.94,1337,1629,1844,1400,1688,2294,10.15,13.77,15.63,16.16,17.11,17.74
"2022-10-14 08:00:00",21,"Site 2",39.10245,-96.59987,335,34.82,37.13,39.15,44.55,44.84,45.95,1337,1625,1840,1400,1688,2292,10.12,13.54,15.48,16.04,17.08,17.69
"2022-10-14 09:00:00",22,"Site 2",39.10245,-96.59987,335,34.8,37.11,39.14,44.54,44.79,45.93,1339,1623,1837,1402,1687,2287,10.36,13.4,15.34,16,17.1,17.64
"2022-10-14 10:00:00",23,"Site 2",39.10245,-96.59987,335,34.76,37.08,39.13,44.53,44.83,45.93,1340,1620,1833,1402,1685,2284,10.72,13.4,15.25,16.01,16.96,17.64
"2022-10-14 11:00:00",24,"Site 2",39.10245,-96.59987,335,34.7,37.07,39.11,44.51,44.82,45.91,1342,1619,1829,1403,1685,2281,11.34,13.36,15.15,15.84,16.93,17.64
"2022-10-14 12:00:00",25,"Site 2",39.10245,-96.59987,335,34.66,37.08,39.08,44.51,44.79,45.89,1345,1618,1828,1404,1683,2274,12.03,13.4,15.09,15.86,16.95,17.64
"2022-10-14 13:00:00",26,"Site 2",39.10245,-96.59987,335,34.61,37.09,39.09,44.48,44.8,45.88,1349,1621,1828,1404,1683,2276,12.79,13.48,15.01,15.76,16.89,17.63
"2022-10-14 14:00:00",27,"Site 2",39.10245,-96.59987,335,34.58,37.07,39.09,44.48,44.8,45.9,1353,1625,1829,1404,1682,2272,13.56,13.78,14.95,15.61,16.84,17.54
"2022-10-14 15:00:00",28,"Site 2",39.10245,-96.59987,335,34.53,37.09,39.08,44.45,44.81,45.9,1355,1630,1829,1405,1681,2267,14.31,14.1,14.99,15.67,16.68,17.46
"2022-10-14 16:00:00",29,"Site 2",39.10245,-96.59987,335,34.48,37.1,39.08,44.47,44.8,45.89,1358,1635,1832,1403,1681,2267,14.98,14.39,15.1,15.61,16.73,17.43
"2022-10-14 17:00:00",30,"Site 2",39.10245,-96.59987,335,34.43,37.11,39.09,44.44,44.76,45.87,1359,1639,1834,1403,1680,2264,15.39,14.76,15.14,15.54,16.72,17.43
"2022-10-14 18:00:00",31,"Site 2",39.10245,-96.59987,335,34.38,37.12,39.1,44.47,44.77,45.86,1359,1645,1838,1402,1679,2262,15.46,15.06,15.21,15.51,16.73,17.43
"2022-10-14 19:00:00",32,"Site 2",39.10245,-96.59987,335,34.33,37.14,39.12,44.47,44.76,45.85,1358,1649,1842,1401,1679,2264,15.3,15.29,15.32,15.5,16.63,17.41
"2022-10-14 20:00:00",33,"Site 2",39.10245,-96.59987,335,34.31,37.13,39.14,44.46,44.78,45.87,1355,1650,1844,1400,1679,2264,14.96,15.48,15.5,15.53,16.56,17.33
"2022-10-14 21:00:00",34,"Site 2",39.10245,-96.59987,335,34.29,37.17,39.15,44.43,44.77,45.86,1356,1653,1847,1400,1679,2262,14.64,15.49,15.52,15.64,16.47,17.24
"2022-10-14 22:00:00",35,"Site 2",39.10245,-96.59987,335,34.26,37.17,39.16,44.43,44.78,45.86,1354,1655,1849,1401,1680,2266,14.26,15.49,15.65,15.61,16.55,17.22
"2022-10-14 23:00:00",36,"Site 2",39.10245,-96.59987,335,34.25,37.16,39.16,44.45,44.76,45.84,1354,1655,1851,1401,1680,2264,13.85,15.48,15.72,15.64,16.47,17.22
"2022-10-15 00:00:00",37,"Site 2",39.10245,-96.59987,335,34.2,37.16,39.17,44.46,44.76,45.83,1351,1654,1851,1401,1681,2264,13.49,15.42,15.74,15.6,16.52,17.22
"2022-10-15 01:00:00",38,"Site 2",39.10245,-96.59987,335,34.18,37.15,39.18,44.48,44.75,45.82,1349,1652,1851,1401,1681,2262,13.13,15.24,15.72,15.62,16.51,17.22
"2022-10-15 02:00:00",39,"Site 2",39.10245,-96.59987,335,34.18,37.15,39.18,44.48,44.76,45.83,1348,1650,1851,1401,1680,2262,12.71,15.1,15.72,15.65,16.52,17.2
"2022-10-15 03:00:00",40,"Site 2",39.10245,-96.59987,335,34.14,37.13,39.17,44.49,44.77,45.82,1345,1647,1849,1401,1681,2262,12.33,14.95,15.72,15.63,16.5,17.17
"2022-10-15 04:00:00",41,"Site 2",39.10245,-96.59987,335,34.1,37.11,39.17,44.49,44.77,45.81,1344,1645,1847,1401,1681,2264,11.95,14.75,15.67,15.65,16.48,17.19
"2022-10-15 05:00:00",42,"Site 2",39.10245,-96.59987,335,34.11,37.1,39.17,44.48,44.76,45.8,1344,1642,1846,1401,1681,2261,11.56,14.58,15.58,15.63,16.51,17.12
"2022-10-15 06:00:00",43,"Site 2",39.10245,-96.59987,335,34.07,37.09,39.15,44.46,44.76,45.81,1342,1638,1843,1401,1682,2262,11.24,14.35,15.52,15.62,16.52,17.13
"2022-10-15 07:00:00",44,"Site 2",39.10245,-96.59987,335,34.05,37.07,39.14,44.45,44.75,45.82,1340,1635,1840,1401,1681,2261,10.94,14.15,15.44,15.65,16.49,17.09
"2022-10-15 08:00:00",45,"Site 2",39.10245,-96.59987,335,34.03,37.05,39.14,44.43,44.74,45.83,1339,1631,1837,1401,1681,2261,10.69,13.97,15.33,15.64,16.52,17.04
"2022-10-15 09:00:00",46,"Site 2",39.10245,-96.59987,335,34,37.03,39.13,44.42,44.71,45.82,1339,1628,1834,1402,1682,2262,10.54,13.79,15.26,15.66,16.54,17.02
"2022-10-15 10:00:00",47,"Site 2",39.10245,-96.59987,335,33.98,37.05,39.11,44.47,44.73,45.81,1340,1626,1830,1403,1681,2258,10.7,13.53,15.16,15.44,16.49,17.04
"2022-10-15 11:00:00",48,"Site 2",39.10245,-96.59987,335,33.94,37.03,39.09,44.46,44.78,45.8,1342,1622,1827,1404,1680,2253,11.4,13.4,15.01,15.4,16.46,17.01
"2022-10-15 12:00:00",49,"Site 2",39.10245,-96.59987,335,33.89,37.02,39.08,44.43,44.75,45.81,1343,1619,1824,1403,1678,2250,12.12,13.4,14.92,15.44,16.4,17.01
"2022-10-15 13:00:00",50,"Site 2",39.10245,-96.59987,335,33.87,37.01,39.06,44.41,44.76,45.79,1347,1620,1823,1402,1676,2246,12.94,13.55,14.93,15.41,16.33,17.01
"2022-10-15 14:00:00",51,"Site 2",39.10245,-96.59987,335,33.84,36.98,39.06,44.41,44.75,45.78,1350,1622,1824,1401,1676,2245,13.71,13.84,14.87,15.26,16.3,17.01
"2022-10-15 15:00:00",52,"Site 2",39.10245,-96.59987,335,33.79,37,39.06,44.4,44.71,45.77,1350,1625,1825,1399,1674,2242,14.3,14.11,14.79,15.26,16.35,17
"2022-10-15 16:00:00",53,"Site 2",39.10245,-96.59987,335,33.75,37.02,39.05,44.38,44.7,45.77,1351,1630,1826,1398,1673,2242,14.81,14.37,14.91,15.26,16.34,16.98
"2022-10-15 17:00:00",54,"Site 2",39.10245,-96.59987,335,33.72,37.02,39.07,44.38,44.71,45.77,1353,1634,1829,1398,1673,2240,15.15,14.73,14.94,15.24,16.31,16.97
"2022-10-15 18:00:00",55,"Site 2",39.10245,-96.59987,335,33.71,37.04,39.08,44.36,44.73,45.76,1354,1641,1833,1398,1674,2240,15.32,14.98,15.03,15.24,16.24,16.87
"2022-10-15 19:00:00",56,"Site 2",39.10245,-96.59987,335,33.68,37.06,39.09,44.36,44.73,45.76,1356,1649,1838,1401,1676,2243,15.2,15.2,15.13,15.25,16.15,16.86
"2022-10-15 20:00:00",57,"Site 2",39.10245,-96.59987,335,33.68,37.08,39.11,44.38,44.71,45.76,1354,1651,1841,1400,1676,2243,14.77,15.3,15.25,15.23,16.17,16.82
"2022-10-15 21:00:00",58,"Site 2",39.10245,-96.59987,335,33.67,37.06,39.12,44.4,44.71,45.76,1353,1653,1842,1400,1675,2242,14.36,15.41,15.34,15.25,16.14,16.8
"2022-10-15 22:00:00",59,"Site 2",39.10245,-96.59987,335,33.65,37.08,39.14,44.42,44.71,45.75,1351,1652,1844,1400,1676,2242,14,15.38,15.43,15.25,16.14,16.8
"2022-10-15 23:00:00",60,"Site 2",39.10245,-96.59987,335,33.63,37.1,39.12,44.41,44.7,45.74,1350,1651,1845,1400,1675,2242,13.68,15.29,15.5,15.3,16.15,16.8
"2022-10-16 00:00:00",61,"Site 2",39.10245,-96.59987,335,33.61,37.08,39.13,44.42,44.73,45.73,1348,1650,1845,1400,1676,2242,13.3,15.23,15.52,15.32,16.14,16.79
"2022-10-16 01:00:00",62,"Site 2",39.10245,-96.59987,335,33.6,37.08,39.14,44.4,44.71,45.73,1347,1649,1845,1400,1676,2242,12.99,15.08,15.52,15.41,16.15,16.8
"2022-10-16 02:00:00",63,"Site 2",39.10245,-96.59987,335,33.58,37.06,39.14,44.39,44.71,45.72,1346,1646,1844,1400,1677,2243,12.65,14.98,15.52,15.51,16.11,16.79
"2022-10-16 03:00:00",64,"Site 2",39.10245,-96.59987,335,33.55,37.05,39.14,44.39,44.71,45.71,1345,1643,1842,1400,1677,2242,12.34,14.82,15.49,15.5,16.15,16.8
"2022-10-16 04:00:00",65,"Site 2",39.10245,-96.59987,335,33.54,37.03,39.14,44.39,44.71,45.71,1344,1641,1841,1400,1677,2242,12.12,14.63,15.42,15.43,16.13,16.8
"2022-10-16 05:00:00",66,"Site 2",39.10245,-96.59987,335,33.51,37.04,39.15,44.38,44.71,45.71,1343,1639,1841,1401,1678,2242,11.86,14.46,15.34,15.47,16.14,16.73
"2022-10-16 06:00:00",67,"Site 2",39.10245,-96.59987,335,33.5,37.02,39.12,44.41,44.71,45.71,1341,1636,1837,1400,1678,2242,11.5,14.29,15.32,15.41,16.16,16.76
"2022-10-16 07:00:00",68,"Site 2",39.10245,-96.59987,335,33.48,36.99,39.13,44.38,44.71,45.71,1339,1632,1834,1400,1676,2242,11.24,14.18,15.27,15.38,16.15,16.75
"2022-10-16 08:00:00",69,"Site 2",39.10245,-96.59987,335,33.46,36.98,39.12,44.41,44.71,45.72,1336,1627,1832,1397,1675,2240,10.93,13.99,15.14,15.32,16.13,16.74
"2022-10-16 09:00:00",70,"Site 2",39.10245,-96.59987,335,33.43,36.97,39.09,44.41,44.7,45.71,1336,1624,1828,1398,1675,2238,10.82,13.76,15.11,15.25,16.14,16.74
"2022-10-16 10:00:00",71,"Site 2",39.10245,-96.59987,335,33.41,36.97,39.1,44.43,44.71,45.72,1338,1623,1827,1400,1677,2240,11.03,13.55,14.97,15.22,16.11,16.7
"2022-10-16 11:00:00",72,"Site 2",39.10245,-96.59987,335,33.39,36.98,39.07,44.38,44.7,45.71,1340,1620,1823,1401,1675,2234,11.66,13.42,14.91,15.29,16.13,16.65
"2022-10-16 12:00:00",73,"Site 2",39.10245,-96.59987,335,33.35,36.97,39.07,44.37,44.69,45.71,1342,1618,1821,1399,1672,2227,12.6,13.46,14.8,15.25,16.11,16.63
"2022-10-16 13:00:00",74,"Site 2",39.10245,-96.59987,335,33.32,36.95,39.05,44.37,44.66,45.72,1347,1621,1821,1402,1673,2226,13.46,13.68,14.73,15.14,16.11,16.59
"2022-10-16 14:00:00",75,"Site 2",39.10245,-96.59987,335,33.31,36.94,39.03,44.38,44.66,45.72,1348,1622,1821,1400,1671,2224,14.11,13.92,14.72,15.11,16.04,16.59
"2022-10-16 15:00:00",76,"Site 2",39.10245,-96.59987,335,33.27,36.96,39.04,44.34,44.7,45.71,1350,1625,1823,1398,1670,2223,14.86,14.18,14.74,15.03,15.98,16.59
"2022-10-16 16:00:00",77,"Site 2",39.10245,-96.59987,335,33.24,36.96,39.06,44.34,44.7,45.7,1350,1632,1825,1397,1670,2226,15.06,14.53,14.8,15.02,15.91,16.59
"2022-10-16 17:00:00",78,"Site 2",39.10245,-96.59987,335,33.21,36.99,39.06,44.35,44.69,45.68,1350,1636,1828,1397,1670,2226,15.06,14.84,14.9,15.09,15.93,16.59
"2022-10-16 18:00:00",79,"Site 2",39.10245,-96.59987,335,33.18,37,39.09,44.34,44.68,45.68,1350,1641,1831,1397,1670,2226,14.82,15.02,14.96,15.08,15.93,16.59
"2022-10-16 19:00:00",80,"Site 2",39.10245,-96.59987,335,33.17,37.02,39.08,44.36,44.67,45.67,1347,1643,1833,1395,1670,2223,14.47,15.11,15.11,15.06,15.94,16.58
"2022-10-16 20:00:00",81,"Site 2",39.10245,-96.59987,335,33.17,37.02,39.11,44.35,44.67,45.66,1345,1643,1836,1394,1670,2224,13.88,15.19,15.12,15.01,15.9,16.59
"2022-10-16 21:00:00",82,"Site 2",39.10245,-96.59987,335,33.14,37.03,39.12,44.37,44.66,45.66,1343,1642,1836,1394,1670,2224,13.41,15.06,15.18,15.12,15.92,16.58
"2022-10-16 22:00:00",83,"Site 2",39.10245,-96.59987,335,33.11,37.01,39.11,44.38,44.66,45.66,1341,1641,1837,1394,1670,2227,12.95,15,15.31,15.06,15.91,16.49
"2022-10-16 23:00:00",84,"Site 2",39.10245,-96.59987,335,33.09,37.01,39.13,44.35,44.65,45.69,1340,1639,1837,1395,1671,2226,12.55,14.85,15.29,15.14,15.92,16.5
"2022-10-17 00:00:00",85,"Site 2",39.10245,-96.59987,335,33.08,36.99,39.12,44.35,44.66,45.69,1341,1638,1836,1398,1673,2224,12.13,14.66,15.26,15.14,15.93,16.48
"2022-10-17 01:00:00",86,"Site 2",39.10245,-96.59987,335,33.05,36.99,39.14,44.35,44.66,45.67,1339,1635,1835,1397,1672,2226,11.71,14.52,15.18,15.18,15.92,16.45
"2022-10-17 02:00:00",87,"Site 2",39.10245,-96.59987,335,33.04,36.96,39.13,44.35,44.66,45.68,1336,1632,1833,1396,1673,2227,11.27,14.28,15.13,15.19,15.93,16.44
"2022-10-17 03:00:00",88,"Site 2",39.10245,-96.59987,335,33,36.94,39.1,44.36,44.67,45.67,1332,1628,1831,1394,1672,2229,10.83,14.04,15.13,15.15,15.94,16.39
"2022-10-17 04:00:00",89,"Site 2",39.10245,-96.59987,335,32.98,36.92,39.1,44.35,44.66,45.68,1331,1625,1829,1394,1673,2229,10.42,13.84,15.01,15.19,15.94,16.41
"2022-10-17 05:00:00",90,"Site 2",39.10245,-96.59987,335,32.96,36.93,39.09,44.36,44.66,45.67,1329,1621,1826,1395,1673,2229,9.99,13.55,14.95,15.09,15.88,16.41
"2022-10-17 06:00:00",91,"Site 2",39.10245,-96.59987,335,32.93,36.89,39.08,44.36,44.65,45.67,1329,1618,1822,1395,1673,2229,9.64,13.32,14.82,15.08,15.93,16.43
"2022-10-17 07:00:00",92,"Site 2",39.10245,-96.59987,335,32.92,36.86,39.05,44.34,44.65,45.66,1325,1614,1821,1394,1673,2231,9.28,13.11,14.72,15.01,15.92,16.42
"2022-10-17 08:00:00",93,"Site 2",39.10245,-96.59987,335,32.9,36.84,39.05,44.33,44.64,45.67,1324,1611,1817,1394,1673,2232,8.92,12.86,14.55,15.06,15.9,16.38
"2022-10-17 09:00:00",94,"Site 2",39.10245,-96.59987,335,32.89,36.83,39.03,44.36,44.67,45.66,1324,1609,1814,1396,1674,2231,8.69,12.58,14.45,14.91,15.89,16.37
"2022-10-17 10:00:00",95,"Site 2",39.10245,-96.59987,335,32.87,36.81,39,44.33,44.67,45.65,1325,1604,1808,1398,1673,2227,8.75,12.37,14.36,14.87,15.81,16.37
"2022-10-17 11:00:00",96,"Site 2",39.10245,-96.59987,335,32.83,36.79,38.98,44.31,44.68,45.65,1324,1600,1806,1396,1672,2223,9.16,12.19,14.15,14.82,15.73,16.37
"2022-10-17 12:00:00",97,"Site 2",39.10245,-96.59987,335,32.79,36.76,38.97,44.31,44.66,45.64,1326,1598,1802,1396,1671,2221,9.49,12.15,14.05,14.63,15.72,16.37
"2022-10-17 13:00:00",98,"Site 2",39.10245,-96.59987,335,32.75,36.75,38.93,44.3,44.64,45.63,1327,1598,1800,1397,1670,2221,10.02,12.17,13.99,14.6,15.71,16.37
"2022-10-17 14:00:00",99,"Site 2",39.10245,-96.59987,335,32.73,36.75,38.94,44.3,44.63,45.62,1331,1598,1799,1396,1670,2221,10.48,12.22,13.91,14.54,15.73,16.36
"2022-10-17 15:00:00",100,"Site 2",39.10245,-96.59987,335,32.7,36.77,38.92,44.3,44.66,45.62,1331,1599,1798,1395,1668,2218,11.06,12.32,13.83,14.45,15.62,16.35
"2022-10-17 16:00:00",101,"Site 2",39.10245,-96.59987,335,32.67,36.75,38.92,44.27,44.65,45.63,1333,1601,1798,1394,1667,2218,11.5,12.45,13.81,14.41,15.52,16.3
"2022-10-17 17:00:00",102,"Site 2",39.10245,-96.59987,335,32.65,36.76,38.91,44.23,44.65,45.63,1333,1605,1800,1394,1667,2217,11.63,12.68,13.82,14.41,15.51,16.21
"2022-10-17 18:00:00",103,"Site 2",39.10245,-96.59987,335,32.65,36.78,38.92,44.26,44.62,45.63,1332,1608,1801,1393,1667,2218,11.41,12.81,13.81,14.31,15.51,16.18
"2022-10-17 19:00:00",104,"Site 2",39.10245,-96.59987,335,32.63,36.78,38.92,44.24,44.62,45.62,1331,1610,1802,1393,1667,2217,11.04,12.9,13.86,14.24,15.5,16.18
"2022-10-17 20:00:00",105,"Site 2",39.10245,-96.59987,335,32.61,36.8,38.92,44.27,44.62,45.6,1328,1609,1801,1391,1667,2217,10.61,12.85,13.9,14.28,15.46,16.16
"2022-10-17 21:00:00",106,"Site 2",39.10245,-96.59987,335,32.61,36.79,38.92,44.25,44.63,45.59,1326,1608,1801,1391,1667,2215,10.05,12.78,13.91,14.22,15.39,16.17
"2022-10-17 22:00:00",107,"Site 2",39.10245,-96.59987,335,32.59,36.78,38.93,44.26,44.62,45.59,1324,1607,1801,1391,1667,2217,9.63,12.67,13.91,14.21,15.32,16.15
"2022-10-17 23:00:00",108,"Site 2",39.10245,-96.59987,335,32.58,36.77,38.91,44.25,44.62,45.58,1323,1605,1800,1391,1667,2217,9.16,12.5,13.89,14.21,15.33,16.15
"2022-10-18 00:00:00",109,"Site 2",39.10245,-96.59987,335,32.56,36.76,38.91,44.24,44.62,45.59,1321,1602,1797,1391,1667,2215,8.86,12.32,13.85,14.18,15.29,16.06
"2022-10-18 01:00:00",110,"Site 2",39.10245,-96.59987,335,32.54,36.74,38.9,44.22,44.6,45.6,1319,1599,1796,1391,1667,2214,8.55,12.13,13.71,14.25,15.29,16.02
"2022-10-18 02:00:00",111,"Site 2",39.10245,-96.59987,335,32.52,36.72,38.9,44.2,44.59,45.59,1319,1597,1794,1391,1667,2214,8.32,11.93,13.61,14.23,15.29,16.01
"2022-10-18 03:00:00",112,"Site 2",39.10245,-96.59987,335,32.49,36.7,38.87,44.2,44.58,45.59,1317,1594,1792,1391,1667,2214,8.06,11.74,13.59,14.23,15.3,15.95
"2022-10-18 04:00:00",113,"Site 2",39.10245,-96.59987,335,32.47,36.66,38.87,44.21,44.57,45.58,1316,1594,1790,1391,1666,2214,7.799,11.66,13.48,14.09,15.26,15.95
"2022-10-18 05:00:00",114,"Site 2",39.10245,-96.59987,335,32.45,36.65,38.83,44.21,44.6,45.57,1314,1592,1788,1391,1668,2217,7.554,11.42,13.45,14.06,15.18,15.96
"2022-10-18 06:00:00",115,"Site 2",39.10245,-96.59987,335,32.43,36.64,38.83,44.19,44.61,45.56,1313,1590,1786,1391,1667,2217,7.238,11.26,13.26,14.01,15.14,15.95
"2022-10-18 07:00:00",116,"Site 2",39.10245,-96.59987,335,32.42,36.62,38.8,44.21,44.6,45.57,1311,1585,1782,1389,1666,2212,6.917,11.03,13.22,13.94,15.1,15.93
"2022-10-18 08:00:00",117,"Site 2",39.10245,-96.59987,335,32.38,36.61,38.8,44.19,44.58,45.55,1308,1582,1779,1389,1666,2214,6.561,10.88,13.06,13.83,15.09,15.9
"2022-10-18 09:00:00",118,"Site 2",39.10245,-96.59987,335,32.38,36.55,38.79,44.16,44.56,45.56,1307,1578,1774,1390,1667,2212,6.216,10.7,12.96,13.8,15.09,15.83
"2022-10-18 10:00:00",119,"Site 2",39.10245,-96.59987,335,32.36,36.55,38.76,44.18,44.57,45.57,1308,1575,1770,1392,1665,2205,6.3,10.44,12.84,13.71,15.06,15.79
"2022-10-18 11:00:00",120,"Site 2",39.10245,-96.59987,335,32.31,36.53,38.74,44.16,44.58,45.57,1311,1573,1767,1393,1665,2202,6.783,10.32,12.68,13.63,14.98,15.77
"2022-10-18 12:00:00",121,"Site 2",39.10245,-96.59987,335,32.29,36.51,38.73,44.15,44.57,45.55,1311,1570,1763,1392,1663,2199,7.147,10.24,12.55,13.63,14.89,15.74
"2022-10-18 13:00:00",122,"Site 2",39.10245,-96.59987,335,32.27,36.51,38.71,44.14,44.55,45.54,1314,1570,1762,1392,1662,2196,7.753,10.22,12.47,13.46,14.87,15.75
"2022-10-18 14:00:00",123,"Site 2",39.10245,-96.59987,335,32.25,36.5,38.7,44.11,44.54,45.53,1318,1571,1760,1392,1661,2193,8.34,10.38,12.34,13.44,14.79,15.74
"2022-10-18 15:00:00",124,"Site 2",39.10245,-96.59987,335,32.23,36.5,38.69,44.12,44.56,45.52,1319,1572,1761,1392,1660,2190,9,10.47,12.28,13.38,14.68,15.69
"2022-10-18 16:00:00",125,"Site 2",39.10245,-96.59987,335,32.22,36.51,38.69,44.1,44.55,45.56,1320,1575,1761,1390,1659,2190,9.44,10.74,12.27,13.26,14.66,15.61
"2022-10-18 17:00:00",126,"Site 2",39.10245,-96.59987,335,32.19,36.52,38.68,44.08,44.52,45.54,1323,1579,1762,1391,1659,2188,9.63,10.94,12.28,13.22,14.66,15.55
"2022-10-18 18:00:00",127,"Site 2",39.10245,-96.59987,335,32.19,36.55,38.69,44.05,44.52,45.52,1322,1583,1764,1391,1660,2187,9.45,11.04,12.31,13.25,14.62,15.53
"2022-10-18 19:00:00",128,"Site 2",39.10245,-96.59987,335,32.19,36.55,38.69,44.05,44.52,45.52,1320,1584,1765,1388,1658,2191,9.17,11.27,12.39,13.2,14.53,15.52
"2022-10-18 20:00:00",129,"Site 2",39.10245,-96.59987,335,32.19,36.57,38.67,44.04,44.53,45.51,1317,1584,1765,1387,1658,2190,8.54,11.19,12.46,13.17,14.46,15.5
"2022-10-18 21:00:00",130,"Site 2",39.10245,-96.59987,335,32.18,36.57,38.69,44.05,44.51,45.51,1315,1584,1766,1388,1659,2188,7.929,11.09,12.48,13.11,14.45,15.41
"2022-10-18 22:00:00",131,"Site 2",39.10245,-96.59987,335,32.13,36.55,38.69,44.06,44.49,45.54,1313,1582,1765,1387,1659,2187,7.522,11.04,12.48,13.05,14.45,15.34
"2022-10-18 23:00:00",132,"Site 2",39.10245,-96.59987,335,32.12,36.54,38.68,44.07,44.48,45.51,1311,1580,1764,1387,1658,2187,7.112,10.85,12.48,13.09,14.44,15.31
"2022-10-19 00:00:00",133,"Site 2",39.10245,-96.59987,335,32.1,36.54,38.7,44.06,44.48,45.5,1309,1577,1762,1387,1658,2187,6.782,10.62,12.34,13.04,14.39,15.32
"2022-10-19 01:00:00",134,"Site 2",39.10245,-96.59987,335,32.09,36.51,38.69,44.05,44.49,45.48,1307,1575,1762,1387,1659,2187,6.384,10.49,12.31,13.02,14.33,15.3
"2022-10-19 02:00:00",135,"Site 2",39.10245,-96.59987,335,32.07,36.47,38.69,44.04,44.51,45.48,1306,1573,1759,1387,1658,2185,6.116,10.27,12.17,13.05,14.29,15.3
"2022-10-19 03:00:00",136,"Site 2",39.10245,-96.59987,335,32.05,36.47,38.68,44.02,44.5,45.49,1304,1570,1756,1387,1657,2185,5.841,10.07,12.08,13.03,14.23,15.22
"2022-10-19 04:00:00",137,"Site 2",39.10245,-96.59987,335,32.03,36.45,38.65,44.01,44.48,45.48,1301,1567,1754,1387,1657,2184,5.558,9.9,12.07,12.93,14.23,15.17
"2022-10-19 05:00:00",138,"Site 2",39.10245,-96.59987,335,32.01,36.43,38.64,44.04,44.47,45.5,1301,1565,1752,1386,1657,2183,5.341,9.66,11.91,12.81,14.23,15.11
"2022-10-19 06:00:00",139,"Site 2",39.10245,-96.59987,335,32,36.41,38.6,44.03,44.46,45.49,1299,1562,1748,1387,1657,2180,5.126,9.48,11.83,12.77,14.21,15.13
"2022-10-19 07:00:00",140,"Site 2",39.10245,-96.59987,335,31.99,36.41,38.6,44,44.47,45.47,1299,1562,1747,1388,1658,2183,4.975,9.28,11.68,12.79,14.15,15.1
"2022-10-19 08:00:00",141,"Site 2",39.10245,-96.59987,335,31.98,36.38,38.59,44.01,44.49,45.46,1299,1561,1745,1388,1659,2184,4.841,9.15,11.53,12.65,14.04,15.12
"2022-10-19 09:00:00",142,"Site 2",39.10245,-96.59987,335,31.95,36.36,38.56,44,44.47,45.45,1299,1559,1743,1389,1659,2183,4.741,8.98,11.45,12.56,14.03,15.1
"2022-10-19 10:00:00",143,"Site 2",39.10245,-96.59987,335,31.96,36.35,38.55,43.96,44.44,45.44,1300,1559,1739,1391,1659,2180,4.85,8.79,11.3,12.58,14.02,15.03
"2022-10-19 11:00:00",144,"Site 2",39.10245,-96.59987,335,31.92,36.35,38.54,43.96,44.46,45.45,1303,1559,1739,1392,1659,2178,5.592,8.7,11.21,12.42,13.95,15
"2022-10-19 12:00:00",145,"Site 2",39.10245,-96.59987,335,31.88,36.35,38.53,43.95,44.47,45.46,1307,1554,1733,1391,1654,2168,6.49,8.76,11.09,12.32,13.87,14.91
"2022-10-19 13:00:00",146,"Site 2",39.10245,-96.59987,335,31.86,36.34,38.5,43.96,44.45,45.44,1310,1558,1736,1390,1655,2168,7.559,8.85,11.07,12.26,13.81,14.9
"2022-10-19 14:00:00",147,"Site 2",39.10245,-96.59987,335,31.86,36.35,38.51,43.95,44.43,45.43,1316,1561,1736,1390,1654,2165,8.55,9.14,10.96,12.18,13.81,14.9
"2022-10-19 15:00:00",148,"Site 2",39.10245,-96.59987,335,31.86,36.35,38.5,43.89,44.44,45.43,1320,1562,1735,1389,1650,2159,9.56,9.47,10.95,12.15,13.72,14.9
"2022-10-19 16:00:00",149,"Site 2",39.10245,-96.59987,335,31.87,36.38,38.48,43.91,44.44,45.44,1324,1566,1736,1389,1649,2154,10.45,9.92,11.06,12.11,13.62,14.76
"2022-10-19 17:00:00",150,"Site 2",39.10245,-96.59987,335,31.86,36.4,38.51,43.9,44.42,45.45,1327,1573,1739,1388,1648,2154,10.89,10.32,11.11,12.05,13.59,14.71
"2022-10-19 18:00:00",151,"Site 2",39.10245,-96.59987,335,31.86,36.43,38.52,43.91,44.4,45.42,1327,1579,1744,1387,1648,2154,10.97,10.69,11.24,11.99,13.59,14.7
"2022-10-19 19:00:00",152,"Site 2",39.10245,-96.59987,335,31.87,36.48,38.54,43.91,44.38,45.4,1325,1584,1748,1386,1648,2157,10.63,10.99,11.4,11.97,13.58,14.69
"2022-10-19 20:00:00",153,"Site 2",39.10245,-96.59987,335,31.87,36.49,38.56,43.89,44.37,45.39,1323,1587,1752,1385,1648,2156,10.04,11.15,11.51,12.01,13.57,14.67
"2022-10-19 21:00:00",154,"Site 2",39.10245,-96.59987,335,31.87,36.51,38.58,43.9,44.39,45.41,1321,1589,1754,1385,1648,2156,9.5,11.18,11.66,12.11,13.47,14.61
"2022-10-19 22:00:00",155,"Site 2",39.10245,-96.59987,335,31.86,36.51,38.59,43.87,44.4,45.42,1319,1589,1755,1385,1649,2154,9.16,11.16,11.76,12.18,13.43,14.5
"2022-10-19 23:00:00",156,"Site 2",39.10245,-96.59987,335,31.84,36.51,38.59,43.88,44.41,45.41,1318,1588,1756,1385,1649,2153,8.88,11.09,11.86,12.18,13.43,14.48
"2022-10-20 00:00:00",157,"Site 2",39.10245,-96.59987,335,31.81,36.51,38.6,43.91,44.4,45.4,1317,1587,1757,1385,1649,2156,8.48,11.01,11.88,12.16,13.42,14.49
"2022-10-20 01:00:00",158,"Site 2",39.10245,-96.59987,335,31.81,36.51,38.61,43.92,44.39,45.39,1315,1586,1756,1385,1649,2153,8.12,10.9,11.88,12.16,13.42,14.49
"2022-10-20 02:00:00",159,"Site 2",39.10245,-96.59987,335,31.79,36.48,38.61,43.93,44.4,45.38,1313,1584,1756,1385,1649,2153,7.895,10.75,11.89,12.19,13.39,14.48
"2022-10-20 03:00:00",160,"Site 2",39.10245,-96.59987,335,31.77,36.48,38.6,43.93,44.4,45.35,1311,1582,1755,1385,1649,2153,7.664,10.65,11.88,12.24,13.39,14.45
"2022-10-20 04:00:00",161,"Site 2",39.10245,-96.59987,335,31.77,36.48,38.59,43.93,44.4,45.35,1311,1580,1754,1386,1650,2153,7.492,10.47,11.86,12.29,13.41,14.44
"2022-10-20 05:00:00",162,"Site 2",39.10245,-96.59987,335,31.74,36.45,38.6,43.9,44.39,45.35,1310,1578,1753,1386,1650,2153,7.319,10.36,11.81,12.21,13.4,14.48
"2022-10-20 06:00:00",163,"Site 2",39.10245,-96.59987,335,31.72,36.44,38.6,43.91,44.4,45.36,1310,1577,1751,1386,1649,2153,7.184,10.23,11.69,12.19,13.4,14.45
"2022-10-20 07:00:00",164,"Site 2",39.10245,-96.59987,335,31.71,36.44,38.58,43.91,44.39,45.37,1309,1575,1749,1386,1650,2153,7.06,10.13,11.67,12.19,13.39,14.39
"2022-10-20 08:00:00",165,"Site 2",39.10245,-96.59987,335,31.7,36.41,38.57,43.91,44.38,45.34,1308,1574,1748,1386,1649,2152,6.999,10.04,11.59,12.22,13.38,14.34
"2022-10-20 09:00:00",166,"Site 2",39.10245,-96.59987,335,31.7,36.41,38.58,43.9,44.38,45.38,1308,1571,1746,1387,1649,2147,6.932,9.94,11.49,12.15,13.4,14.3
"2022-10-20 10:00:00",167,"Site 2",39.10245,-96.59987,335,31.67,36.4,38.55,43.86,44.36,45.36,1309,1573,1746,1387,1650,2150,7.175,9.82,11.48,12.19,13.39,14.3
"2022-10-20 11:00:00",168,"Site 2",39.10245,-96.59987,335,31.65,36.38,38.55,43.89,44.35,45.37,1314,1571,1744,1390,1649,2143,7.879,9.85,11.4,12.12,13.37,14.33
"2022-10-20 12:00:00",169,"Site 2",39.10245,-96.59987,335,31.65,36.41,38.56,43.89,44.36,45.35,1318,1568,1740,1389,1646,2138,8.79,9.87,11.29,12.08,13.38,14.31
"2022-10-20 13:00:00",170,"Site 2",39.10245,-96.59987,335,31.67,36.4,38.55,43.91,44.36,45.34,1324,1569,1740,1391,1644,2133,9.92,10.06,11.29,11.96,13.34,14.27
"2022-10-20 14:00:00",171,"Site 2",39.10245,-96.59987,335,31.67,36.42,38.55,43.86,44.35,45.33,1328,1573,1743,1390,1644,2129,11.06,10.36,11.29,11.94,13.29,14.31
"2022-10-20 15:00:00",172,"Site 2",39.10245,-96.59987,335,31.66,36.45,38.56,43.87,44.37,45.31,1332,1578,1744,1388,1642,2127,12.14,10.79,11.34,11.99,13.25,14.25
"2022-10-20 16:00:00",173,"Site 2",39.10245,-96.59987,335,31.67,36.49,38.55,43.86,44.37,45.32,1337,1582,1747,1389,1641,2125,12.95,11.22,11.49,11.99,13.18,14.26
"2022-10-20 17:00:00",174,"Site 2",39.10245,-96.59987,335,31.67,36.52,38.57,43.86,44.36,45.32,1339,1589,1751,1388,1641,2122,13.47,11.62,11.6,11.97,13.18,14.2
"2022-10-20 18:00:00",175,"Site 2",39.10245,-96.59987,335,31.69,36.57,38.59,43.88,44.35,45.34,1338,1598,1757,1386,1641,2125,13.49,12.09,11.81,11.94,13.18,14.21
"2022-10-20 19:00:00",176,"Site 2",39.10245,-96.59987,335,31.67,36.61,38.61,43.89,44.35,45.35,1337,1605,1763,1386,1642,2129,13.14,12.39,11.96,11.93,13.18,14.12
"2022-10-20 20:00:00",177,"Site 2",39.10245,-96.59987,335,31.67,36.62,38.65,43.88,44.35,45.34,1334,1608,1767,1384,1642,2130,12.52,12.59,12.16,12.06,13.16,14.11
"2022-10-20 21:00:00",178,"Site 2",39.10245,-96.59987,335,31.65,36.65,38.66,43.88,44.35,45.33,1332,1609,1770,1385,1642,2130,12,12.58,12.36,12.2,13.17,14.09
"2022-10-20 22:00:00",179,"Site 2",39.10245,-96.59987,335,31.64,36.65,38.69,43.9,44.35,45.33,1330,1610,1773,1385,1643,2130,11.54,12.59,12.48,12.26,13.17,14.08
"2022-10-20 23:00:00",180,"Site 2",39.10245,-96.59987,335,31.62,36.65,38.71,43.9,44.35,45.31,1328,1609,1773,1386,1644,2133,11.11,12.57,12.59,12.33,13.17,14.15
"2022-10-21 00:00:00",181,"Site 2",39.10245,-96.59987,335,31.61,36.65,38.7,43.93,44.37,45.3,1326,1608,1775,1386,1644,2133,10.71,12.42,12.65,12.33,13.19,14.09
"2022-10-21 01:00:00",182,"Site 2",39.10245,-96.59987,335,31.59,36.64,38.72,43.91,44.35,45.3,1326,1606,1775,1386,1645,2133,10.43,12.33,12.65,12.4,13.24,14.07
"2022-10-21 02:00:00",183,"Site 2",39.10245,-96.59987,335,31.59,36.63,38.72,43.93,44.37,45.31,1324,1605,1775,1387,1645,2133,10.34,12.19,12.68,12.54,13.34,14.08
"2022-10-21 03:00:00",184,"Site 2",39.10245,-96.59987,335,31.56,36.63,38.73,43.91,44.33,45.3,1324,1608,1779,1386,1648,2138,10.23,12.08,12.66,12.53,13.35,14.08
"2022-10-21 04:00:00",185,"Site 2",39.10245,-96.59987,335,31.55,36.61,38.73,43.92,44.34,45.29,1324,1603,1776,1387,1646,2134,10.23,12.02,12.65,12.64,13.4,14.13
"2022-10-21 05:00:00",186,"Site 2",39.10245,-96.59987,335,31.53,36.6,38.72,43.96,44.34,45.32,1322,1605,1777,1385,1648,2138,10.23,11.97,12.65,12.61,13.38,14.09
"2022-10-21 06:00:00",187,"Site 2",39.10245,-96.59987,335,31.52,36.61,38.71,43.95,44.36,45.29,1325,1598,1772,1389,1646,2130,10.22,11.82,12.66,12.55,13.4,14.11
"2022-10-21 07:00:00",188,"Site 2",39.10245,-96.59987,335,31.5,36.61,38.72,43.94,44.37,45.3,1325,1598,1772,1389,1647,2129,10.21,11.76,12.65,12.55,13.4,14.14
"2022-10-21 08:00:00",189,"Site 2",39.10245,-96.59987,335,31.5,36.58,38.72,43.96,44.38,45.31,1324,1597,1771,1389,1646,2130,10.11,11.82,12.63,12.55,13.39,14.05
"2022-10-21 09:00:00",190,"Site 2",39.10245,-96.59987,335,31.5,36.59,38.73,43.95,44.38,45.3,1322,1599,1773,1387,1647,2134,10.1,11.79,12.52,12.61,13.4,14.09
"2022-10-21 10:00:00",191,"Site 2",39.10245,-96.59987,335,31.45,36.57,38.72,43.96,44.38,45.31,1323,1601,1774,1387,1649,2135,10.41,11.76,12.48,12.55,13.38,14.11
"2022-10-21 11:00:00",192,"Site 2",39.10245,-96.59987,335,31.44,36.57,38.72,43.97,44.38,45.29,1326,1603,1774,1389,1649,2135,11.05,11.73,12.48,12.57,13.39,14.1
"2022-10-21 12:00:00",193,"Site 2",39.10245,-96.59987,335,31.42,36.59,38.73,43.95,44.39,45.3,1329,1603,1775,1387,1648,2133,11.85,11.85,12.5,12.55,13.38,14.08
"2022-10-21 13:00:00",194,"Site 2",39.10245,-96.59987,335,31.44,36.58,38.73,43.94,44.38,45.31,1334,1604,1774,1388,1647,2129,12.86,12.04,12.51,12.57,13.39,14.09
"2022-10-21 14:00:00",195,"Site 2",39.10245,-96.59987,335,31.44,36.62,38.72,43.97,44.38,45.31,1338,1604,1774,1388,1644,2123,13.78,12.31,12.59,12.55,13.39,14.1
"2022-10-21 15:00:00",196,"Site 2",39.10245,-96.59987,335,31.45,36.63,38.73,43.97,44.38,45.31,1343,1618,1781,1389,1647,2126,14.79,12.75,12.65,12.57,13.41,14.09
"2022-10-21 16:00:00",197,"Site 2",39.10245,-96.59987,335,31.45,36.66,38.73,43.97,44.39,45.31,1344,1625,1787,1386,1647,2130,15.57,13.2,12.76,12.58,13.39,14.09
"2022-10-21 17:00:00",198,"Site 2",39.10245,-96.59987,335,31.44,36.7,38.77,43.98,44.39,45.31,1343,1635,1794,1383,1647,2134,15.86,13.6,12.94,12.56,13.39,14.1
"2022-10-21 18:00:00",199,"Site 2",39.10245,-96.59987,335,31.43,36.71,38.79,43.96,44.37,45.3,1341,1647,1802,1381,1650,2141,15.82,14.06,13.13,12.69,13.43,14.1
"2022-10-21 19:00:00",200,"Site 2",39.10245,-96.59987,335,31.46,36.75,38.81,43.97,44.37,45.29,1345,1639,1798,1386,1645,2128,15.48,14.31,13.28,12.77,13.45,14.12
"2022-10-21 20:00:00",201,"Site 2",39.10245,-96.59987,335,31.45,36.78,38.86,43.97,44.36,45.29,1346,1634,1798,1389,1643,2118,14.89,14.46,13.41,12.8,13.54,14.15
"2022-10-21 21:00:00",202,"Site 2",39.10245,-96.59987,335,31.43,36.78,38.87,44,44.36,45.29,1343,1635,1801,1389,1643,2118,14.52,14.6,13.6,12.92,13.59,14.14
"2022-10-21 22:00:00",203,"Site 2",39.10245,-96.59987,335,31.41,36.77,38.9,44.01,44.36,45.29,1340,1638,1806,1387,1645,2125,14.3,14.61,13.75,13.07,13.59,14.12
"2022-10-21 23:00:00",204,"Site 2",39.10245,-96.59987,335,31.37,36.81,38.93,44,44.37,45.29,1340,1638,1807,1387,1646,2125,14.15,14.5,13.86,13.11,13.59,14.13
"2022-10-22 00:00:00",205,"Site 2",39.10245,-96.59987,335,31.35,36.8,38.92,44.02,44.39,45.27,1340,1636,1808,1387,1646,2125,13.92,14.45,13.96,13.23,13.59,14.23
"2022-10-22 01:00:00",206,"Site 2",39.10245,-96.59987,335,31.35,36.79,38.96,44.04,44.39,45.26,1336,1640,1814,1385,1648,2133,13.79,14.44,13.97,13.21,13.7,14.27
"2022-10-22 02:00:00",207,"Site 2",39.10245,-96.59987,335,31.33,36.78,38.98,44.05,44.37,45.28,1336,1649,1818,1387,1653,2139,13.64,14.44,13.97,13.36,13.79,14.27
"2022-10-22 03:00:00",208,"Site 2",39.10245,-96.59987,335,31.29,36.77,38.97,44.04,44.38,45.25,1337,1650,1821,1388,1654,2142,13.46,14.4,14.01,13.42,13.81,14.27
"2022-10-22 04:00:00",209,"Site 2",39.10245,-96.59987,335,31.27,36.79,38.97,44.07,44.4,45.26,1335,1647,1821,1387,1654,2142,13.26,14.28,14.09,13.46,13.81,14.3
"2022-10-22 05:00:00",210,"Site 2",39.10245,-96.59987,335,31.26,36.77,38.97,44.06,44.42,45.28,1335,1643,1819,1387,1654,2142,13.2,14.23,14.04,13.44,13.82,14.27
"2022-10-22 06:00:00",211,"Site 2",39.10245,-96.59987,335,31.24,36.75,38.98,44.09,44.43,45.28,1332,1644,1821,1387,1655,2143,13.12,14.22,14.08,13.51,13.84,14.27
"2022-10-22 07:00:00",212,"Site 2",39.10245,-96.59987,335,31.22,36.76,38.98,44.05,44.4,45.29,1334,1644,1820,1388,1656,2143,13.01,14.18,14.1,13.68,13.91,14.27
"2022-10-22 08:00:00",213,"Site 2",39.10245,-96.59987,335,31.21,36.76,38.97,44.07,44.4,45.3,1333,1634,1815,1387,1652,2138,12.91,14.03,14.08,13.64,14,14.32
"2022-10-22 09:00:00",214,"Site 2",39.10245,-96.59987,335,31.2,36.74,38.98,44.1,44.4,45.28,1334,1636,1816,1390,1655,2139,12.79,14.02,14.09,13.64,14.01,14.4
"2022-10-22 10:00:00",215,"Site 2",39.10245,-96.59987,335,31.19,36.74,38.98,44.08,44.41,45.27,1335,1639,1818,1390,1657,2142,12.99,14,14.06,13.63,14.02,14.46
"2022-10-22 11:00:00",216,"Site 2",39.10245,-96.59987,335,31.19,36.73,39,44.08,44.42,45.27,1335,1631,1813,1389,1653,2135,13.51,13.97,14.05,13.64,14.02,14.48
"2022-10-22 12:00:00",217,"Site 2",39.10245,-96.59987,335,31.18,36.74,39,44.09,44.43,45.28,1336,1642,1820,1388,1657,2145,14.22,14.03,14.03,13.59,14.02,14.49
"2022-10-22 13:00:00",218,"Site 2",39.10245,-96.59987,335,31.17,36.75,38.99,44.1,44.44,45.27,1343,1635,1814,1391,1653,2133,15.12,14.19,14.02,13.64,14.02,14.48
"2022-10-22 14:00:00",219,"Site 2",39.10245,-96.59987,335,31.18,36.77,38.97,44.11,44.44,45.27,1346,1633,1812,1391,1651,2127,15.95,14.43,14.12,13.69,14.07,14.52
"2022-10-22 15:00:00",220,"Site 2",39.10245,-96.59987,335,31.19,36.79,38.99,44.12,44.45,45.27,1350,1635,1814,1391,1649,2123,16.7,14.75,14.15,13.7,14.09,14.5
"2022-10-22 16:00:00",221,"Site 2",39.10245,-96.59987,335,31.18,36.82,39.01,44.08,44.44,45.28,1353,1639,1816,1393,1648,2121,17.33,15.14,14.28,13.73,14.11,14.52
"2022-10-22 17:00:00",222,"Site 2",39.10245,-96.59987,335,31.17,36.84,39.02,44.09,44.44,45.26,1354,1646,1821,1392,1648,2121,17.64,15.52,14.36,13.85,14.2,14.53
"2022-10-22 18:00:00",223,"Site 2",39.10245,-96.59987,335,31.16,36.86,39.05,44.1,44.43,45.29,1354,1653,1826,1391,1649,2125,17.52,15.84,14.55,13.84,14.22,14.5
"2022-10-22 19:00:00",224,"Site 2",39.10245,-96.59987,335,31.15,36.86,39.06,44.11,44.43,45.3,1352,1657,1831,1391,1649,2127,17.16,16.06,14.75,13.87,14.23,14.54
"2022-10-22 20:00:00",225,"Site 2",39.10245,-96.59987,335,31.14,36.91,39.09,44.12,44.44,45.29,1350,1659,1835,1390,1650,2129,16.67,16.14,14.87,13.94,14.23,14.54
"2022-10-22 21:00:00",226,"Site 2",39.10245,-96.59987,335,31.12,36.9,39.12,44.15,44.45,45.3,1347,1661,1838,1390,1651,2129,16.32,16.23,15.04,14.09,14.24,14.58
"2022-10-22 22:00:00",227,"Site 2",39.10245,-96.59987,335,31.11,36.91,39.13,44.16,44.48,45.29,1348,1663,1842,1391,1653,2133,16.06,16.15,15.12,14.11,14.28,14.61
"2022-10-22 23:00:00",228,"Site 2",39.10245,-96.59987,335,31.08,36.93,39.16,44.16,44.46,45.27,1348,1664,1845,1392,1653,2134,16.06,16.04,15.17,14.24,14.42,14.64
"2022-10-23 00:00:00",229,"Site 2",39.10245,-96.59987,335,31.07,36.92,39.15,44.17,44.45,45.27,1341,1672,1853,1385,1657,2149,16.06,16.06,15.31,14.27,14.44,14.68
"2022-10-23 01:00:00",230,"Site 2",39.10245,-96.59987,335,31.05,36.92,39.16,44.21,44.46,45.28,1346,1665,1849,1390,1655,2139,16.05,16.04,15.32,14.28,14.45,14.71
"2022-10-23 02:00:00",231,"Site 2",39.10245,-96.59987,335,31.03,36.91,39.18,44.22,44.49,45.3,1346,1661,1847,1391,1655,2137,16.03,16.1,15.33,14.4,14.46,14.71
"2022-10-23 03:00:00",232,"Site 2",39.10245,-96.59987,335,31.04,36.92,39.19,44.21,44.48,45.3,1346,1660,1848,1392,1655,2135,15.92,16.07,15.35,14.47,14.53,14.71
"2022-10-23 04:00:00",233,"Site 2",39.10245,-96.59987,335,31.03,36.92,39.19,44.24,44.48,45.3,1347,1660,1848,1393,1655,2137,15.87,16.08,15.44,14.41,14.61,14.75
"2022-10-23 05:00:00",234,"Site 2",39.10245,-96.59987,335,31,36.91,39.18,44.25,44.48,45.29,1346,1659,1848,1393,1655,2137,15.86,16.09,15.48,14.47,14.66,14.85
"2022-10-23 06:00:00",235,"Site 2",39.10245,-96.59987,335,30.98,36.9,39.19,44.25,44.49,45.29,1346,1656,1848,1393,1655,2138,15.85,16.08,15.51,14.49,14.66,14.8
"2022-10-23 07:00:00",236,"Site 2",39.10245,-96.59987,335,30.96,36.9,39.19,44.25,44.51,45.28,1346,1658,1849,1393,1656,2139,15.83,16.09,15.52,14.59,14.69,14.91
"2022-10-23 08:00:00",237,"Site 2",39.10245,-96.59987,335,30.96,36.9,39.2,44.27,44.52,45.29,1346,1658,1849,1393,1657,2141,15.82,16.06,15.53,14.62,14.71,14.91
"2022-10-23 09:00:00",238,"Site 2",39.10245,-96.59987,335,30.95,36.89,39.21,44.28,44.5,45.3,1347,1658,1850,1394,1657,2141,15.81,16.06,15.52,14.64,14.85,14.89
"2022-10-23 10:00:00",239,"Site 2",39.10245,-96.59987,335,30.95,36.9,39.22,44.28,44.48,45.31,1349,1657,1849,1395,1657,2139,16.05,16.09,15.54,14.65,14.87,14.92
"2022-10-23 11:00:00",240,"Site 2",39.10245,-96.59987,335,30.96,36.91,39.22,44.24,44.5,45.31,1350,1655,1848,1396,1656,2135,16.6,16.09,15.56,14.65,14.87,14.95
"2022-10-23 12:00:00",241,"Site 2",39.10245,-96.59987,335,30.96,36.9,39.22,44.26,44.51,45.31,1354,1657,1849,1397,1657,2135,17.48,16.28,15.58,14.86,14.87,15
"2022-10-23 13:00:00",242,"Site 2",39.10245,-96.59987,335,30.94,36.92,39.21,44.27,44.53,45.29,1357,1661,1852,1397,1657,2137,18.22,16.42,15.7,14.86,14.88,15.06
"2022-10-23 14:00:00",243,"Site 2",39.10245,-96.59987,335,30.95,36.96,39.23,44.29,44.54,45.29,1357,1671,1859,1395,1659,2142,18.76,16.67,15.72,14.89,14.9,15.1
"2022-10-23 15:00:00",244,"Site 2",39.10245,-96.59987,335,30.98,36.96,39.24,44.29,44.52,45.3,1359,1670,1858,1396,1658,2138,18.84,16.92,15.82,14.83,14.96,15.11
"2022-10-23 16:00:00",245,"Site 2",39.10245,-96.59987,335,30.96,36.99,39.26,44.31,44.51,45.31,1360,1672,1861,1396,1657,2137,19.26,17.12,15.92,14.83,15.07,15.11
"2022-10-23 17:00:00",246,"Site 2",39.10245,-96.59987,335,30.96,37.02,39.28,44.3,44.51,45.31,1360,1677,1865,1396,1658,2137,19.49,17.35,16.06,14.94,15.09,15.11
"2022-10-23 18:00:00",247,"Site 2",39.10245,-96.59987,335,30.97,37.02,39.3,44.28,44.52,45.33,1360,1682,1871,1396,1659,2139,19.47,17.62,16.16,15.05,15.09,15.12
"2022-10-23 19:00:00",248,"Site 2",39.10245,-96.59987,335,30.95,37.04,39.31,44.33,44.54,45.32,1360,1686,1873,1395,1659,2142,19.26,17.81,16.32,15.07,15.09,15.11
"2022-10-23 20:00:00",249,"Site 2",39.10245,-96.59987,335,30.93,37.07,39.32,44.32,44.55,45.33,1359,1689,1876,1395,1659,2143,18.94,17.88,16.46,15.15,15.11,15.16
"2022-10-23 21:00:00",250,"Site 2",39.10245,-96.59987,335,30.9,37.07,39.35,44.34,44.55,45.32,1357,1688,1880,1395,1659,2145,18.69,17.89,16.55,15.25,15.13,15.25
"2022-10-23 22:00:00",251,"Site 2",39.10245,-96.59987,335,30.89,37.08,39.36,44.37,44.55,45.3,1357,1689,1881,1395,1660,2146,18.55,17.97,16.69,15.26,15.26,15.3
"2022-10-23 23:00:00",252,"Site 2",39.10245,-96.59987,335,30.88,37.09,39.38,44.36,44.54,45.3,1356,1689,1883,1396,1661,2146,18.49,17.9,16.72,15.33,15.3,15.3
"2022-10-24 00:00:00",253,"Site 2",39.10245,-96.59987,335,30.86,37.09,39.4,44.39,44.57,45.32,1356,1689,1885,1396,1662,2150,18.4,17.87,16.74,15.38,15.31,15.33
"2022-10-24 01:00:00",254,"Site 2",39.10245,-96.59987,335,30.84,37.07,39.38,44.41,44.58,45.33,1353,1691,1889,1393,1663,2154,18.38,17.92,16.89,15.46,15.31,15.32
"2022-10-24 02:00:00",255,"Site 2",39.10245,-96.59987,335,30.82,37.08,39.4,44.4,44.56,45.34,1346,1699,1898,1385,1665,2168,18.36,17.86,16.92,15.58,15.48,15.35
"2022-10-24 03:00:00",256,"Site 2",39.10245,-96.59987,335,30.83,37.08,39.41,44.41,44.56,45.34,1339,1715,1911,1378,1671,2183,18.21,17.85,16.92,15.63,15.51,15.36
"2022-10-24 04:00:00",257,"Site 2",39.10245,-96.59987,335,30.79,37.08,39.43,44.4,44.58,45.31,1338,1728,1919,1377,1676,2197,18.17,17.85,16.94,15.67,15.5,15.44
"2022-10-24 05:00:00",258,"Site 2",39.10245,-96.59987,335,30.78,37.07,39.44,44.43,44.59,45.32,1339,1727,1920,1379,1676,2197,18.02,17.83,16.98,15.63,15.51,15.5
"2022-10-24 06:00:00",259,"Site 2",39.10245,-96.59987,335,30.76,37.06,39.42,44.42,44.61,45.33,1350,1695,1897,1393,1668,2167,17.72,17.81,16.99,15.83,15.61,15.52
"2022-10-24 07:00:00",260,"Site 2",39.10245,-96.59987,335,30.73,37.04,39.43,44.41,44.57,45.35,1351,1692,1895,1395,1668,2167,17.38,17.81,17.09,15.85,15.69,15.53
"2022-10-24 08:00:00",261,"Site 2",39.10245,-96.59987,335,30.74,37.05,39.41,44.44,44.58,45.36,1352,1688,1893,1397,1668,2164,16.92,17.69,17.1,15.81,15.72,15.57
"2022-10-24 09:00:00",262,"Site 2",39.10245,-96.59987,335,30.73,37.02,39.42,44.45,44.61,45.37,1350,1684,1890,1399,1668,2164,16.49,17.54,17.11,15.84,15.7,15.58
"2022-10-24 10:00:00",263,"Site 2",39.10245,-96.59987,335,30.76,37.02,39.44,44.47,44.62,45.34,1353,1681,1888,1401,1669,2164,16.19,17.4,17.03,15.81,15.74,15.64
"2022-10-24 11:00:00",264,"Site 2",39.10245,-96.59987,335,30.89,37.02,39.44,44.46,44.62,45.33,1354,1677,1885,1404,1669,2163,15.79,17.22,16.92,15.87,15.76,15.74
"2022-10-24 12:00:00",265,"Site 2",39.10245,-96.59987,335,31.23,37.01,39.43,44.48,44.6,45.35,1354,1675,1882,1406,1669,2161,15.54,17.09,16.91,15.87,15.87,15.74
"2022-10-24 13:00:00",266,"Site 2",39.10245,-96.59987,335,31.98,36.99,39.41,44.48,44.59,45.36,1355,1672,1880,1407,1671,2161,15.34,16.89,16.89,15.86,15.9,15.75
"2022-10-24 14:00:00",267,"Site 2",39.10245,-96.59987,335,33.38,37.01,39.43,44.47,44.6,45.38,1355,1669,1877,1406,1670,2160,15.21,16.75,16.75,15.89,15.91,15.74
"2022-10-24 15:00:00",268,"Site 2",39.10245,-96.59987,335,34.17,36.98,39.41,44.5,44.6,45.39,1356,1667,1875,1406,1669,2161,15.13,16.61,16.72,15.91,15.94,15.75
"2022-10-24 16:00:00",269,"Site 2",39.10245,-96.59987,335,34.36,36.98,39.39,44.49,44.61,45.38,1356,1667,1874,1405,1670,2161,15.2,16.44,16.69,15.84,15.92,15.8
"2022-10-24 17:00:00",270,"Site 2",39.10245,-96.59987,335,34.42,36.94,39.4,44.49,44.62,45.38,1356,1666,1873,1404,1669,2163,15.26,16.49,16.62,15.8,15.91,15.87
"2022-10-24 18:00:00",271,"Site 2",39.10245,-96.59987,335,34.47,36.95,39.38,44.47,44.63,45.38,1355,1665,1871,1404,1669,2165,15.09,16.4,16.52,15.85,15.94,15.88
"2022-10-24 19:00:00",272,"Site 2",39.10245,-96.59987,335,34.47,36.95,39.37,44.46,44.63,45.38,1354,1664,1871,1403,1669,2164,14.84,16.26,16.52,15.76,15.94,15.9
"2022-10-24 20:00:00",273,"Site 2",39.10245,-96.59987,335,34.49,36.93,39.38,44.43,44.63,45.37,1352,1663,1871,1403,1670,2168,14.26,16.25,16.39,15.83,15.94,15.9
"2022-10-24 21:00:00",274,"Site 2",39.10245,-96.59987,335,34.5,36.92,39.37,44.43,44.63,45.37,1352,1660,1867,1403,1670,2165,13.77,16.07,16.32,15.85,15.92,15.95
"2022-10-24 22:00:00",275,"Site 2",39.10245,-96.59987,335,34.5,36.89,39.35,44.43,44.63,45.36,1349,1657,1866,1403,1670,2165,13.41,15.89,16.32,15.73,15.92,15.95
"2022-10-24 23:00:00",276,"Site 2",39.10245,-96.59987,335,34.48,36.87,39.36,44.46,44.62,45.37,1348,1654,1864,1403,1671,2170,12.92,15.71,16.22,15.71,15.94,15.95
"2022-10-25 00:00:00",277,"Site 2",39.10245,-96.59987,335,34.47,36.85,39.33,44.45,44.62,45.37,1345,1649,1859,1403,1671,2170,12.52,15.45,16.12,15.69,15.92,15.95
"2022-10-25 01:00:00",278,"Site 2",39.10245,-96.59987,335,34.43,36.84,39.32,44.46,44.63,45.38,1344,1646,1857,1403,1671,2171,12.22,15.19,15.97,15.62,15.92,15.95
"2022-10-25 02:00:00",279,"Site 2",39.10245,-96.59987,335,34.41,36.83,39.29,44.42,44.61,45.38,1344,1642,1853,1403,1671,2170,11.99,15,15.91,15.61,15.94,15.96
"2022-10-25 03:00:00",280,"Site 2",39.10245,-96.59987,335,34.4,36.8,39.29,44.41,44.61,45.38,1343,1639,1849,1403,1671,2170,11.86,14.76,15.75,15.62,15.91,15.95
"2022-10-25 04:00:00",281,"Site 2",39.10245,-96.59987,335,34.39,36.78,39.26,44.44,44.61,45.38,1341,1635,1846,1403,1671,2170,11.61,14.53,15.65,15.49,15.91,15.95
"2022-10-25 05:00:00",282,"Site 2",39.10245,-96.59987,335,34.37,36.76,39.25,44.41,44.62,45.38,1340,1632,1842,1402,1671,2170,11.41,14.35,15.5,15.45,15.93,15.95
"2022-10-25 06:00:00",283,"Site 2",39.10245,-96.59987,335,34.36,36.73,39.24,44.4,44.62,45.38,1340,1629,1840,1402,1671,2170,11.18,14.16,15.35,15.39,15.85,15.95
"2022-10-25 07:00:00",284,"Site 2",39.10245,-96.59987,335,34.33,36.71,39.22,44.41,44.62,45.38,1338,1627,1836,1402,1671,2171,10.92,14.01,15.24,15.22,15.79,15.95
"2022-10-25 08:00:00",285,"Site 2",39.10245,-96.59987,335,34.33,36.7,39.2,44.39,44.63,45.37,1337,1624,1833,1402,1671,2171,10.59,13.81,15.14,15.26,15.72,15.95
"2022-10-25 09:00:00",286,"Site 2",39.10245,-96.59987,335,34.31,36.7,39.2,44.36,44.63,45.38,1335,1621,1829,1402,1671,2170,10.26,13.55,14.98,15.17,15.71,15.95
"2022-10-25 10:00:00",287,"Site 2",39.10245,-96.59987,335,34.28,36.67,39.16,44.38,44.6,45.37,1335,1617,1824,1403,1670,2170,10.2,13.38,14.86,15.06,15.73,15.94
"2022-10-25 11:00:00",288,"Site 2",39.10245,-96.59987,335,34.26,36.65,39.15,44.35,44.59,45.36,1335,1615,1822,1401,1669,2170,10.53,13.2,14.73,15.07,15.7,15.96
"2022-10-25 12:00:00",289,"Site 2",39.10245,-96.59987,335,34.23,36.62,39.14,44.35,44.62,45.36,1337,1613,1819,1400,1667,2168,11.01,13.14,14.6,14.86,15.59,15.88
"2022-10-25 13:00:00",290,"Site 2",39.10245,-96.59987,335,34.18,36.61,39.11,44.33,44.61,45.38,1337,1613,1818,1399,1667,2167,11.57,13.16,14.51,14.86,15.52,15.86
"2022-10-25 14:00:00",291,"Site 2",39.10245,-96.59987,335,34.16,36.62,39.1,44.32,44.6,45.38,1339,1614,1816,1399,1667,2165,12.03,13.19,14.38,14.74,15.51,15.78
"2022-10-25 15:00:00",292,"Site 2",39.10245,-96.59987,335,34.11,36.62,39.09,44.32,44.57,45.39,1341,1615,1815,1397,1666,2165,12.55,13.33,14.33,14.66,15.51,15.75
"2022-10-25 16:00:00",293,"Site 2",39.10245,-96.59987,335,34.06,36.65,39.08,44.29,44.57,45.39,1342,1619,1816,1396,1666,2164,13.03,13.44,14.35,14.61,15.45,15.75
"2022-10-25 17:00:00",294,"Site 2",39.10245,-96.59987,335,34.03,36.63,39.06,44.29,44.59,45.38,1342,1622,1818,1396,1665,2164,13.28,13.71,14.32,14.61,15.38,15.74
"2022-10-25 18:00:00",295,"Site 2",39.10245,-96.59987,335,34,36.65,39.08,44.29,44.58,45.37,1343,1625,1819,1395,1665,2165,13.19,13.89,14.34,14.48,15.3,15.74
"2022-10-25 19:00:00",296,"Site 2",39.10245,-96.59987,335,33.99,36.65,39.1,44.29,44.57,45.35,1340,1629,1822,1394,1665,2165,12.93,14.01,14.33,14.41,15.3,15.74
"2022-10-25 20:00:00",297,"Site 2",39.10245,-96.59987,335,33.98,36.66,39.1,44.28,44.55,45.35,1339,1629,1822,1393,1664,2165,12.38,14.02,14.35,14.41,15.29,15.71
"2022-10-25 21:00:00",298,"Site 2",39.10245,-96.59987,335,33.98,36.66,39.1,44.26,44.57,45.35,1336,1627,1821,1393,1665,2165,11.82,14.01,14.43,14.47,15.22,15.7
"2022-10-25 22:00:00",299,"Site 2",39.10245,-96.59987,335,33.96,36.66,39.09,44.28,44.57,45.37,1334,1626,1822,1393,1665,2167,11.42,13.83,14.46,14.42,15.18,15.66
"2022-10-25 23:00:00",300,"Site 2",39.10245,-96.59987,335,33.94,36.66,39.09,44.26,44.57,45.35,1332,1624,1820,1393,1665,2165,10.98,13.63,14.4,14.39,15.18,15.55
"2022-10-26 00:00:00",301,"Site 2",39.10245,-96.59987,335,33.91,36.66,39.09,44.26,44.57,45.37,1331,1622,1819,1393,1665,2165,10.65,13.43,14.4,14.39,15.1,15.53
"2022-10-26 01:00:00",302,"Site 2",39.10245,-96.59987,335,33.9,36.63,39.07,44.23,44.57,45.36,1330,1618,1817,1393,1664,2164,10.26,13.27,14.37,14.41,15.1,15.54
"2022-10-26 02:00:00",303,"Site 2",39.10245,-96.59987,335,33.89,36.61,39.06,44.25,44.56,45.35,1328,1616,1814,1394,1666,2165,9.89,13.09,14.29,14.4,15.09,15.52
"2022-10-26 03:00:00",304,"Site 2",39.10245,-96.59987,335,33.87,36.6,39.06,44.21,44.55,45.34,1327,1613,1812,1393,1665,2165,9.64,12.86,14.18,14.39,15.09,15.52
"2022-10-26 04:00:00",305,"Site 2",39.10245,-96.59987,335,33.85,36.58,39.04,44.22,44.53,45.33,1325,1610,1810,1393,1664,2165,9.31,12.67,14.09,14.34,15.09,15.53
"2022-10-26 05:00:00",306,"Site 2",39.10245,-96.59987,335,33.83,36.57,39.03,44.24,44.52,45.33,1324,1607,1807,1393,1665,2165,9.09,12.43,13.98,14.28,15.09,15.48
"2022-10-26 06:00:00",307,"Site 2",39.10245,-96.59987,335,33.8,36.54,39.01,44.21,44.52,45.31,1323,1604,1804,1392,1664,2165,8.88,12.28,13.87,14.23,15.03,15.47
"2022-10-26 07:00:00",308,"Site 2",39.10245,-96.59987,335,33.79,36.52,38.99,44.2,44.52,45.33,1322,1601,1801,1392,1664,2164,8.66,12.09,13.79,14.17,15.02,15.51
"2022-10-26 08:00:00",309,"Site 2",39.10245,-96.59987,335,33.78,36.5,38.97,44.19,44.55,45.32,1320,1599,1797,1392,1663,2164,8.43,11.93,13.62,14.12,14.88,15.47
"2022-10-26 09:00:00",310,"Site 2",39.10245,-96.59987,335,33.76,36.5,38.94,44.2,44.54,45.35,1321,1596,1795,1394,1663,2164,8.4,11.75,13.58,14.02,14.89,15.4
"2022-10-26 10:00:00",311,"Site 2",39.10245,-96.59987,335,33.73,36.47,38.93,44.17,44.52,45.35,1323,1593,1791,1395,1663,2160,8.69,11.59,13.48,13.98,14.87,15.36
"2022-10-26 11:00:00",312,"Site 2",39.10245,-96.59987,335,33.7,36.45,38.92,44.18,44.51,45.35,1325,1592,1789,1395,1662,2156,9.33,11.57,13.33,13.81,14.86,15.32
"2022-10-26 12:00:00",313,"Site 2",39.10245,-96.59987,335,33.67,36.44,38.9,44.15,44.51,45.33,1329,1591,1785,1396,1661,2150,10.25,11.56,13.26,13.8,14.82,15.34
"2022-10-26 13:00:00",314,"Site 2",39.10245,-96.59987,335,33.62,36.46,38.88,44.14,44.53,45.32,1333,1592,1785,1395,1659,2149,11.37,11.69,13.24,13.78,14.69,15.31
"2022-10-26 14:00:00",315,"Site 2",39.10245,-96.59987,335,33.61,36.47,38.89,44.16,44.51,45.31,1337,1595,1786,1395,1658,2145,12.17,11.92,13.08,13.66,14.66,15.32
"2022-10-26 15:00:00",316,"Site 2",39.10245,-96.59987,335,33.59,36.48,38.87,44.12,44.49,45.31,1339,1599,1787,1394,1656,2143,12.92,12.31,13.11,13.62,14.65,15.3
"2022-10-26 16:00:00",317,"Site 2",39.10245,-96.59987,335,33.59,36.49,38.87,44.11,44.48,45.32,1342,1605,1789,1394,1657,2142,13.46,12.63,13.22,13.61,14.64,15.17
"2022-10-26 17:00:00",318,"Site 2",39.10245,-96.59987,335,33.6,36.54,38.88,44.1,44.51,45.33,1342,1610,1792,1393,1656,2143,13.53,12.95,13.28,13.59,14.52,15.14
"2022-10-26 18:00:00",319,"Site 2",39.10245,-96.59987,335,33.58,36.55,38.89,44.1,44.51,45.33,1342,1614,1795,1392,1656,2141,13.41,13.25,13.42,13.58,14.46,15.11
"2022-10-26 19:00:00",320,"Site 2",39.10245,-96.59987,335,33.57,36.56,38.91,44.09,44.48,45.31,1340,1617,1797,1391,1655,2143,13.07,13.38,13.46,13.62,14.45,15.1
"2022-10-26 20:00:00",321,"Site 2",39.10245,-96.59987,335,33.56,36.6,38.92,44.09,44.47,45.29,1339,1618,1800,1391,1655,2141,12.61,13.4,13.59,13.63,14.45,15.11
"2022-10-26 21:00:00",322,"Site 2",39.10245,-96.59987,335,33.55,36.61,38.94,44.09,44.46,45.28,1337,1619,1801,1391,1656,2142,12.26,13.4,13.61,13.65,14.45,15.09
"2022-10-26 22:00:00",323,"Site 2",39.10245,-96.59987,335,33.53,36.59,38.96,44.1,44.45,45.27,1336,1618,1802,1391,1655,2142,12,13.4,13.66,13.57,14.45,15.08
"2022-10-26 23:00:00",324,"Site 2",39.10245,-96.59987,335,33.5,36.57,38.95,44.11,44.45,45.29,1335,1617,1802,1391,1655,2142,11.74,13.39,13.66,13.58,14.45,15.05
"2022-10-27 00:00:00",325,"Site 2",39.10245,-96.59987,335,33.51,36.59,38.95,44.12,44.44,45.3,1334,1617,1803,1391,1656,2142,11.51,13.23,13.77,13.59,14.45,15.05
"2022-10-27 01:00:00",326,"Site 2",39.10245,-96.59987,335,33.49,36.56,38.97,44.12,44.44,45.3,1332,1615,1802,1391,1655,2143,11.2,13.19,13.78,13.59,14.45,14.95
"2022-10-27 02:00:00",327,"Site 2",39.10245,-96.59987,335,33.47,36.58,38.99,44.12,44.44,45.3,1331,1613,1801,1391,1656,2141,11.05,13.01,13.72,13.62,14.44,14.95
"2022-10-27 03:00:00",328,"Site 2",39.10245,-96.59987,335,33.46,36.56,38.96,44.1,44.43,45.3,1330,1612,1801,1391,1656,2141,10.89,12.89,13.61,13.61,14.45,14.9
"2022-10-27 04:00:00",329,"Site 2",39.10245,-96.59987,335,33.45,36.56,38.97,44.12,44.43,45.29,1330,1610,1798,1391,1656,2141,10.66,12.79,13.59,13.64,14.44,14.89
"2022-10-27 05:00:00",330,"Site 2",39.10245,-96.59987,335,33.42,36.55,38.95,44.13,44.43,45.29,1329,1608,1798,1391,1656,2141,10.56,12.68,13.62,13.6,14.44,14.89
"2022-10-27 06:00:00",331,"Site 2",39.10245,-96.59987,335,33.41,36.54,38.94,44.11,44.43,45.27,1329,1607,1796,1392,1655,2141,10.43,12.57,13.62,13.59,14.43,14.9
"2022-10-27 07:00:00",332,"Site 2",39.10245,-96.59987,335,33.39,36.53,38.93,44.1,44.44,45.28,1328,1605,1794,1392,1655,2141,10.32,12.46,13.49,13.63,14.41,14.9
"2022-10-27 08:00:00",333,"Site 2",39.10245,-96.59987,335,33.38,36.52,38.94,44.1,44.43,45.27,1328,1603,1793,1392,1655,2141,10.23,12.38,13.45,13.6,14.38,14.91
"2022-10-27 09:00:00",334,"Site 2",39.10245,-96.59987,335,33.35,36.51,38.91,44.08,44.44,45.26,1328,1602,1791,1392,1655,2141,10.22,12.34,13.43,13.57,14.36,14.9
"2022-10-27 10:00:00",335,"Site 2",39.10245,-96.59987,335,33.34,36.52,38.9,44.1,44.45,45.26,1330,1601,1789,1393,1655,2137,10.47,12.2,13.35,13.57,14.3,14.9
"2022-10-27 11:00:00",336,"Site 2",39.10245,-96.59987,335,33.3,36.5,38.9,44.11,44.46,45.25,1331,1600,1788,1393,1654,2134,11.01,12.16,13.26,13.43,14.29,14.92
"2022-10-27 12:00:00",337,"Site 2",39.10245,-96.59987,335,33.28,36.5,38.88,44.09,44.45,45.25,1333,1601,1788,1393,1654,2134,11.6,12.23,13.23,13.41,14.24,14.9
"2022-10-27 13:00:00",338,"Site 2",39.10245,-96.59987,335,33.26,36.5,38.88,44.09,44.44,45.24,1336,1602,1788,1393,1653,2131,12.13,12.42,13.27,13.42,14.23,14.89
"2022-10-27 14:00:00",339,"Site 2",39.10245,-96.59987,335,33.23,36.52,38.86,44.07,44.43,45.25,1338,1605,1789,1392,1653,2131,12.71,12.58,13.23,13.33,14.23,14.85
"2022-10-27 15:00:00",340,"Site 2",39.10245,-96.59987,335,33.22,36.53,38.88,44.06,44.42,45.25,1339,1608,1791,1392,1652,2131,13.11,12.76,13.26,13.37,14.23,14.79
"2022-10-27 16:00:00",341,"Site 2",39.10245,-96.59987,335,33.22,36.54,38.89,44.06,44.41,45.25,1340,1611,1792,1391,1651,2129,13.32,13.04,13.27,13.36,14.23,14.78
"2022-10-27 17:00:00",342,"Site 2",39.10245,-96.59987,335,33.21,36.56,38.89,44.07,44.42,45.27,1342,1614,1794,1392,1651,2130,13.46,13.22,13.35,13.37,14.19,14.72
"2022-10-27 18:00:00",343,"Site 2",39.10245,-96.59987,335,33.18,36.57,38.89,44.07,44.42,45.26,1341,1617,1797,1390,1651,2129,13.47,13.4,13.46,13.39,14.15,14.68
"2022-10-27 19:00:00",344,"Site 2",39.10245,-96.59987,335,33.17,36.61,38.95,44.07,44.43,45.26,1340,1619,1799,1389,1651,2129,13.17,13.43,13.46,13.42,14.15,14.72
"2022-10-27 20:00:00",345,"Site 2",39.10245,-96.59987,335,33.17,36.61,38.94,44.07,44.44,45.24,1339,1621,1800,1390,1651,2131,12.99,13.51,13.56,13.44,14.09,14.7
"2022-10-27 21:00:00",346,"Site 2",39.10245,-96.59987,335,33.18,36.61,38.95,44.08,44.42,45.23,1340,1621,1801,1391,1651,2129,12.85,13.61,13.66,13.44,14.1,14.74
"2022-10-27 22:00:00",347,"Site 2",39.10245,-96.59987,335,33.2,36.62,38.98,44.08,44.41,45.23,1340,1621,1802,1392,1651,2129,12.73,13.58,13.59,13.41,14.1,14.72
"2022-10-27 23:00:00",348,"Site 2",39.10245,-96.59987,335,33.24,36.62,38.98,44.09,44.44,45.23,1341,1622,1802,1393,1652,2129,12.58,13.52,13.65,13.41,14.08,14.71
"2022-10-28 00:00:00",349,"Site 2",39.10245,-96.59987,335,33.63,36.65,38.98,44.1,44.44,45.24,1343,1621,1801,1396,1652,2125,12.52,13.49,13.66,13.44,14.12,14.67
"2022-10-28 01:00:00",350,"Site 2",39.10245,-96.59987,335,34.05,36.65,38.96,44.06,44.43,45.24,1341,1621,1802,1393,1651,2125,12.4,13.42,13.72,13.42,14.07,14.68
"2022-10-28 02:00:00",351,"Site 2",39.10245,-96.59987,335,34.2,36.64,38.97,44.1,44.42,45.23,1341,1621,1803,1393,1652,2127,12.35,13.4,13.75,13.49,14.15,14.69
"2022-10-28 03:00:00",352,"Site 2",39.10245,-96.59987,335,34.28,36.63,38.97,44.07,44.41,45.21,1341,1620,1803,1393,1652,2126,12.26,13.4,13.73,13.53,14.15,14.7
"2022-10-28 04:00:00",353,"Site 2",39.10245,-96.59987,335,34.32,36.61,38.97,44.07,44.42,45.21,1341,1620,1803,1393,1651,2126,12.22,13.4,13.79,13.53,14.15,14.69
"2022-10-28 05:00:00",354,"Site 2",39.10245,-96.59987,335,34.32,36.61,38.95,44.1,44.4,45.23,1341,1620,1804,1393,1652,2125,12.13,13.38,13.73,13.61,14.2,14.67
"2022-10-28 06:00:00",355,"Site 2",39.10245,-96.59987,335,34.34,36.6,38.99,44.07,44.42,45.22,1339,1619,1803,1393,1653,2129,11.8,13.3,13.73,13.55,14.11,14.71
"2022-10-28 07:00:00",356,"Site 2",39.10245,-96.59987,335,34.36,36.61,39,44.06,44.43,45.22,1337,1618,1802,1393,1653,2129,11.29,13.22,13.65,13.53,14.12,14.68
"2022-10-28 08:00:00",357,"Site 2",39.10245,-96.59987,335,34.36,36.59,38.98,44.09,44.39,45.22,1337,1616,1800,1393,1653,2129,11.03,13.11,13.62,13.5,14.16,14.71
"2022-10-28 09:00:00",358,"Site 2",39.10245,-96.59987,335,34.36,36.58,38.98,44.09,44.41,45.22,1335,1615,1799,1393,1653,2129,10.84,12.97,13.62,13.55,14.2,14.65
"2022-10-28 10:00:00",359,"Site 2",39.10245,-96.59987,335,34.36,36.58,38.95,44.11,44.44,45.22,1337,1611,1797,1394,1652,2126,10.81,12.79,13.61,13.51,14.12,14.69
"2022-10-28 11:00:00",360,"Site 2",39.10245,-96.59987,335,34.33,36.57,38.95,44.09,44.43,45.22,1337,1610,1796,1395,1651,2125,11.19,12.73,13.59,13.46,14.07,14.66
"2022-10-28 12:00:00",361,"Site 2",39.10245,-96.59987,335,34.33,36.57,38.97,44.12,44.42,45.22,1340,1609,1794,1396,1652,2122,11.67,12.67,13.43,13.42,14.1,14.64
"2022-10-28 13:00:00",362,"Site 2",39.10245,-96.59987,335,34.31,36.56,38.95,44.11,44.4,45.22,1343,1609,1793,1395,1650,2121,12.42,12.76,13.44,13.38,14.15,14.65
"2022-10-28 14:00:00",363,"Site 2",39.10245,-96.59987,335,34.3,36.57,38.94,44.09,44.43,45.23,1345,1609,1793,1395,1650,2118,13.17,12.88,13.41,13.44,14.1,14.63
"2022-10-28 15:00:00",364,"Site 2",39.10245,-96.59987,335,34.3,36.57,38.93,44.07,44.43,45.24,1347,1613,1795,1394,1649,2117,13.72,13.15,13.42,13.41,14.06,14.6
"2022-10-28 16:00:00",365,"Site 2",39.10245,-96.59987,335,34.29,36.61,38.94,44.08,44.42,45.23,1349,1618,1797,1393,1649,2120,14.26,13.39,13.42,13.36,14.04,14.57
"2022-10-28 17:00:00",366,"Site 2",39.10245,-96.59987,335,34.28,36.61,38.93,44.07,44.42,45.24,1351,1623,1801,1393,1649,2117,14.46,13.7,13.53,13.42,14.03,14.6
"2022-10-28 18:00:00",367,"Site 2",39.10245,-96.59987,335,34.27,36.63,38.96,44.07,44.4,45.23,1349,1628,1804,1392,1649,2121,14.41,13.97,13.61,13.39,14.02,14.59
"2022-10-28 19:00:00",368,"Site 2",39.10245,-96.59987,335,34.26,36.63,38.97,44.07,44.41,45.23,1347,1632,1807,1390,1649,2122,14.07,14.18,13.71,13.39,14.03,14.55
"2022-10-28 20:00:00",369,"Site 2",39.10245,-96.59987,335,34.26,36.65,38.99,44.08,44.4,45.23,1344,1633,1809,1390,1650,2125,13.4,14.23,13.77,13.41,14.03,14.53
"2022-10-28 21:00:00",370,"Site 2",39.10245,-96.59987,335,34.23,36.65,38.99,44.08,44.4,45.23,1342,1632,1808,1390,1650,2123,12.9,14.23,13.98,13.46,14.02,14.53
"2022-10-28 22:00:00",371,"Site 2",39.10245,-96.59987,335,34.22,36.67,39.01,44.07,44.4,45.23,1340,1630,1810,1390,1650,2123,12.4,14.03,13.99,13.54,14.04,14.53
"2022-10-28 23:00:00",372,"Site 2",39.10245,-96.59987,335,34.2,36.64,39.02,44.07,44.41,45.22,1339,1629,1811,1391,1651,2125,11.99,13.94,13.99,13.59,14.07,14.52
"2022-10-29 00:00:00",373,"Site 2",39.10245,-96.59987,335,34.18,36.65,39.02,44.09,44.42,45.22,1336,1626,1810,1391,1651,2126,11.55,13.72,13.98,13.58,14.07,14.55
"2022-10-29 01:00:00",374,"Site 2",39.10245,-96.59987,335,34.17,36.65,39.01,44.1,44.42,45.22,1335,1624,1809,1391,1652,2126,11.18,13.44,13.95,13.59,14.07,14.51
"2022-10-29 02:00:00",375,"Site 2",39.10245,-96.59987,335,34.16,36.62,39,44.11,44.39,45.24,1333,1621,1808,1391,1652,2129,10.89,13.34,13.98,13.64,14.14,14.54
"2022-10-29 03:00:00",376,"Site 2",39.10245,-96.59987,335,34.14,36.6,39.01,44.1,44.39,45.24,1332,1618,1806,1391,1652,2129,10.55,13.18,13.84,13.67,14.19,14.53
"2022-10-29 04:00:00",377,"Site 2",39.10245,-96.59987,335,34.13,36.6,39.01,44.11,44.4,45.22,1330,1615,1804,1391,1653,2129,10.28,12.95,13.76,13.61,14.16,14.51
"2022-10-29 05:00:00",378,"Site 2",39.10245,-96.59987,335,34.11,36.59,39,44.09,44.4,45.23,1330,1612,1802,1391,1653,2130,9.94,12.75,13.67,13.58,14.17,14.52
"2022-10-29 06:00:00",379,"Site 2",39.10245,-96.59987,335,34.1,36.57,38.99,44.1,44.4,45.21,1329,1609,1800,1391,1653,2129,9.6,12.54,13.59,13.58,14.19,14.53
"2022-10-29 07:00:00",380,"Site 2",39.10245,-96.59987,335,34.09,36.54,38.96,44.1,44.4,45.22,1327,1607,1797,1391,1654,2130,9.29,12.33,13.56,13.57,14.21,14.53
"2022-10-29 08:00:00",381,"Site 2",39.10245,-96.59987,335,34.07,36.53,38.94,44.1,44.38,45.23,1325,1604,1795,1392,1654,2129,9.14,12.15,13.45,13.45,14.13,14.55
"2022-10-29 09:00:00",382,"Site 2",39.10245,-96.59987,335,34.04,36.51,38.92,44.11,44.42,45.23,1327,1602,1791,1393,1654,2129,9.03,12.01,13.39,13.4,14.14,14.51
"2022-10-29 10:00:00",383,"Site 2",39.10245,-96.59987,335,34.03,36.49,38.9,44.1,44.42,45.22,1327,1598,1787,1394,1653,2126,9.12,11.8,13.24,13.31,14.12,14.52
"2022-10-29 11:00:00",384,"Site 2",39.10245,-96.59987,335,33.98,36.47,38.9,44.09,44.41,45.21,1328,1596,1785,1394,1653,2125,9.62,11.77,13.13,13.36,14.02,14.55
"2022-10-29 12:00:00",385,"Site 2",39.10245,-96.59987,335,33.96,36.48,38.89,44.07,44.4,45.23,1331,1595,1783,1394,1651,2123,10.43,11.76,13.02,13.25,14.03,14.54
"2022-10-29 13:00:00",386,"Site 2",39.10245,-96.59987,335,33.91,36.48,38.88,44.09,44.39,45.22,1337,1594,1781,1395,1650,2118,11.61,11.79,12.97,13.19,14.02,14.51
"2022-10-29 14:00:00",387,"Site 2",39.10245,-96.59987,335,33.91,36.48,38.88,44.07,44.38,45.22,1341,1596,1781,1394,1649,2117,12.62,12.02,12.87,13.13,14.02,14.49
"2022-10-29 15:00:00",388,"Site 2",39.10245,-96.59987,335,33.91,36.51,38.88,44.03,44.37,45.22,1344,1601,1783,1393,1648,2116,13.17,12.33,12.89,13.18,14.01,14.5
"2022-10-29 16:00:00",389,"Site 2",39.10245,-96.59987,335,33.89,36.52,38.85,44.03,44.35,45.19,1346,1607,1785,1393,1648,2116,13.69,12.72,13,13.22,13.99,14.52
"2022-10-29 17:00:00",390,"Site 2",39.10245,-96.59987,335,33.87,36.53,38.87,44.02,44.37,45.19,1345,1612,1788,1392,1648,2116,13.88,13.08,13.07,13.11,13.88,14.49
"2022-10-29 18:00:00",391,"Site 2",39.10245,-96.59987,335,33.87,36.56,38.89,44.02,44.4,45.19,1345,1618,1792,1391,1648,2120,13.77,13.34,13.21,13.11,13.85,14.5
"2022-10-29 19:00:00",392,"Site 2",39.10245,-96.59987,335,33.87,36.61,38.88,44.01,44.39,45.17,1342,1621,1795,1389,1648,2121,13.3,13.42,13.27,13.11,13.82,14.52
"2022-10-29 20:00:00",393,"Site 2",39.10245,-96.59987,335,33.88,36.62,38.9,44.02,44.39,45.18,1340,1622,1797,1389,1648,2120,12.63,13.46,13.41,13.14,13.83,14.48
"2022-10-29 21:00:00",394,"Site 2",39.10245,-96.59987,335,33.83,36.63,38.94,44.04,44.38,45.2,1337,1622,1799,1389,1648,2121,12.15,13.42,13.4,13.13,13.83,14.49
"2022-10-29 22:00:00",395,"Site 2",39.10245,-96.59987,335,33.83,36.6,38.94,44.04,44.38,45.19,1336,1620,1799,1389,1649,2121,11.7,13.4,13.54,13.22,13.82,14.41
"2022-10-29 23:00:00",396,"Site 2",39.10245,-96.59987,335,33.81,36.6,38.94,44.05,44.38,45.18,1334,1618,1799,1389,1648,2121,11.44,13.26,13.53,13.16,13.83,14.42
"2022-10-30 00:00:00",397,"Site 2",39.10245,-96.59987,335,33.8,36.58,38.95,44.06,44.38,45.19,1334,1617,1798,1390,1649,2121,11.26,13.13,13.58,13.22,13.83,14.41
"2022-10-30 01:00:00",398,"Site 2",39.10245,-96.59987,335,33.8,36.58,38.94,44.06,44.39,45.17,1334,1615,1798,1390,1649,2121,11.24,12.99,13.57,13.22,13.83,14.37
"2022-10-30 02:00:00",399,"Site 2",39.10245,-96.59987,335,33.76,36.57,38.95,44.05,44.38,45.19,1333,1613,1797,1390,1649,2120,11.17,12.9,13.46,13.23,13.82,14.44
"2022-10-30 03:00:00",400,"Site 2",39.10245,-96.59987,335,33.76,36.57,38.95,44.08,44.4,45.2,1333,1612,1797,1391,1650,2121,11.02,12.8,13.43,13.24,13.84,14.33
"2022-10-30 04:00:00",401,"Site 2",39.10245,-96.59987,335,33.74,36.54,38.93,44.08,44.38,45.18,1333,1611,1795,1390,1649,2121,11.02,12.79,13.43,13.23,13.83,14.39
"2022-10-30 05:00:00",402,"Site 2",39.10245,-96.59987,335,33.74,36.56,38.91,44.08,44.39,45.2,1332,1610,1795,1390,1649,2118,10.95,12.65,13.43,13.19,13.84,14.34
"2022-10-30 06:00:00",403,"Site 2",39.10245,-96.59987,335,33.73,36.54,38.91,44.08,44.4,45.2,1333,1609,1793,1391,1649,2120,10.83,12.57,13.4,13.19,13.83,14.35
"2022-10-30 07:00:00",404,"Site 2",39.10245,-96.59987,335,33.7,36.52,38.92,44.06,44.39,45.19,1332,1608,1792,1391,1649,2118,10.83,12.53,13.32,13.17,13.82,14.34
"2022-10-30 08:00:00",405,"Site 2",39.10245,-96.59987,335,33.69,36.54,38.92,44.07,44.38,45.2,1332,1607,1791,1391,1649,2118,10.83,12.49,13.21,13.14,13.83,14.36
"2022-10-30 09:00:00",406,"Site 2",39.10245,-96.59987,335,33.69,36.53,38.9,44.06,44.38,45.19,1332,1607,1790,1392,1649,2117,10.81,12.39,13.28,13.17,13.82,14.32
"2022-10-30 10:00:00",407,"Site 2",39.10245,-96.59987,335,33.67,36.53,38.89,44.06,44.38,45.18,1333,1605,1788,1392,1649,2117,11.07,12.36,13.21,13.21,13.82,14.34
"2022-10-30 11:00:00",408,"Site 2",39.10245,-96.59987,335,33.66,36.53,38.89,44.04,44.38,45.19,1335,1604,1788,1392,1648,2116,11.73,12.39,13.22,13.14,13.81,14.36
"2022-10-30 12:00:00",409,"Site 2",39.10245,-96.59987,335,33.63,36.52,38.89,44.03,44.37,45.19,1339,1604,1787,1392,1646,2112,12.49,12.5,13.11,13.19,13.82,14.3
"2022-10-30 13:00:00",410,"Site 2",39.10245,-96.59987,335,33.62,36.54,38.91,44.05,44.37,45.2,1343,1606,1787,1393,1646,2109,13.42,12.7,13.19,13.14,13.81,14.29
"2022-10-30 14:00:00",411,"Site 2",39.10245,-96.59987,335,33.6,36.56,38.86,44.03,44.36,45.2,1347,1610,1789,1392,1646,2108,14.22,12.94,13.21,13.11,13.82,14.28
"2022-10-30 15:00:00",412,"Site 2",39.10245,-96.59987,335,33.6,36.57,38.89,44,44.35,45.18,1347,1615,1792,1391,1646,2109,14.6,13.31,13.21,13.1,13.81,14.31
"2022-10-30 16:00:00",413,"Site 2",39.10245,-96.59987,335,33.61,36.6,38.91,44.03,44.34,45.18,1349,1620,1795,1391,1646,2109,14.66,13.56,13.35,13.06,13.81,14.27
"2022-10-30 17:00:00",414,"Site 2",39.10245,-96.59987,335,33.57,36.61,38.93,44.01,44.34,45.18,1349,1624,1797,1391,1645,2109,14.8,13.91,13.44,13.15,13.82,14.27
"2022-10-30 18:00:00",415,"Site 2",39.10245,-96.59987,335,33.57,36.63,38.94,44.02,44.34,45.17,1349,1628,1801,1391,1646,2111,14.72,14.05,13.58,13.13,13.81,14.28
"2022-10-30 19:00:00",416,"Site 2",39.10245,-96.59987,335,33.58,36.64,38.97,44.03,44.34,45.16,1347,1631,1805,1390,1646,2113,14.41,14.22,13.6,13.19,13.81,14.31
"2022-10-30 20:00:00",417,"Site 2",39.10245,-96.59987,335,33.58,36.66,38.98,44.04,44.34,45.16,1345,1632,1807,1390,1646,2113,13.93,14.23,13.76,13.18,13.81,14.29
"2022-10-30 21:00:00",418,"Site 2",39.10245,-96.59987,335,33.57,36.66,38.99,44.07,44.34,45.16,1344,1632,1807,1390,1646,2113,13.55,14.23,13.8,13.22,13.82,14.3
"2022-10-30 22:00:00",419,"Site 2",39.10245,-96.59987,335,33.55,36.65,39,44.05,44.35,45.16,1343,1631,1808,1390,1646,2113,13.27,14.23,13.88,13.36,13.82,14.27
"2022-10-30 23:00:00",420,"Site 2",39.10245,-96.59987,335,33.53,36.65,39,44.05,44.35,45.17,1342,1630,1809,1391,1647,2113,13.15,14.15,13.95,13.37,13.81,14.28
"2022-10-31 00:00:00",421,"Site 2",39.10245,-96.59987,335,33.51,36.66,39.01,44.07,44.36,45.16,1341,1629,1809,1390,1647,2113,12.95,14.05,13.99,13.37,13.82,14.32
"2022-10-31 01:00:00",422,"Site 2",39.10245,-96.59987,335,33.5,36.63,39,44.08,44.37,45.17,1340,1628,1809,1391,1648,2117,12.73,14.02,14.01,13.4,13.85,14.27
"2022-10-31 02:00:00",423,"Site 2",39.10245,-96.59987,335,33.48,36.65,39.01,44.1,44.37,45.18,1339,1626,1808,1391,1648,2116,12.54,13.84,13.97,13.42,13.84,14.25
"2022-10-31 03:00:00",424,"Site 2",39.10245,-96.59987,335,33.47,36.63,39.02,44.08,44.37,45.17,1339,1625,1808,1391,1648,2114,12.41,13.82,13.94,13.46,13.89,14.3
"2022-10-31 04:00:00",425,"Site 2",39.10245,-96.59987,335,33.45,36.65,39,44.08,44.35,45.18,1339,1624,1808,1391,1648,2116,12.37,13.66,13.96,13.51,13.94,14.28
"2022-10-31 05:00:00",426,"Site 2",39.10245,-96.59987,335,33.44,36.64,39.01,44.09,44.36,45.18,1339,1623,1807,1392,1649,2117,12.32,13.58,13.88,13.48,13.95,14.29
"2022-10-31 06:00:00",427,"Site 2",39.10245,-96.59987,335,33.43,36.65,39.02,44.06,44.35,45.19,1338,1621,1806,1391,1649,2116,12.17,13.49,13.85,13.53,14,14.28
"2022-10-31 07:00:00",428,"Site 2",39.10245,-96.59987,335,33.42,36.63,39.01,44.08,44.35,45.19,1336,1621,1806,1391,1650,2117,11.81,13.4,13.8,13.49,14.02,14.3
"2022-10-31 08:00:00",429,"Site 2",39.10245,-96.59987,335,33.44,36.61,39.01,44.09,44.34,45.18,1334,1619,1805,1391,1649,2117,11.23,13.36,13.78,13.52,14,14.3
"2022-10-31 09:00:00",430,"Site 2",39.10245,-96.59987,335,33.41,36.6,38.99,44.11,44.33,45.18,1332,1617,1803,1391,1650,2117,10.86,13.19,13.75,13.43,14.02,14.28
"2022-10-31 10:00:00",431,"Site 2",39.10245,-96.59987,335,33.38,36.59,39,44.09,44.34,45.19,1333,1613,1800,1392,1649,2118,10.82,13.01,13.67,13.42,13.99,14.35
"2022-10-31 11:00:00",432,"Site 2",39.10245,-96.59987,335,33.36,36.58,38.99,44.08,44.34,45.18,1335,1610,1797,1393,1649,2113,11.11,12.81,13.62,13.41,13.99,14.31
"2022-10-31 12:00:00",433,"Site 2",39.10245,-96.59987,335,33.36,36.57,38.97,44.08,44.35,45.19,1337,1610,1797,1395,1650,2116,11.63,12.79,13.6,13.38,14.02,14.29
"2022-10-31 13:00:00",434,"Site 2",39.10245,-96.59987,335,33.32,36.57,38.97,44.07,44.35,45.2,1339,1609,1795,1395,1649,2112,12.37,12.78,13.46,13.38,14,14.33
"2022-10-31 14:00:00",435,"Site 2",39.10245,-96.59987,335,33.33,36.58,38.98,44.07,44.35,45.17,1342,1611,1796,1395,1649,2112,12.94,12.95,13.45,13.4,13.99,14.29
"2022-10-31 15:00:00",436,"Site 2",39.10245,-96.59987,335,33.32,36.58,38.97,44.05,44.34,45.18,1344,1614,1796,1394,1648,2111,13.49,13.14,13.41,13.4,13.96,14.31
"2022-10-31 16:00:00",437,"Site 2",39.10245,-96.59987,335,33.31,36.59,38.96,44.07,44.36,45.17,1346,1618,1798,1394,1648,2112,14.04,13.38,13.42,13.39,13.94,14.32
"2022-10-31 17:00:00",438,"Site 2",39.10245,-96.59987,335,33.3,36.61,38.95,44.06,44.36,45.18,1347,1623,1802,1393,1648,2113,14.24,13.63,13.53,13.26,13.87,14.29
"2022-10-31 18:00:00",439,"Site 2",39.10245,-96.59987,335,33.31,36.62,38.98,44.04,44.38,45.18,1346,1627,1804,1392,1648,2113,14.14,13.89,13.61,13.31,13.9,14.31
"2022-10-31 19:00:00",440,"Site 2",39.10245,-96.59987,335,33.31,36.62,39,44.06,44.37,45.19,1343,1628,1806,1390,1648,2116,13.66,14.02,13.65,13.39,13.85,14.33
"2022-10-31 20:00:00",441,"Site 2",39.10245,-96.59987,335,33.29,36.65,39,44.03,44.38,45.18,1341,1629,1806,1390,1648,2117,13.04,14.02,13.73,13.33,13.83,14.3
"2022-10-31 21:00:00",442,"Site 2",39.10245,-96.59987,335,33.28,36.63,39.02,44.07,44.37,45.17,1339,1629,1808,1390,1649,2117,12.49,14.02,13.77,13.37,13.87,14.35
"2022-10-31 22:00:00",443,"Site 2",39.10245,-96.59987,335,33.27,36.64,39.01,44.08,44.37,45.16,1337,1627,1808,1391,1649,2117,12,13.86,13.89,13.36,13.85,14.31
"2022-10-31 23:00:00",444,"Site 2",39.10245,-96.59987,335,33.26,36.64,39.02,44.09,44.37,45.17,1336,1625,1807,1392,1650,2117,11.68,13.7,13.9,13.35,13.91,14.31
"2022-11-01 00:00:00",445,"Site 2",39.10245,-96.59987,335,33.24,36.64,39.02,44.07,44.37,45.16,1335,1622,1806,1392,1650,2117,11.5,13.46,13.89,13.46,13.91,14.32
"2022-11-01 01:00:00",446,"Site 2",39.10245,-96.59987,335,33.21,36.61,39,44.08,44.36,45.15,1335,1620,1806,1392,1650,2117,11.4,13.37,13.79,13.48,13.96,14.32
"2022-11-01 02:00:00",447,"Site 2",39.10245,-96.59987,335,33.21,36.6,39.01,44.07,44.35,45.16,1334,1618,1805,1392,1650,2117,11.25,13.2,13.76,13.43,13.97,14.33
"2022-11-01 03:00:00",448,"Site 2",39.10245,-96.59987,335,33.18,36.59,38.99,44.09,44.33,45.16,1333,1616,1803,1392,1650,2117,11.17,13.16,13.76,13.51,13.98,14.33
"2022-11-01 04:00:00",449,"Site 2",39.10245,-96.59987,335,33.19,36.58,39.02,44.08,44.34,45.15,1332,1614,1801,1393,1650,2117,11.03,12.99,13.63,13.45,13.99,14.3
"2022-11-01 05:00:00",450,"Site 2",39.10245,-96.59987,335,33.16,36.57,38.99,44.09,44.35,45.15,1333,1613,1800,1393,1650,2120,11.01,12.94,13.6,13.44,14.01,14.32
"2022-11-01 06:00:00",451,"Site 2",39.10245,-96.59987,335,33.15,36.57,38.98,44.06,44.33,45.17,1332,1611,1798,1392,1650,2117,11.04,12.79,13.61,13.42,13.99,14.32
"2022-11-01 07:00:00",452,"Site 2",39.10245,-96.59987,335,33.13,36.55,38.97,44.06,44.35,45.16,1333,1610,1797,1392,1650,2117,11,12.79,13.55,13.41,13.98,14.29
"2022-11-01 08:00:00",453,"Site 2",39.10245,-96.59987,335,33.12,36.55,38.97,44.05,44.34,45.17,1333,1610,1797,1392,1650,2118,11.03,12.73,13.41,13.44,13.97,14.34
"2022-11-01 09:00:00",454,"Site 2",39.10245,-96.59987,335,33.11,36.57,38.97,44.05,44.35,45.17,1333,1609,1796,1393,1650,2117,11.09,12.65,13.4,13.39,13.99,14.33
"2022-11-01 10:00:00",455,"Site 2",39.10245,-96.59987,335,33.1,36.55,38.95,44.04,44.35,45.15,1335,1607,1793,1393,1649,2114,11.33,12.59,13.42,13.34,13.96,14.31
"2022-11-01 11:00:00",456,"Site 2",39.10245,-96.59987,335,33.09,36.55,38.93,44.07,44.38,45.16,1336,1606,1791,1393,1648,2112,11.8,12.59,13.43,13.31,13.87,14.29
"2022-11-01 12:00:00",457,"Site 2",39.10245,-96.59987,335,33.06,36.55,38.92,44.04,44.35,45.16,1338,1606,1791,1393,1647,2109,12.59,12.73,13.38,13.29,13.87,14.3
"2022-11-01 13:00:00",458,"Site 2",39.10245,-96.59987,335,33.07,36.55,38.93,44.06,44.37,45.17,1342,1608,1792,1393,1647,2109,13.38,12.87,13.33,13.23,13.82,14.33
"2022-11-01 14:00:00",459,"Site 2",39.10245,-96.59987,335,33.07,36.57,38.92,44.04,44.37,45.16,1346,1611,1793,1393,1646,2108,14.21,13.14,13.41,13.22,13.81,14.29
"2022-11-01 15:00:00",460,"Site 2",39.10245,-96.59987,335,33.06,36.59,38.94,44.05,44.37,45.16,1348,1615,1795,1392,1646,2105,14.86,13.44,13.4,13.17,13.81,14.33
"2022-11-01 16:00:00",461,"Site 2",39.10245,-96.59987,335,33.04,36.6,38.95,44.05,44.36,45.16,1350,1621,1798,1392,1645,2105,15.39,13.83,13.44,13.24,13.81,14.3
"2022-11-01 17:00:00",462,"Site 2",39.10245,-96.59987,335,33.05,36.63,38.97,44.06,44.35,45.16,1351,1627,1802,1392,1646,2107,15.61,14.15,13.57,13.17,13.81,14.29
"2022-11-01 18:00:00",463,"Site 2",39.10245,-96.59987,335,33.06,36.66,38.99,44.06,44.35,45.14,1351,1632,1807,1391,1646,2109,15.49,14.42,13.66,13.3,13.81,14.28
"2022-11-01 19:00:00",464,"Site 2",39.10245,-96.59987,335,33.05,36.67,39.01,44.05,44.35,45.14,1349,1635,1809,1391,1646,2109,15.19,14.64,13.8,13.28,13.81,14.31
"2022-11-01 20:00:00",465,"Site 2",39.10245,-96.59987,335,33.05,36.68,39.03,44.06,44.35,45.13,1347,1638,1814,1390,1646,2109,14.73,14.8,13.97,13.36,13.81,14.32
"2022-11-01 21:00:00",466,"Site 2",39.10245,-96.59987,335,33.03,36.69,39.06,44.06,44.36,45.16,1345,1639,1816,1390,1647,2111,14.37,14.8,14.05,13.44,13.82,14.33
"2022-11-01 22:00:00",467,"Site 2",39.10245,-96.59987,335,33.02,36.71,39.06,44.07,44.37,45.13,1345,1638,1816,1390,1647,2112,14.01,14.73,14.14,13.45,13.81,14.32
"2022-11-01 23:00:00",468,"Site 2",39.10245,-96.59987,335,33,36.7,39.08,44.06,44.37,45.13,1343,1637,1818,1391,1647,2113,13.8,14.69,14.23,13.6,13.81,14.35
"2022-11-02 00:00:00",469,"Site 2",39.10245,-96.59987,335,32.97,36.69,39.07,44.07,44.36,45.14,1342,1636,1819,1391,1648,2113,13.61,14.64,14.32,13.58,13.89,14.3
"2022-11-02 01:00:00",470,"Site 2",39.10245,-96.59987,335,32.96,36.71,39.07,44.09,44.34,45.14,1341,1636,1819,1391,1648,2113,13.43,14.46,14.3,13.61,13.98,14.27
"2022-11-02 02:00:00",471,"Site 2",39.10245,-96.59987,335,32.94,36.69,39.08,44.11,44.35,45.15,1341,1633,1819,1391,1648,2113,13.24,14.43,14.32,13.64,14,14.33
"2022-11-02 03:00:00",472,"Site 2",39.10245,-96.59987,335,32.94,36.69,39.08,44.12,44.34,45.15,1340,1632,1819,1391,1649,2113,13.08,14.4,14.29,13.63,14.02,14.3
"2022-11-02 04:00:00",473,"Site 2",39.10245,-96.59987,335,32.92,36.69,39.09,44.09,44.35,45.16,1340,1631,1818,1392,1649,2113,13,14.23,14.29,13.71,14.02,14.29
"2022-11-02 05:00:00",474,"Site 2",39.10245,-96.59987,335,32.9,36.66,39.08,44.09,44.36,45.16,1340,1630,1818,1392,1649,2113,12.89,14.22,14.25,13.68,14.02,14.33
"2022-11-02 06:00:00",475,"Site 2",39.10245,-96.59987,335,32.9,36.68,39.1,44.12,44.37,45.17,1339,1629,1817,1392,1650,2116,12.82,14.13,14.22,13.69,14.02,14.31
"2022-11-02 07:00:00",476,"Site 2",39.10245,-96.59987,335,32.87,36.66,39.1,44.13,44.38,45.18,1339,1628,1816,1392,1650,2116,12.75,14.03,14.15,13.75,14.03,14.32
"2022-11-02 08:00:00",477,"Site 2",39.10245,-96.59987,335,32.86,36.65,39.09,44.12,44.38,45.16,1339,1627,1816,1392,1650,2116,12.74,14.02,14.14,13.73,14.03,14.34
"2022-11-02 09:00:00",478,"Site 2",39.10245,-96.59987,335,32.86,36.64,39.09,44.08,44.38,45.18,1340,1626,1814,1393,1650,2116,12.73,13.96,14.17,13.8,14.03,14.38
"2022-11-02 10:00:00",479,"Site 2",39.10245,-96.59987,335,32.83,36.66,39.07,44.11,44.38,45.17,1341,1625,1814,1393,1650,2114,13,13.86,14.15,13.75,14.06,14.36
"2022-11-02 11:00:00",480,"Site 2",39.10245,-96.59987,335,32.81,36.66,39.08,44.11,44.38,45.16,1342,1623,1812,1393,1649,2112,13.54,13.88,14.14,13.77,14.07,14.43
"2022-11-02 12:00:00",481,"Site 2",39.10245,-96.59987,335,32.8,36.64,39.06,44.15,44.38,45.17,1343,1624,1812,1392,1649,2111,14.15,14.02,14.07,13.68,14.06,14.37
"2022-11-02 13:00:00",482,"Site 2",39.10245,-96.59987,335,32.79,36.66,39.08,44.11,44.36,45.18,1346,1627,1812,1393,1649,2112,14.86,14.17,14.1,13.77,14.09,14.39
"2022-11-02 14:00:00",483,"Site 2",39.10245,-96.59987,335,32.78,36.67,39.06,44.12,44.37,45.16,1350,1629,1814,1393,1648,2109,15.59,14.36,14.14,13.66,14.14,14.44
"2022-11-02 15:00:00",484,"Site 2",39.10245,-96.59987,335,32.78,36.69,39.09,44.12,44.37,45.16,1351,1633,1816,1393,1648,2109,16.04,14.66,14.15,13.76,14.09,14.46
"2022-11-02 16:00:00",485,"Site 2",39.10245,-96.59987,335,32.77,36.71,39.09,44.12,44.36,45.15,1352,1638,1820,1392,1648,2109,16.32,14.92,14.25,13.74,14.17,14.47
"2022-11-02 17:00:00",486,"Site 2",39.10245,-96.59987,335,32.76,36.73,39.11,44.1,44.37,45.16,1354,1645,1823,1393,1649,2113,16.46,15.19,14.32,13.77,14.14,14.46
"2022-11-02 18:00:00",487,"Site 2",39.10245,-96.59987,335,32.76,36.74,39.12,44.12,44.38,45.16,1353,1649,1827,1392,1649,2113,16.24,15.41,14.45,13.8,14.11,14.44
"2022-11-02 19:00:00",488,"Site 2",39.10245,-96.59987,335,32.75,36.76,39.14,44.13,44.37,45.14,1351,1650,1831,1392,1649,2113,15.97,15.51,14.56,13.79,14.17,14.44
"2022-11-02 20:00:00",489,"Site 2",39.10245,-96.59987,335,32.75,36.75,39.15,44.16,44.35,45.15,1351,1652,1833,1392,1650,2116,15.59,15.63,14.67,13.81,14.21,14.46
"2022-11-02 21:00:00",490,"Site 2",39.10245,-96.59987,335,32.73,36.76,39.18,44.13,44.35,45.16,1349,1652,1834,1392,1650,2116,15.34,15.65,14.77,13.93,14.21,14.45
"2022-11-02 22:00:00",491,"Site 2",39.10245,-96.59987,335,32.71,36.79,39.18,44.14,44.36,45.14,1348,1651,1836,1392,1651,2117,15.1,15.55,14.84,14,14.24,14.55
"2022-11-02 23:00:00",492,"Site 2",39.10245,-96.59987,335,32.7,36.78,39.18,44.17,44.38,45.16,1346,1652,1837,1392,1651,2118,14.84,15.48,14.9,14.03,14.23,14.49
"2022-11-03 00:00:00",493,"Site 2",39.10245,-96.59987,335,32.68,36.76,39.18,44.16,44.39,45.16,1346,1654,1841,1392,1653,2123,14.63,15.48,14.91,14.01,14.23,14.5
"2022-11-03 01:00:00",494,"Site 2",39.10245,-96.59987,335,32.68,36.78,39.2,44.17,44.4,45.17,1345,1653,1841,1392,1654,2121,14.48,15.31,14.93,14.16,14.29,14.49
"2022-11-03 02:00:00",495,"Site 2",39.10245,-96.59987,335,32.66,36.76,39.2,44.17,44.39,45.16,1343,1647,1838,1391,1652,2120,14.44,15.27,14.93,14.17,14.35,14.53
"2022-11-03 03:00:00",496,"Site 2",39.10245,-96.59987,335,32.66,36.76,39.2,44.17,44.37,45.17,1344,1645,1836,1392,1652,2118,14.39,15.25,14.93,14.18,14.42,14.52
"2022-11-03 04:00:00",497,"Site 2",39.10245,-96.59987,335,32.66,36.76,39.2,44.19,44.37,45.19,1344,1645,1836,1393,1653,2117,14.26,15.21,14.93,14.2,14.43,14.54
"2022-11-03 05:00:00",498,"Site 2",39.10245,-96.59987,335,32.66,36.77,39.19,44.2,44.37,45.19,1345,1644,1836,1393,1653,2118,14.26,15.09,14.92,14.18,14.45,14.53
"2022-11-03 06:00:00",499,"Site 2",39.10245,-96.59987,335,32.65,36.76,39.2,44.19,44.38,45.18,1344,1644,1836,1393,1653,2121,14.29,15.06,14.92,14.19,14.44,14.56
"2022-11-03 07:00:00",500,"Site 2",39.10245,-96.59987,335,32.62,36.75,39.19,44.2,44.39,45.2,1345,1644,1836,1394,1654,2121,14.38,15.06,14.93,14.19,14.45,14.53
"2022-11-03 08:00:00",501,"Site 2",39.10245,-96.59987,335,32.61,36.74,39.19,44.2,44.4,45.2,1344,1643,1834,1393,1654,2121,14.46,15.06,14.91,14.22,14.45,14.55
"2022-11-03 09:00:00",502,"Site 2",39.10245,-96.59987,335,32.61,36.74,39.19,44.21,44.4,45.17,1345,1642,1835,1393,1654,2120,14.54,15.06,14.92,14.17,14.45,14.61
"2022-11-03 10:00:00",503,"Site 2",39.10245,-96.59987,335,32.61,36.75,39.19,44.22,44.41,45.19,1347,1642,1834,1394,1653,2118,14.81,15.06,14.93,14.2,14.45,14.61
"2022-11-03 11:00:00",504,"Site 2",39.10245,-96.59987,335,32.58,36.76,39.19,44.21,44.42,45.17,1348,1639,1832,1394,1652,2118,15.26,15.07,14.92,14.23,14.45,14.68
"2022-11-03 12:00:00",505,"Site 2",39.10245,-96.59987,335,32.58,36.75,39.19,44.23,44.42,45.16,1351,1638,1832,1395,1651,2113,15.79,15.26,14.94,14.18,14.46,14.68
"2022-11-03 13:00:00",506,"Site 2",39.10245,-96.59987,335,32.56,36.75,39.19,44.23,44.42,45.14,1352,1640,1833,1394,1651,2114,16.27,15.41,14.92,14.17,14.47,14.68
