"TOA5","CR300-23666","CR300","23666","CR300-CELL205.Std.10.02","CPU:Testbed_code_site_2.CR300","5761","Table_CS655"
"TIMESTAMP","RECORD","station","latitude","longitude","altitude","CS655_VWC_5_Avg","CS655_EC_5_Avg","CS655_Temp_5_Avg","CS655_Perm_5_Avg","CS655_PA_5_Avg","CS655_VR_5_Avg","CS655_VWC_20_Avg","CS655_EC_20_Avg","CS655_Temp_20_Avg","CS655_Perm_20_Avg","CS655_PA_20_Avg","CS655_VR_20_Avg","CS655_VWC_40_Avg","CS655_EC_40_Avg","CS655_Temp_40_Avg","CS655_Perm_40_Avg","CS655_PA_40_Avg","CS655_VR_40_Avg"
"TS","RN","name","decdegrees","decdegrees","m","m^3/m^3","dS/m","Deg c","unitless","nSec","unitless","m^3/m^3","dS/m","Deg C","unitless","nSec","unitless","m^3/m^3","dS/m","Deg c","unitless","nSec","unitless"
"","","Smp","Smp","Smp","Smp","Avg","Avg","Avg","Avg","Avg","Avg","Avg","Avg","Avg","Avg","Avg","Avg","Avg","Avg","Avg","Avg","Avg","Avg"
"2022-06-07 19:00:00",0,"Testbed Site 2",39.12561,-96.6388,326,0,0.001,22.74,1.817,1.135,1.001,0,0,22.82,1.004,1.078,1,0,0,22.75,1.054,1.066,1
"2022-06-07 20:00:00",1,"Testbed Site 2",39.12561,-96.6388,326,0,0.001,22.25,1.814,1.135,1.001,0,0,22.56,1,1.077,1,0,0,22.6,1.052,1.066,1
"2022-06-07 21:00:00",2,"Testbed Site 2",39.12561,-96.6388,326,0,0.001,21.84,1.813,1.135,1.001,0,0,22.18,1,1.077,1,0,0,22.28,1.052,1.066,1
"2022-06-07 22:00:00",3,"Testbed Site 2",39.12561,-96.6388,326,0,0.001,21.56,1.813,1.135,1.001,0,0,21.85,1,1.077,1,0,0,21.99,1.052,1.066,1
"2022-06-07 23:00:00",4,"Testbed Site 2",39.12561,-96.6388,326,0,0.001,21.4,1.814,1.135,1.001,0,0,21.6,1,1.077,1,0,0,21.76,1.052,1.066,1
"2022-06-08 00:00:00",5,"Testbed Site 2",39.12561,-96.6388,326,0,0.001,21.62,1.813,1.135,1.001,0,0,21.58,1,1.077,1,0,0,21.67,1.053,1.066,1
"2022-06-08 01:00:00",6,"Testbed Site 2",39.12561,-96.6388,326,0,0.001,21.85,1.814,1.135,1.001,0,0,21.74,1,1.077,1,0,0,21.76,1.053,1.066,1
"2022-06-08 02:00:00",7,"Testbed Site 2",39.12561,-96.6388,326,0,0.001,21.77,1.814,1.135,1.001,0,0,21.77,1,1.077,1,0,0,21.8,1.052,1.066,1
"2022-06-08 03:00:00",8,"Testbed Site 2",39.12561,-96.6388,326,0,0.001,21.72,1.814,1.135,1.001,0,0,21.74,1,1.077,1,0,0,21.79,1.052,1.066,1
"2022-06-08 04:00:00",9,"Testbed Site 2",39.12561,-96.6388,326,0,0.001,21.69,1.813,1.135,1.002,0,0,21.73,1,1.077,1,0,0,21.78,1.052,1.066,1
"2022-06-08 05:00:00",10,"Testbed Site 2",39.12561,-96.6388,326,0,0.001,21.7,1.814,1.135,1.001,0,0,21.71,1,1.077,1,0,0,21.75,1.053,1.066,1
"2022-06-08 06:00:00",11,"Testbed Site 2",39.12561,-96.6388,326,0,0.001,21.69,1.814,1.135,1.001,0,0,21.7,1,1.077,1,0,0,21.75,1.052,1.066,1
"2022-06-08 07:00:00",12,"Testbed Site 2",39.12561,-96.6388,326,0,0.001,21.65,1.814,1.135,1.001,0,0,21.67,1,1.077,1,0,0,21.73,1.053,1.066,1
"2022-06-08 08:00:00",13,"Testbed Site 2",39.12561,-96.6388,326,0,0.001,21.68,1.814,1.135,1.001,0,0,21.66,1,1.077,1,0,0,21.71,1.053,1.066,1
"2022-06-08 09:00:00",14,"Testbed Site 2",39.12561,-96.6388,326,0,0.001,21.93,1.814,1.135,1.001,0,0,21.85,1,1.077,1,0,0,21.8,1.053,1.066,1
"2022-06-08 10:00:00",15,"Testbed Site 2",39.12561,-96.6388,326,0,0.001,22.03,1.815,1.135,1.001,0,0,22,1,1.077,1,0,0,21.92,1.052,1.066,1
"2022-06-08 11:00:00",16,"Testbed Site 2",39.12561,-96.6388,326,0,0.001,22.12,1.814,1.135,1.001,0,0,22.1,1,1.077,1,0,0,22.02,1.053,1.066,1
"2022-06-08 12:00:00",17,"Testbed Site 2",39.12561,-96.6388,326,0,0.001,22.35,1.815,1.135,1.001,0,0,22.26,1,1.077,1,0,0,22.16,1.052,1.066,1
"2022-06-08 13:00:00",18,"Testbed Site 2",39.12561,-96.6388,326,0,0.001,22.49,1.815,1.135,1.001,0,0,22.42,1,1.077,1,0,0,22.29,1.053,1.066,1
"2022-06-08 14:00:00",19,"Testbed Site 2",39.12561,-96.6388,326,0,0.001,22.45,1.814,1.135,1.001,0,0,22.47,1,1.077,1,0,0,22.38,1.053,1.066,1
"2022-06-08 15:00:00",20,"Testbed Site 2",39.12561,-96.6388,326,0,0.001,22.46,1.814,1.135,1.001,0,0,22.48,1,1.077,1,0,0,22.4,1.053,1.066,1
"2022-06-08 16:00:00",21,"Testbed Site 2",39.12561,-96.6388,326,0,0.001,22.47,1.815,1.135,1.001,0,0,22.5,1,1.077,1,0,0,22.42,1.053,1.066,1
"2022-06-08 17:00:00",22,"Testbed Site 2",39.12561,-96.6388,326,0,0.001,22.63,1.816,1.135,1.001,0,0,22.57,1,1.078,1,0,0,22.47,1.057,1.066,1
"2022-06-08 18:00:00",23,"Testbed Site 2",39.12561,-96.6388,326,"NAN","NAN","NAN","NAN","NAN","NAN","NAN","NAN","NAN","NAN","NAN","NAN","NAN","NAN","NAN","NAN","NAN","NAN"
"2022-06-08 19:00:00",24,"Testbed Site 2",39.12561,-96.6388,326,0,0.001,22.62,1.815,1.135,1.001,0,0,22.7,1.019,1.08,1,0,0,22.62,1.07,1.067,1
"2022-06-08 20:00:00",25,"Testbed Site 2",39.12561,-96.6388,326,0,0.001,22.24,1.807,1.134,1.001,0,0,22.46,1.011,1.08,1,0,0,22.51,1.07,1.067,1
"2022-06-08 21:00:00",26,"Testbed Site 2",39.12561,-96.6388,326,0,0.001,22.03,1.795,1.134,1.001,0,0,22.23,1.002,1.079,1,0,0,22.31,1.071,1.067,1
"2022-06-08 22:00:00",27,"Testbed Site 2",39.12561,-96.6388,326,0,0.001,21.9,1.794,1.134,1.001,0,0,22.06,1.002,1.079,1,0,0,22.13,1.07,1.067,1
"2022-06-08 23:00:00",28,"Testbed Site 2",39.12561,-96.6388,326,0,0.001,21.79,1.795,1.134,1.001,0,0,21.93,1.003,1.079,1,0,0,22.02,1.071,1.067,1
"2022-06-09 00:00:00",29,"Testbed Site 2",39.12561,-96.6388,326,0,0.001,21.68,1.795,1.134,1.001,0,0,21.81,1.002,1.079,1,0,0,21.9,1.07,1.067,1
"2022-06-09 01:00:00",30,"Testbed Site 2",39.12561,-96.6388,326,0,0.001,21.57,1.795,1.134,1.001,0,0,21.7,1.002,1.079,1,0,0,21.8,1.07,1.067,1
"2022-06-09 02:00:00",31,"Testbed Site 2",39.12561,-96.6388,326,0,0.001,21.53,1.795,1.134,1.001,0,0,21.62,1.002,1.079,1,0,0,21.71,1.07,1.067,1
"2022-06-09 03:00:00",32,"Testbed Site 2",39.12561,-96.6388,326,0,0.001,21.61,1.796,1.134,1.001,0,0,21.62,1.002,1.079,1,0,0,21.68,1.071,1.067,1
"2022-06-09 04:00:00",33,"Testbed Site 2",39.12561,-96.6388,326,0,0.001,21.61,1.795,1.134,1.001,0,0,21.61,1.002,1.079,1,0,0,21.66,1.071,1.067,1
"2022-06-09 05:00:00",34,"Testbed Site 2",39.12561,-96.6388,326,0,0.001,21.72,1.795,1.134,1.001,0,0,21.69,1.003,1.079,1,0,0,21.7,1.07,1.067,1
"2022-06-09 06:00:00",35,"Testbed Site 2",39.12561,-96.6388,326,0,0.001,21.68,1.795,1.134,1.001,0,0,21.7,1.002,1.079,1,0,0,21.72,1.071,1.067,1
"2022-06-09 07:00:00",36,"Testbed Site 2",39.12561,-96.6388,326,0,0.001,21.64,1.796,1.134,1.001,0,0,21.67,1.003,1.079,1,0,0,21.72,1.07,1.067,1
"2022-06-09 08:00:00",37,"Testbed Site 2",39.12561,-96.6388,326,0,0.001,21.87,1.796,1.134,1.001,0,0,21.77,1.002,1.079,1,0,0,21.75,1.069,1.067,1
"2022-06-09 09:00:00",38,"Testbed Site 2",39.12561,-96.6388,326,0,0.001,22.16,1.796,1.134,1.001,0,0,22.06,1.006,1.08,1,0,0,21.95,1.07,1.067,1
"2022-06-09 10:00:00",39,"Testbed Site 2",39.12561,-96.6388,326,0,0.001,22.26,1.796,1.134,1.001,0,0,22.22,1.021,1.08,1,0,0,22.1,1.07,1.067,1
"2022-06-09 11:00:00",40,"Testbed Site 2",39.12561,-96.6388,326,0,0.001,22.18,1.795,1.134,1.001,0,0,22.21,1.02,1.08,1,0,0,22.17,1.07,1.067,1
"2022-06-09 12:00:00",41,"Testbed Site 2",39.12561,-96.6388,326,0,0.001,21.96,1.796,1.134,1.001,0,0,22.12,1.006,1.08,1,0,0,22.11,1.07,1.067,1
"2022-06-09 13:00:00",42,"Testbed Site 2",39.12561,-96.6388,326,0,0.001,21.67,1.796,1.134,1.001,0,0,21.93,1.002,1.079,1,0,0,21.98,1.07,1.067,1
"2022-06-09 14:00:00",43,"Testbed Site 2",39.12561,-96.6388,326,0,0.001,21.42,1.796,1.134,1.001,0,0,21.66,1.003,1.079,1,0,0,21.76,1.07,1.067,1
"2022-06-09 15:00:00",44,"Testbed Site 2",39.12561,-96.6388,326,0,0.001,21.66,1.796,1.134,1.001,0,0,21.72,1.004,1.079,1,0,0,21.73,1.071,1.067,1
"2022-06-09 16:00:00",45,"Testbed Site 2",39.12561,-96.6388,326,0,0.001,21.64,1.799,1.134,1.001,0,0,21.75,1.058,1.083,1,0,0,21.74,1.037,1.065,1
"2022-06-29 13:00:00",0,"Testbed Site 1",39.12561,-96.6388,326,"NAN","NAN","NAN","NAN","NAN","NAN","NAN","NAN","NAN","NAN","NAN","NAN","NAN","NAN","NAN","NAN","NAN","NAN"
"2022-06-29 14:00:00",1,"Testbed Site 1",39.12561,-96.6388,326,0.244,0.183,38.81,13.06,1.571,1.23,0.45,0.565,38.62,30.8,1.965,1.712,0.448,0.605,39.55,30.56,1.96,1.761
"2022-06-29 15:00:00",2,"Testbed Site 1",39.12561,-96.6388,326,0.243,0.182,37.22,13,1.569,1.229,0.45,0.565,37.48,30.77,1.964,1.712,0.448,0.597,36.31,30.51,1.959,1.751
"2022-06-29 16:00:00",3,"Testbed Site 1",39.12561,-96.6388,326,0.236,0.182,31.58,12.6,1.559,1.228,0.452,0.517,32.06,31.01,1.966,1.651,0.448,0.576,30.92,30.49,1.957,1.724
"2022-06-29 17:00:00",4,"Testbed Site 1",39.12561,-96.6388,326,0.233,0.188,30.76,12.39,1.554,1.237,0.453,0.522,30.42,31.13,1.968,1.658,0.448,0.577,29.32,30.51,1.957,1.725
"2022-07-01 13:00:00",0,"Testbed Site 3",39.10367,-96.60065,335,0.293,0.202,23.13,16.13,1.653,1.25,0.385,0.361,21.49,23.46,1.824,1.462,0.431,0.402,20.33,28.41,1.917,1.498
"2022-07-01 14:00:00",1,"Testbed Site 3",39.10367,-96.60065,335,0.293,0.202,23.04,16.1,1.652,1.249,0.385,0.368,21.56,23.44,1.824,1.472,0.431,0.396,20.3,28.42,1.917,1.491
"2022-07-01 15:00:00",2,"Testbed Site 3",39.10367,-96.60065,335,0.292,0.202,23.13,16.08,1.651,1.25,0.384,0.369,21.61,23.42,1.824,1.472,0.431,0.399,20.32,28.42,1.917,1.494
"2022-07-01 16:00:00",3,"Testbed Site 3",39.10367,-96.60065,335,0.292,0.202,23.4,16.08,1.651,1.251,0.384,0.367,21.64,23.38,1.823,1.47,0.431,0.396,20.34,28.42,1.917,1.491
"2022-07-01 17:00:00",4,"Testbed Site 3",39.10367,-96.60065,335,0.292,0.202,23.52,16.08,1.651,1.251,0.384,0.37,21.69,23.38,1.823,1.474,0.431,0.396,20.32,28.42,1.917,1.49
"2022-07-01 18:00:00",5,"Testbed Site 3",39.10367,-96.60065,335,0.312,0.228,23.21,17.48,1.686,1.283,0.384,0.37,21.73,23.38,1.823,1.474,0.431,0.396,20.32,28.4,1.917,1.491
"2022-07-01 19:00:00",6,"Testbed Site 3",39.10367,-96.60065,335,0.389,0.325,22.72,24.03,1.831,1.403,0.387,0.376,21.79,23.68,1.83,1.482,0.431,0.396,20.33,28.4,1.917,1.491
"2022-07-01 20:00:00",7,"Testbed Site 3",39.10367,-96.60065,335,0.429,0.372,22.3,28.15,1.913,1.462,0.401,0.395,21.86,25.02,1.857,1.506,0.431,0.399,20.36,28.35,1.916,1.495
"2022-07-01 21:00:00",8,"Testbed Site 3",39.10367,-96.60065,335,0.433,0.38,21.89,28.6,1.921,1.472,0.414,0.404,21.86,26.43,1.884,1.518,0.431,0.396,20.37,28.32,1.915,1.491
"2022-07-01 22:00:00",9,"Testbed Site 3",39.10367,-96.60065,335,0.429,0.376,21.75,28.17,1.914,1.468,0.414,0.405,21.77,26.41,1.884,1.519,0.431,0.393,20.4,28.35,1.915,1.487
"2022-07-01 23:00:00",10,"Testbed Site 3",39.10367,-96.60065,335,0.428,0.376,21.7,28.05,1.911,1.467,0.413,0.403,21.7,26.35,1.883,1.517,0.432,0.399,20.42,28.46,1.918,1.495
"2022-07-02 00:00:00",11,"Testbed Site 3",39.10367,-96.60065,335,0.427,0.376,21.62,27.91,1.909,1.467,0.413,0.399,21.62,26.32,1.882,1.512,0.432,0.403,20.44,28.53,1.919,1.5
"2022-07-02 01:00:00",12,"Testbed Site 3",39.10367,-96.60065,335,0.426,0.374,21.59,27.83,1.907,1.465,0.413,0.401,21.55,26.27,1.881,1.515,0.433,0.402,20.42,28.62,1.921,1.499
"2022-07-02 02:00:00",13,"Testbed Site 3",39.10367,-96.60065,335,0.43,0.38,21.56,28.31,1.916,1.472,0.412,0.398,21.49,26.26,1.881,1.51,0.434,0.404,20.47,28.7,1.922,1.501
"2022-07-02 03:00:00",14,"Testbed Site 3",39.10367,-96.60065,335,0.44,0.393,21.51,29.42,1.937,1.488,0.418,0.401,21.44,26.84,1.892,1.514,0.434,0.408,20.45,28.71,1.923,1.506
"2022-07-02 04:00:00",15,"Testbed Site 3",39.10367,-96.60065,335,0.442,0.398,21.46,29.79,1.944,1.495,0.42,0.41,21.41,27.14,1.898,1.525,0.434,0.411,20.46,28.78,1.924,1.509
"2022-07-02 05:00:00",16,"Testbed Site 3",39.10367,-96.60065,335,0.442,0.402,21.33,29.76,1.943,1.499,0.421,0.41,21.37,27.2,1.899,1.525,0.436,0.421,20.48,29.01,1.929,1.522
"2022-07-02 06:00:00",17,"Testbed Site 3",39.10367,-96.60065,335,0.444,0.408,21.25,30.03,1.948,1.507,0.422,0.411,21.33,27.28,1.9,1.527,0.439,0.421,20.48,29.31,1.934,1.522
"2022-07-02 07:00:00",18,"Testbed Site 3",39.10367,-96.60065,335,0.444,0.411,21.17,29.98,1.947,1.512,0.422,0.412,21.29,27.38,1.902,1.528,0.445,0.426,20.5,30.08,1.948,1.529
"2022-07-02 08:00:00",19,"Testbed Site 3",39.10367,-96.60065,335,0.44,0.407,21.13,29.5,1.939,1.506,0.421,0.41,21.24,27.24,1.9,1.526,0.449,0.429,20.5,30.62,1.957,1.532
"2022-07-02 09:00:00",20,"Testbed Site 3",39.10367,-96.60065,335,0.438,0.404,21.16,29.23,1.934,1.502,0.42,0.408,21.19,27.12,1.897,1.523,0.451,0.43,20.51,30.89,1.962,1.533
"2022-07-02 10:00:00",21,"Testbed Site 3",39.10367,-96.60065,335,0.436,0.401,21.31,29.05,1.931,1.499,0.42,0.408,21.17,27.08,1.897,1.523,0.452,0.43,20.51,30.98,1.964,1.533
"2022-07-02 11:00:00",22,"Testbed Site 3",39.10367,-96.60065,335,0.436,0.4,21.45,28.93,1.928,1.497,0.419,0.407,21.13,27.02,1.895,1.522,0.452,0.43,20.49,31.02,1.964,1.533
"2022-07-02 12:00:00",23,"Testbed Site 3",39.10367,-96.60065,335,0.435,0.399,21.73,28.82,1.926,1.497,0.419,0.403,21.14,26.97,1.894,1.517,0.452,0.43,20.49,31.02,1.964,1.533
"2022-07-02 13:00:00",24,"Testbed Site 3",39.10367,-96.60065,335,0.434,0.399,22.05,28.7,1.924,1.496,0.418,0.407,21.12,26.88,1.893,1.522,0.452,0.433,20.48,31.02,1.964,1.537
"2022-07-02 14:00:00",25,"Testbed Site 3",39.10367,-96.60065,335,0.433,0.398,22.37,28.64,1.923,1.494,0.418,0.403,21.14,26.83,1.892,1.517,0.452,0.425,20.44,31.03,1.964,1.528
"2022-07-02 15:00:00",26,"Testbed Site 3",39.10367,-96.60065,335,0.433,0.399,22.5,28.56,1.921,1.495,0.417,0.407,21.2,26.78,1.891,1.522,0.452,0.426,20.41,31.03,1.964,1.528
"2022-07-02 16:00:00",27,"Testbed Site 3",39.10367,-96.60065,335,0.432,0.399,22.55,28.49,1.92,1.496,0.417,0.409,21.26,26.78,1.891,1.524,0.452,0.432,20.43,31.02,1.964,1.536
"2022-07-02 17:00:00",28,"Testbed Site 3",39.10367,-96.60065,335,0.432,0.4,22.77,28.45,1.92,1.497,0.417,0.409,21.32,26.75,1.891,1.525,0.452,0.435,20.45,31.01,1.964,1.54
"2022-07-02 18:00:00",29,"Testbed Site 3",39.10367,-96.60065,335,0.431,0.402,23.18,28.4,1.919,1.5,0.417,0.41,21.38,26.71,1.89,1.526,0.452,0.428,20.4,31.03,1.964,1.531
"2022-07-02 19:00:00",30,"Testbed Site 3",39.10367,-96.60065,335,0.431,0.403,23.27,28.36,1.918,1.501,0.417,0.411,21.44,26.71,1.89,1.527,0.452,0.428,20.4,31.03,1.964,1.531
"2022-07-02 20:00:00",31,"Testbed Site 3",39.10367,-96.60065,335,0.43,0.402,23.04,28.3,1.917,1.5,0.417,0.412,21.53,26.71,1.89,1.529,0.452,0.425,20.4,31.03,1.964,1.527
"2022-07-02 21:00:00",32,"Testbed Site 3",39.10367,-96.60065,335,0.43,0.393,22.72,28.3,1.917,1.489,0.417,0.41,21.59,26.71,1.89,1.525,0.452,0.432,20.42,31.02,1.964,1.535
"2022-07-02 22:00:00",33,"Testbed Site 3",39.10367,-96.60065,335,0.43,0.398,22.46,28.25,1.916,1.495,0.416,0.413,21.61,26.7,1.89,1.53,0.452,0.428,20.42,31.03,1.964,1.531
"2022-07-02 23:00:00",34,"Testbed Site 3",39.10367,-96.60065,335,0.429,0.394,22.21,28.19,1.915,1.49,0.416,0.414,21.63,26.66,1.889,1.531,0.452,0.432,20.42,31.02,1.964,1.536
"2022-07-03 00:00:00",35,"Testbed Site 3",39.10367,-96.60065,335,0.429,0.392,22,28.16,1.914,1.488,0.415,0.413,21.6,26.56,1.887,1.53,0.452,0.425,20.42,31.03,1.964,1.527
"2022-07-03 01:00:00",36,"Testbed Site 3",39.10367,-96.60065,335,0.429,0.393,21.87,28.13,1.914,1.489,0.415,0.413,21.58,26.52,1.886,1.53,0.452,0.428,20.44,31.03,1.964,1.531
"2022-07-03 02:00:00",37,"Testbed Site 3",39.10367,-96.60065,335,0.429,0.392,21.76,28.12,1.913,1.488,0.415,0.413,21.52,26.52,1.886,1.529,0.452,0.432,20.43,31.02,1.964,1.536
"2022-07-03 03:00:00",38,"Testbed Site 3",39.10367,-96.60065,335,0.428,0.392,21.67,28.07,1.912,1.487,0.415,0.406,21.49,26.54,1.886,1.521,0.452,0.428,20.46,31.03,1.964,1.531
"2022-07-03 04:00:00",39,"Testbed Site 3",39.10367,-96.60065,335,0.428,0.391,21.48,28.06,1.912,1.485,0.415,0.409,21.44,26.53,1.886,1.525,0.452,0.428,20.46,31.03,1.964,1.531
"2022-07-03 05:00:00",40,"Testbed Site 3",39.10367,-96.60065,335,0.428,0.389,21.39,28.02,1.911,1.484,0.415,0.41,21.41,26.53,1.886,1.525,0.452,0.429,20.47,31.03,1.964,1.532
"2022-07-03 06:00:00",41,"Testbed Site 3",39.10367,-96.60065,335,0.428,0.389,21.4,28.02,1.911,1.483,0.414,0.413,21.35,26.48,1.886,1.529,0.452,0.432,20.48,31.02,1.964,1.536
"2022-07-03 07:00:00",42,"Testbed Site 3",39.10367,-96.60065,335,0.428,0.389,21.52,28.02,1.911,1.484,0.414,0.409,21.31,26.47,1.885,1.525,0.452,0.436,20.46,31.06,1.965,1.54
"2022-07-03 08:00:00",43,"Testbed Site 3",39.10367,-96.60065,335,0.428,0.387,21.7,28.02,1.911,1.482,0.414,0.409,21.27,26.47,1.885,1.525,0.452,0.432,20.46,31.08,1.966,1.536
"2022-07-03 09:00:00",44,"Testbed Site 3",39.10367,-96.60065,335,0.428,0.391,21.93,28.02,1.911,1.486,0.414,0.412,21.26,26.47,1.885,1.529,0.453,0.425,20.44,31.1,1.966,1.527
"2022-07-03 10:00:00",45,"Testbed Site 3",39.10367,-96.60065,335,0.428,0.391,22.23,28,1.911,1.486,0.414,0.413,21.26,26.46,1.885,1.529,0.452,0.432,20.46,31.06,1.965,1.536
"2022-07-03 11:00:00",46,"Testbed Site 3",39.10367,-96.60065,335,0.427,0.392,22.69,27.95,1.91,1.487,0.414,0.413,21.28,26.46,1.885,1.53,0.452,0.432,20.44,31.02,1.964,1.536
"2022-07-03 12:00:00",47,"Testbed Site 3",39.10367,-96.60065,335,0.427,0.393,23.19,27.91,1.909,1.488,0.414,0.411,21.33,26.47,1.885,1.526,0.452,0.424,20.44,31.03,1.964,1.526
"2022-07-03 13:00:00",48,"Testbed Site 3",39.10367,-96.60065,335,0.427,0.392,24.11,27.85,1.908,1.487,0.414,0.414,21.42,26.46,1.885,1.531,0.452,0.431,20.45,31.02,1.964,1.535
"2022-07-03 14:00:00",49,"Testbed Site 3",39.10367,-96.60065,335,0.426,0.397,24.79,27.78,1.907,1.494,0.414,0.412,21.53,26.47,1.885,1.529,0.452,0.428,20.44,31.03,1.964,1.53
"2022-07-03 15:00:00",50,"Testbed Site 3",39.10367,-96.60065,335,0.425,0.395,24.88,27.64,1.905,1.491,0.414,0.413,21.69,26.46,1.885,1.53,0.452,0.424,20.41,31.03,1.964,1.526
"2022-07-03 16:00:00",51,"Testbed Site 3",39.10367,-96.60065,335,0.423,0.395,24.96,27.49,1.902,1.491,0.414,0.419,21.88,26.45,1.885,1.537,0.452,0.428,20.43,31.03,1.964,1.53
"2022-07-03 17:00:00",52,"Testbed Site 3",39.10367,-96.60065,335,0.422,0.391,25.05,27.36,1.899,1.486,0.414,0.417,22.02,26.45,1.885,1.534,0.452,0.424,20.43,30.99,1.964,1.526
"2022-07-03 18:00:00",53,"Testbed Site 3",39.10367,-96.60065,335,0.421,0.389,24.91,27.24,1.897,1.484,0.414,0.421,22.17,26.44,1.885,1.54,0.451,0.428,20.46,30.96,1.963,1.531
"2022-07-03 19:00:00",54,"Testbed Site 3",39.10367,-96.60065,335,0.42,0.392,24.87,27.16,1.895,1.487,0.414,0.418,22.3,26.45,1.885,1.537,0.451,0.428,20.48,30.96,1.963,1.531
"2022-07-03 20:00:00",55,"Testbed Site 3",39.10367,-96.60065,335,0.42,0.391,24.77,27.12,1.895,1.486,0.414,0.416,22.36,26.45,1.885,1.534,0.451,0.428,20.49,30.96,1.963,1.531
"2022-07-03 21:00:00",56,"Testbed Site 3",39.10367,-96.60065,335,0.419,0.38,24.25,27.02,1.892,1.472,0.414,0.423,22.44,26.43,1.885,1.543,0.452,0.429,20.53,31.03,1.964,1.532
"2022-07-03 22:00:00",57,"Testbed Site 3",39.10367,-96.60065,335,0.418,0.38,23.71,26.92,1.891,1.472,0.414,0.42,22.49,26.44,1.885,1.539,0.452,0.432,20.55,31.02,1.964,1.536
"2022-07-03 23:00:00",58,"Testbed Site 3",39.10367,-96.60065,335,0.418,0.377,23.46,26.85,1.889,1.469,0.414,0.42,22.48,26.44,1.885,1.538,0.452,0.432,20.61,31.02,1.964,1.536
"2022-07-04 00:00:00",59,"Testbed Site 3",39.10367,-96.60065,335,0.417,0.373,23.28,26.8,1.888,1.464,0.414,0.423,22.45,26.44,1.885,1.542,0.452,0.433,20.62,31.02,1.964,1.537
"2022-07-04 01:00:00",60,"Testbed Site 3",39.10367,-96.60065,335,0.417,0.372,23.12,26.74,1.887,1.463,0.414,0.412,22.41,26.47,1.885,1.528,0.452,0.433,20.64,31.02,1.964,1.537
"2022-07-04 02:00:00",61,"Testbed Site 3",39.10367,-96.60065,335,0.416,0.368,22.98,26.67,1.885,1.457,0.414,0.418,22.36,26.45,1.885,1.536,0.452,0.43,20.66,31.02,1.964,1.533
"2022-07-04 03:00:00",62,"Testbed Site 3",39.10367,-96.60065,335,0.416,0.365,22.9,26.62,1.884,1.453,0.414,0.42,22.32,26.42,1.885,1.539,0.452,0.426,20.69,31.03,1.964,1.529
"2022-07-04 04:00:00",63,"Testbed Site 3",39.10367,-96.60065,335,0.415,0.364,22.82,26.58,1.883,1.452,0.414,0.415,22.26,26.4,1.884,1.532,0.452,0.433,20.72,31.02,1.964,1.538
"2022-07-04 05:00:00",64,"Testbed Site 3",39.10367,-96.60065,335,0.415,0.363,22.76,26.54,1.883,1.451,0.414,0.415,22.21,26.4,1.884,1.532,0.452,0.427,20.73,31.03,1.964,1.529
"2022-07-04 06:00:00",65,"Testbed Site 3",39.10367,-96.60065,335,0.415,0.363,22.67,26.5,1.882,1.451,0.414,0.41,22.17,26.41,1.884,1.526,0.452,0.427,20.74,31.03,1.964,1.529
"2022-07-04 07:00:00",66,"Testbed Site 3",39.10367,-96.60065,335,0.414,0.359,22.64,26.45,1.881,1.447,0.414,0.414,22.13,26.4,1.884,1.531,0.452,0.437,20.79,31.01,1.964,1.542
"2022-07-04 08:00:00",67,"Testbed Site 3",39.10367,-96.60065,335,0.413,0.36,22.72,26.37,1.879,1.447,0.413,0.417,22.1,26.37,1.884,1.534,0.452,0.437,20.77,31.01,1.964,1.542
"2022-07-04 09:00:00",68,"Testbed Site 3",39.10367,-96.60065,335,0.413,0.359,22.96,26.29,1.878,1.446,0.413,0.415,22.09,26.34,1.883,1.532,0.452,0.437,20.79,31.01,1.964,1.542
"2022-07-04 10:00:00",69,"Testbed Site 3",39.10367,-96.60065,335,0.412,0.359,23.28,26.19,1.876,1.445,0.413,0.412,22.06,26.35,1.883,1.528,0.452,0.437,20.78,31.01,1.964,1.543
"2022-07-04 11:00:00",70,"Testbed Site 3",39.10367,-96.60065,335,0.411,0.357,23.63,26.12,1.874,1.443,0.413,0.414,22.08,26.32,1.883,1.531,0.451,0.437,20.78,30.97,1.964,1.543
"2022-07-04 12:00:00",71,"Testbed Site 3",39.10367,-96.60065,335,0.41,0.354,24.18,26.02,1.873,1.44,0.413,0.407,22.1,26.3,1.882,1.522,0.451,0.437,20.8,30.95,1.963,1.542
"2022-07-04 13:00:00",72,"Testbed Site 3",39.10367,-96.60065,335,0.409,0.357,25,25.92,1.871,1.443,0.413,0.411,22.19,26.29,1.882,1.527,0.451,0.437,20.81,30.94,1.963,1.542
"2022-07-04 14:00:00",73,"Testbed Site 3",39.10367,-96.60065,335,0.408,0.362,25.87,25.83,1.869,1.45,0.413,0.415,22.3,26.28,1.882,1.532,0.451,0.437,20.83,30.92,1.963,1.542
"2022-07-04 15:00:00",74,"Testbed Site 3",39.10367,-96.60065,335,0.407,0.359,25.73,25.68,1.866,1.446,0.413,0.413,22.45,26.28,1.882,1.529,0.451,0.437,20.79,30.88,1.962,1.542
"2022-07-04 16:00:00",75,"Testbed Site 3",39.10367,-96.60065,335,0.406,0.363,25.55,25.53,1.863,1.451,0.413,0.413,22.63,26.28,1.882,1.53,0.451,0.437,20.83,30.88,1.962,1.542
"2022-07-04 17:00:00",76,"Testbed Site 3",39.10367,-96.60065,335,0.404,0.361,25.61,25.4,1.861,1.448,0.413,0.411,22.76,26.29,1.882,1.527,0.451,0.437,20.83,30.88,1.962,1.542
"2022-07-04 18:00:00",77,"Testbed Site 3",39.10367,-96.60065,335,0.403,0.355,25.69,25.29,1.859,1.442,0.413,0.415,22.87,26.28,1.882,1.532,0.451,0.436,20.85,30.88,1.962,1.541
"2022-07-04 19:00:00",78,"Testbed Site 3",39.10367,-96.60065,335,0.403,0.357,25.61,25.23,1.857,1.444,0.413,0.416,22.96,26.28,1.882,1.533,0.451,0.437,20.87,30.88,1.962,1.542
"2022-07-04 20:00:00",79,"Testbed Site 3",39.10367,-96.60065,335,0.402,0.357,25.29,25.13,1.856,1.444,0.413,0.416,23.05,26.27,1.882,1.534,0.451,0.437,20.9,30.88,1.962,1.542
"2022-07-04 21:00:00",80,"Testbed Site 3",39.10367,-96.60065,335,0.401,0.353,24.95,25.07,1.854,1.439,0.413,0.417,23.13,26.27,1.882,1.534,0.451,0.437,20.95,30.88,1.962,1.542
"2022-07-04 22:00:00",81,"Testbed Site 3",39.10367,-96.60065,335,0.4,0.355,24.67,24.98,1.853,1.441,0.413,0.416,23.14,26.27,1.882,1.534,0.451,0.438,20.95,30.88,1.962,1.543
"2022-07-04 23:00:00",82,"Testbed Site 3",39.10367,-96.60065,335,0.4,0.352,24.41,24.93,1.851,1.438,0.413,0.416,23.14,26.27,1.882,1.534,0.451,0.438,20.99,30.88,1.962,1.543
"2022-07-05 00:00:00",83,"Testbed Site 3",39.10367,-96.60065,335,0.4,0.351,24.14,24.92,1.851,1.436,0.412,0.419,23.12,26.22,1.881,1.538,0.451,0.438,21.03,30.88,1.962,1.544
"2022-07-05 01:00:00",84,"Testbed Site 3",39.10367,-96.60065,335,0.399,0.348,23.94,24.87,1.85,1.432,0.412,0.415,23.09,26.22,1.881,1.532,0.451,0.438,21.08,30.88,1.962,1.544
"2022-07-05 02:00:00",85,"Testbed Site 3",39.10367,-96.60065,335,0.398,0.346,23.7,24.77,1.848,1.43,0.412,0.414,23.05,26.22,1.881,1.531,0.451,0.438,21.08,30.88,1.962,1.544
"2022-07-05 03:00:00",86,"Testbed Site 3",39.10367,-96.60065,335,0.398,0.346,23.52,24.72,1.847,1.43,0.412,0.418,23,26.21,1.881,1.536,0.451,0.439,21.11,30.88,1.962,1.544
"2022-07-05 04:00:00",87,"Testbed Site 3",39.10367,-96.60065,335,0.397,0.345,23.36,24.66,1.846,1.428,0.412,0.416,22.95,26.21,1.881,1.534,0.451,0.439,21.14,30.94,1.963,1.545
"2022-07-05 05:00:00",88,"Testbed Site 3",39.10367,-96.60065,335,0.397,0.343,23.2,24.67,1.846,1.426,0.411,0.413,22.86,26.16,1.88,1.53,0.451,0.439,21.18,30.88,1.962,1.545
"2022-07-05 06:00:00",89,"Testbed Site 3",39.10367,-96.60065,335,0.397,0.342,23.06,24.63,1.845,1.425,0.411,0.412,22.81,26.16,1.88,1.529,0.451,0.44,21.18,30.94,1.963,1.546
"2022-07-05 07:00:00",90,"Testbed Site 3",39.10367,-96.60065,335,0.396,0.341,23.02,24.58,1.844,1.423,0.411,0.415,22.77,26.16,1.88,1.532,0.451,0.44,21.19,30.94,1.963,1.546
"2022-07-05 08:00:00",91,"Testbed Site 3",39.10367,-96.60065,335,0.395,0.338,23.13,24.49,1.842,1.42,0.411,0.407,22.67,26.12,1.879,1.522,0.451,0.44,21.21,30.9,1.963,1.546
"2022-07-05 09:00:00",92,"Testbed Site 3",39.10367,-96.60065,335,0.395,0.337,23.49,24.41,1.84,1.419,0.411,0.41,22.63,26.11,1.879,1.525,0.451,0.44,21.21,30.87,1.962,1.546
"2022-07-05 10:00:00",93,"Testbed Site 3",39.10367,-96.60065,335,0.394,0.342,23.88,24.34,1.839,1.425,0.411,0.412,22.63,26.06,1.878,1.529,0.451,0.44,21.23,30.87,1.962,1.545
"2022-07-05 11:00:00",94,"Testbed Site 3",39.10367,-96.60065,335,0.394,0.341,24.33,24.33,1.839,1.424,0.411,0.406,22.62,26.06,1.877,1.521,0.45,0.439,21.24,30.83,1.961,1.545
"2022-07-05 12:00:00",95,"Testbed Site 3",39.10367,-96.60065,335,0.393,0.345,24.94,24.24,1.837,1.428,0.411,0.409,22.67,26.05,1.877,1.525,0.45,0.439,21.23,30.81,1.961,1.545
"2022-07-05 13:00:00",96,"Testbed Site 3",39.10367,-96.60065,335,0.392,0.346,25.81,24.16,1.836,1.43,0.41,0.407,22.75,26.04,1.877,1.521,0.45,0.439,21.23,30.81,1.961,1.545
"2022-07-05 14:00:00",97,"Testbed Site 3",39.10367,-96.60065,335,0.391,0.352,26.91,24.07,1.834,1.437,0.41,0.41,22.88,25.99,1.876,1.526,0.45,0.439,21.22,30.81,1.961,1.544
"2022-07-05 15:00:00",98,"Testbed Site 3",39.10367,-96.60065,335,0.39,0.351,26.93,23.99,1.833,1.436,0.41,0.408,23.06,26,1.876,1.524,0.45,0.439,21.24,30.75,1.96,1.544
"2022-07-05 16:00:00",99,"Testbed Site 3",39.10367,-96.60065,335,0.389,0.35,26.73,23.84,1.83,1.434,0.41,0.41,23.25,25.99,1.876,1.525,0.45,0.439,21.23,30.77,1.96,1.545
"2022-07-05 17:00:00",100,"Testbed Site 3",39.10367,-96.60065,335,0.388,0.349,26.69,23.73,1.828,1.434,0.41,0.415,23.42,25.98,1.876,1.532,0.45,0.439,21.25,30.75,1.96,1.545
"2022-07-05 18:00:00",101,"Testbed Site 3",39.10367,-96.60065,335,0.387,0.347,26.82,23.64,1.826,1.431,0.41,0.419,23.55,25.97,1.876,1.537,0.45,0.439,21.27,30.75,1.96,1.544
"2022-07-05 19:00:00",102,"Testbed Site 3",39.10367,-96.60065,335,0.386,0.347,26.78,23.56,1.824,1.431,0.41,0.416,23.68,25.97,1.876,1.534,0.45,0.439,21.3,30.75,1.96,1.545
"2022-07-05 20:00:00",103,"Testbed Site 3",39.10367,-96.60065,335,0.385,0.35,26.49,23.48,1.823,1.435,0.41,0.417,23.75,25.97,1.876,1.535,0.45,0.439,21.33,30.75,1.96,1.544
"2022-07-05 21:00:00",104,"Testbed Site 3",39.10367,-96.60065,335,0.385,0.345,26.13,23.44,1.822,1.429,0.41,0.418,23.82,25.97,1.876,1.536,0.45,0.439,21.36,30.75,1.96,1.545
"2022-07-05 22:00:00",105,"Testbed Site 3",39.10367,-96.60065,335,0.384,0.345,25.74,23.4,1.821,1.428,0.41,0.418,23.87,25.97,1.876,1.536,0.45,0.439,21.38,30.75,1.96,1.545
"2022-07-05 23:00:00",106,"Testbed Site 3",39.10367,-96.60065,335,0.384,0.343,25.47,23.35,1.82,1.425,0.41,0.415,23.87,25.98,1.876,1.532,0.45,0.44,21.42,30.74,1.96,1.546
"2022-07-06 00:00:00",107,"Testbed Site 3",39.10367,-96.60065,335,0.383,0.342,25.26,23.31,1.819,1.425,0.41,0.415,23.85,25.98,1.876,1.532,0.45,0.44,21.46,30.74,1.96,1.546
"2022-07-06 01:00:00",108,"Testbed Site 3",39.10367,-96.60065,335,0.383,0.337,25.04,23.27,1.818,1.419,0.41,0.421,23.82,25.96,1.876,1.54,0.45,0.441,21.5,30.81,1.961,1.547
"2022-07-06 02:00:00",109,"Testbed Site 3",39.10367,-96.60065,335,0.376,0.32,24.9,22.62,1.804,1.397,0.41,0.414,23.79,25.96,1.876,1.531,0.45,0.441,21.54,30.78,1.961,1.548
"2022-07-06 03:00:00",110,"Testbed Site 3",39.10367,-96.60065,335,0.363,0.287,24.51,21.47,1.778,1.356,0.409,0.417,23.73,25.91,1.875,1.535,0.45,0.441,21.56,30.74,1.96,1.547
"2022-07-06 04:00:00",111,"Testbed Site 3",39.10367,-96.60065,335,0.363,0.287,24.21,21.45,1.778,1.356,0.409,0.416,23.67,25.91,1.875,1.534,0.45,0.441,21.58,30.74,1.96,1.548
"2022-07-06 05:00:00",112,"Testbed Site 3",39.10367,-96.60065,335,0.362,0.285,24.06,21.42,1.777,1.354,0.409,0.413,23.61,25.92,1.875,1.529,0.45,0.442,21.61,30.74,1.96,1.548
"2022-07-06 06:00:00",113,"Testbed Site 3",39.10367,-96.60065,335,0.362,0.285,23.95,21.42,1.777,1.353,0.409,0.416,23.53,25.92,1.875,1.533,0.45,0.441,21.63,30.74,1.96,1.548
"2022-07-06 07:00:00",114,"Testbed Site 3",39.10367,-96.60065,335,0.362,0.283,23.88,21.37,1.776,1.351,0.409,0.411,23.46,25.91,1.875,1.527,0.45,0.442,21.64,30.74,1.96,1.548
"2022-07-06 08:00:00",115,"Testbed Site 3",39.10367,-96.60065,335,0.362,0.281,23.84,21.37,1.776,1.349,0.409,0.418,23.41,25.85,1.874,1.536,0.45,0.442,21.66,30.74,1.96,1.549
"2022-07-06 09:00:00",116,"Testbed Site 3",39.10367,-96.60065,335,0.362,0.285,23.84,21.35,1.775,1.353,0.409,0.417,23.35,25.85,1.874,1.535,0.45,0.439,21.66,30.75,1.96,1.544
"2022-07-06 10:00:00",117,"Testbed Site 3",39.10367,-96.60065,335,0.361,0.282,24,21.3,1.774,1.35,0.409,0.412,23.3,25.87,1.874,1.528,0.45,0.431,21.65,30.76,1.96,1.535
"2022-07-06 11:00:00",118,"Testbed Site 3",39.10367,-96.60065,335,0.361,0.282,24.89,21.27,1.773,1.349,0.408,0.411,23.25,25.81,1.873,1.526,0.45,0.435,21.67,30.75,1.96,1.54
"2022-07-06 12:00:00",119,"Testbed Site 3",39.10367,-96.60065,335,0.36,0.283,26.54,21.26,1.773,1.351,0.408,0.404,23.23,25.83,1.873,1.518,0.45,0.441,21.67,30.74,1.96,1.548
"2022-07-06 13:00:00",120,"Testbed Site 3",39.10367,-96.60065,335,0.36,0.287,28.39,21.25,1.773,1.356,0.408,0.41,23.32,25.81,1.873,1.526,0.45,0.441,21.68,30.74,1.96,1.548
"2022-07-06 14:00:00",121,"Testbed Site 3",39.10367,-96.60065,335,0.36,0.295,29.75,21.24,1.774,1.366,0.408,0.412,23.48,25.81,1.873,1.528,0.449,0.441,21.67,30.68,1.959,1.548
"2022-07-06 15:00:00",122,"Testbed Site 3",39.10367,-96.60065,335,0.359,0.297,28.47,21.17,1.772,1.368,0.408,0.413,23.71,25.8,1.873,1.53,0.449,0.441,21.68,30.68,1.959,1.548
"2022-07-06 16:00:00",123,"Testbed Site 3",39.10367,-96.60065,335,0.359,0.296,28,21.1,1.771,1.368,0.408,0.415,23.89,25.8,1.873,1.532,0.449,0.441,21.68,30.68,1.959,1.547
"2022-07-06 17:00:00",124,"Testbed Site 3",39.10367,-96.60065,335,0.358,0.295,27.3,21.03,1.769,1.366,0.408,0.416,23.98,25.79,1.873,1.534,0.449,0.441,21.69,30.68,1.959,1.547
"2022-07-06 18:00:00",125,"Testbed Site 3",39.10367,-96.60065,335,0.357,0.294,27.28,20.94,1.767,1.365,0.408,0.417,24.06,25.77,1.873,1.534,0.449,0.441,21.71,30.63,1.958,1.547
"2022-07-06 19:00:00",126,"Testbed Site 3",39.10367,-96.60065,335,0.356,0.29,26.42,20.88,1.766,1.36,0.408,0.411,24.1,25.75,1.872,1.526,0.449,0.441,21.72,30.61,1.958,1.547
"2022-07-06 20:00:00",127,"Testbed Site 3",39.10367,-96.60065,335,0.356,0.287,25.81,20.86,1.765,1.356,0.408,0.414,24.12,25.74,1.872,1.531,0.449,0.442,21.75,30.63,1.958,1.548
"2022-07-06 21:00:00",128,"Testbed Site 3",39.10367,-96.60065,335,0.355,0.285,25.42,20.81,1.764,1.354,0.407,0.418,24.09,25.73,1.872,1.536,0.449,0.442,21.76,30.68,1.959,1.548
"2022-07-06 22:00:00",129,"Testbed Site 3",39.10367,-96.60065,335,0.355,0.284,25.18,20.78,1.763,1.352,0.407,0.417,24.04,25.73,1.872,1.535,0.449,0.442,21.79,30.67,1.959,1.548
"2022-07-06 23:00:00",130,"Testbed Site 3",39.10367,-96.60065,335,0.354,0.283,25.03,20.73,1.762,1.351,0.408,0.411,23.98,25.75,1.872,1.527,0.449,0.443,21.82,30.67,1.959,1.549
"2022-07-07 00:00:00",131,"Testbed Site 3",39.10367,-96.60065,335,0.354,0.281,24.92,20.71,1.762,1.349,0.407,0.41,23.92,25.71,1.871,1.526,0.449,0.443,21.84,30.67,1.959,1.549
"2022-07-07 01:00:00",132,"Testbed Site 3",39.10367,-96.60065,335,0.354,0.282,24.56,20.68,1.761,1.35,0.407,0.416,23.88,25.68,1.871,1.534,0.449,0.443,21.86,30.67,1.959,1.549
"2022-07-07 02:00:00",133,"Testbed Site 3",39.10367,-96.60065,335,0.353,0.283,24.32,20.64,1.76,1.351,0.407,0.413,23.82,25.69,1.871,1.529,0.449,0.442,21.86,30.67,1.959,1.549
"2022-07-07 03:00:00",134,"Testbed Site 3",39.10367,-96.60065,335,0.353,0.282,24.21,20.62,1.76,1.35,0.407,0.412,23.75,25.69,1.871,1.528,0.449,0.443,21.89,30.67,1.959,1.55
"2022-07-07 04:00:00",135,"Testbed Site 3",39.10367,-96.60065,335,0.353,0.28,24.01,20.63,1.76,1.347,0.407,0.415,23.68,25.66,1.87,1.532,0.449,0.443,21.9,30.67,1.959,1.55
"2022-07-07 05:00:00",136,"Testbed Site 3",39.10367,-96.60065,335,0.352,0.28,23.82,20.58,1.759,1.348,0.406,0.414,23.62,25.62,1.87,1.531,0.449,0.443,21.9,30.67,1.959,1.55
"2022-07-07 06:00:00",137,"Testbed Site 3",39.10367,-96.60065,335,0.353,0.279,23.76,20.58,1.759,1.346,0.406,0.417,23.55,25.61,1.87,1.535,0.449,0.443,21.92,30.67,1.959,1.55
"2022-07-07 07:00:00",138,"Testbed Site 3",39.10367,-96.60065,335,0.353,0.279,23.7,20.58,1.759,1.346,0.406,0.413,23.48,25.63,1.87,1.53,0.449,0.444,21.91,30.67,1.959,1.55
"2022-07-07 08:00:00",139,"Testbed Site 3",39.10367,-96.60065,335,0.353,0.277,23.72,20.59,1.759,1.344,0.407,0.412,23.43,25.67,1.87,1.529,0.449,0.443,21.92,30.67,1.959,1.55
"2022-07-07 09:00:00",140,"Testbed Site 3",39.10367,-96.60065,335,0.353,0.277,24.24,20.59,1.759,1.344,0.406,0.412,23.37,25.61,1.869,1.528,0.449,0.444,21.92,30.67,1.959,1.55
"2022-07-07 10:00:00",141,"Testbed Site 3",39.10367,-96.60065,335,0.352,0.277,24.59,20.53,1.758,1.343,0.406,0.407,23.34,25.58,1.868,1.522,0.449,0.443,21.9,30.65,1.958,1.55
"2022-07-07 11:00:00",142,"Testbed Site 3",39.10367,-96.60065,335,0.352,0.277,25.05,20.51,1.757,1.344,0.406,0.407,23.34,25.58,1.868,1.522,0.449,0.443,21.92,30.61,1.958,1.55
"2022-07-07 12:00:00",143,"Testbed Site 3",39.10367,-96.60065,335,0.351,0.279,27.08,20.47,1.756,1.347,0.406,0.41,23.39,25.53,1.868,1.526,0.449,0.443,21.9,30.61,1.958,1.549
"2022-07-07 13:00:00",144,"Testbed Site 3",39.10367,-96.60065,335,0.351,0.283,27.78,20.44,1.756,1.351,0.406,0.403,23.49,25.54,1.867,1.517,0.448,0.443,21.9,30.57,1.957,1.549
"2022-07-07 14:00:00",145,"Testbed Site 3",39.10367,-96.60065,335,0.351,0.285,29.28,20.42,1.756,1.353,0.406,0.404,23.64,25.53,1.867,1.518,0.448,0.442,21.89,30.54,1.957,1.549
"2022-07-07 15:00:00",146,"Testbed Site 3",39.10367,-96.60065,335,0.349,0.286,28.2,20.33,1.754,1.355,0.405,0.412,23.85,25.51,1.867,1.528,0.448,0.442,21.9,30.54,1.957,1.549
"2022-07-07 16:00:00",147,"Testbed Site 3",39.10367,-96.60065,335,0.348,0.286,28.31,20.22,1.752,1.355,0.405,0.406,23.96,25.51,1.867,1.52,0.448,0.442,21.9,30.48,1.955,1.548
"2022-07-07 17:00:00",148,"Testbed Site 3",39.10367,-96.60065,335,0.347,0.285,28.5,20.16,1.75,1.354,0.405,0.413,24.07,25.45,1.866,1.53,0.448,0.442,21.91,30.48,1.955,1.548
"2022-07-07 18:00:00",149,"Testbed Site 3",39.10367,-96.60065,335,0.346,0.285,28.3,20.08,1.749,1.354,0.405,0.414,24.18,25.44,1.866,1.531,0.448,0.442,21.91,30.48,1.955,1.548
"2022-07-07 19:00:00",150,"Testbed Site 3",39.10367,-96.60065,335,0.346,0.285,27.68,20.03,1.747,1.354,0.405,0.411,24.3,25.45,1.866,1.527,0.447,0.442,21.94,30.44,1.955,1.548
"2022-07-07 20:00:00",151,"Testbed Site 3",39.10367,-96.60065,335,0.345,0.284,26.87,20,1.747,1.352,0.404,0.415,24.38,25.38,1.865,1.532,0.447,0.442,21.95,30.42,1.954,1.548
"2022-07-07 21:00:00",152,"Testbed Site 3",39.10367,-96.60065,335,0.345,0.281,26.31,19.94,1.745,1.348,0.404,0.409,24.38,25.4,1.865,1.525,0.447,0.442,21.97,30.42,1.954,1.549
"2022-07-07 22:00:00",153,"Testbed Site 3",39.10367,-96.60065,335,0.344,0.277,25.88,19.92,1.744,1.344,0.404,0.417,24.38,25.38,1.865,1.534,0.447,0.443,22.01,30.44,1.955,1.549
"2022-07-07 23:00:00",154,"Testbed Site 3",39.10367,-96.60065,335,0.344,0.276,25.42,19.89,1.744,1.342,0.404,0.413,24.34,25.39,1.865,1.529,0.448,0.443,22.02,30.48,1.955,1.549
"2022-07-08 00:00:00",155,"Testbed Site 3",39.10367,-96.60065,335,0.344,0.275,25.08,19.86,1.743,1.341,0.404,0.419,24.27,25.37,1.865,1.538,0.448,0.443,22.06,30.48,1.955,1.549
"2022-07-08 01:00:00",156,"Testbed Site 3",39.10367,-96.60065,335,0.343,0.273,24.94,19.81,1.742,1.339,0.404,0.412,24.21,25.37,1.865,1.529,0.448,0.443,22.08,30.48,1.955,1.55
"2022-07-08 02:00:00",157,"Testbed Site 3",39.10367,-96.60065,335,0.343,0.271,24.58,19.82,1.742,1.336,0.404,0.415,24.15,25.32,1.864,1.533,0.448,0.443,22.1,30.48,1.955,1.55
"2022-07-08 03:00:00",158,"Testbed Site 3",39.10367,-96.60065,335,0.342,0.272,24.15,19.76,1.741,1.338,0.404,0.411,24.07,25.33,1.864,1.527,0.448,0.443,22.11,30.48,1.955,1.55
"2022-07-08 04:00:00",159,"Testbed Site 3",39.10367,-96.60065,335,0.342,0.271,23.79,19.75,1.74,1.336,0.404,0.417,23.97,25.32,1.864,1.535,0.448,0.444,22.13,30.48,1.955,1.551
"2022-07-08 05:00:00",160,"Testbed Site 3",39.10367,-96.60065,335,0.342,0.269,23.61,19.72,1.74,1.333,0.403,0.413,23.87,25.29,1.863,1.53,0.448,0.444,22.13,30.48,1.955,1.55
"2022-07-08 06:00:00",161,"Testbed Site 3",39.10367,-96.60065,335,0.342,0.268,23.58,19.71,1.739,1.332,0.404,0.412,23.77,25.33,1.864,1.528,0.448,0.444,22.14,30.48,1.955,1.551
"2022-07-08 07:00:00",162,"Testbed Site 3",39.10367,-96.60065,335,0.341,0.265,23.67,19.68,1.738,1.329,0.404,0.411,23.68,25.33,1.864,1.527,0.448,0.444,22.15,30.48,1.955,1.551
"2022-07-08 08:00:00",163,"Testbed Site 3",39.10367,-96.60065,335,0.341,0.266,24.02,19.68,1.738,1.33,0.403,0.41,23.58,25.3,1.863,1.526,0.448,0.444,22.15,30.45,1.955,1.551
"2022-07-08 09:00:00",164,"Testbed Site 3",39.10367,-96.60065,335,0.341,0.265,24.33,19.68,1.738,1.328,0.403,0.403,23.54,25.24,1.862,1.517,0.447,0.444,22.14,30.41,1.954,1.551
"2022-07-08 10:00:00",165,"Testbed Site 3",39.10367,-96.60065,335,0.341,0.266,24.54,19.68,1.738,1.33,0.403,0.412,23.53,25.21,1.862,1.529,0.447,0.444,22.14,30.41,1.954,1.551
"2022-07-08 11:00:00",166,"Testbed Site 3",39.10367,-96.60065,335,0.341,0.267,24.99,19.64,1.738,1.331,0.403,0.409,23.51,25.22,1.862,1.524,0.447,0.444,22.13,30.41,1.954,1.551
"2022-07-08 12:00:00",167,"Testbed Site 3",39.10367,-96.60065,335,0.341,0.268,26.05,19.64,1.738,1.332,0.402,0.406,23.52,25.19,1.861,1.52,0.447,0.444,22.13,30.41,1.954,1.55
"2022-07-08 13:00:00",168,"Testbed Site 3",39.10367,-96.60065,335,0.341,0.273,27.72,19.65,1.738,1.338,0.402,0.409,23.6,25.16,1.86,1.524,0.447,0.443,22.12,30.35,1.953,1.55
"2022-07-08 14:00:00",169,"Testbed Site 3",39.10367,-96.60065,335,0.341,0.277,29.81,19.64,1.738,1.344,0.402,0.412,23.7,25.15,1.86,1.529,0.447,0.443,22.1,30.35,1.953,1.549
"2022-07-08 15:00:00",170,"Testbed Site 3",39.10367,-96.60065,335,0.341,0.278,28.08,19.6,1.738,1.344,0.402,0.404,23.91,25.18,1.86,1.518,0.447,0.443,22.11,30.35,1.953,1.549
"2022-07-08 16:00:00",171,"Testbed Site 3",39.10367,-96.60065,335,0.339,0.277,27.71,19.52,1.736,1.343,0.402,0.412,24.07,25.15,1.86,1.529,0.446,0.442,22.11,30.31,1.952,1.549
"2022-07-08 17:00:00",172,"Testbed Site 3",39.10367,-96.60065,335,0.339,0.276,27.78,19.47,1.735,1.342,0.402,0.413,24.17,25.15,1.86,1.529,0.446,0.443,22.11,30.28,1.952,1.55
"2022-07-08 18:00:00",173,"Testbed Site 3",39.10367,-96.60065,335,0.338,0.274,27.36,19.41,1.733,1.34,0.402,0.414,24.25,25.15,1.86,1.531,0.446,0.442,22.12,30.29,1.952,1.549
"2022-07-08 19:00:00",174,"Testbed Site 3",39.10367,-96.60065,335,0.337,0.272,26.48,19.36,1.732,1.337,0.401,0.415,24.31,25.09,1.859,1.532,0.446,0.442,22.12,30.29,1.952,1.549
"2022-07-08 20:00:00",175,"Testbed Site 3",39.10367,-96.60065,335,0.337,0.269,25.61,19.31,1.73,1.333,0.402,0.407,24.31,25.11,1.859,1.522,0.446,0.443,22.14,30.29,1.952,1.549
"2022-07-08 21:00:00",176,"Testbed Site 3",39.10367,-96.60065,335,0.336,0.266,24.82,19.26,1.729,1.33,0.401,0.411,24.28,25.1,1.859,1.527,0.446,0.442,22.16,30.24,1.951,1.549
"2022-07-08 22:00:00",177,"Testbed Site 3",39.10367,-96.60065,335,0.335,0.266,24.21,19.21,1.728,1.329,0.401,0.41,24.2,25.1,1.859,1.526,0.446,0.443,22.18,30.22,1.951,1.549
"2022-07-08 23:00:00",178,"Testbed Site 3",39.10367,-96.60065,335,0.335,0.263,23.74,19.17,1.727,1.326,0.401,0.413,24.1,25.03,1.858,1.53,0.446,0.443,22.19,30.24,1.951,1.549
"2022-07-09 00:00:00",179,"Testbed Site 3",39.10367,-96.60065,335,0.335,0.26,23.39,19.16,1.727,1.323,0.401,0.412,23.98,25.04,1.858,1.528,0.446,0.443,22.21,30.24,1.951,1.55
"2022-07-09 01:00:00",180,"Testbed Site 3",39.10367,-96.60065,335,0.334,0.259,23.04,19.11,1.726,1.322,0.401,0.411,23.84,25.02,1.858,1.527,0.446,0.443,22.22,30.24,1.951,1.55
"2022-07-09 02:00:00",181,"Testbed Site 3",39.10367,-96.60065,335,0.334,0.257,22.73,19.09,1.725,1.319,0.4,0.406,23.71,25,1.857,1.521,0.446,0.443,22.24,30.22,1.951,1.55
"2022-07-09 03:00:00",182,"Testbed Site 3",39.10367,-96.60065,335,0.334,0.256,22.48,19.06,1.724,1.317,0.401,0.409,23.58,25.05,1.858,1.524,0.446,0.443,22.23,30.22,1.951,1.55
"2022-07-09 04:00:00",183,"Testbed Site 3",39.10367,-96.60065,335,0.333,0.254,22.38,19.05,1.724,1.315,0.401,0.401,23.45,25.03,1.857,1.514,0.446,0.443,22.24,30.22,1.951,1.55
"2022-07-09 05:00:00",184,"Testbed Site 3",39.10367,-96.60065,335,0.333,0.253,22.44,19.03,1.723,1.314,0.4,0.409,23.35,24.99,1.857,1.524,0.446,0.443,22.23,30.22,1.951,1.55
"2022-07-09 06:00:00",185,"Testbed Site 3",39.10367,-96.60065,335,0.333,0.253,22.65,19,1.723,1.313,0.4,0.405,23.24,25,1.857,1.519,0.446,0.443,22.21,30.22,1.951,1.55
"2022-07-09 07:00:00",186,"Testbed Site 3",39.10367,-96.60065,335,0.333,0.253,22.87,19,1.723,1.313,0.4,0.404,23.15,24.96,1.856,1.518,0.446,0.443,22.2,30.22,1.951,1.55
"2022-07-09 08:00:00",187,"Testbed Site 3",39.10367,-96.60065,335,0.333,0.251,23.32,19,1.723,1.312,0.399,0.4,23.08,24.9,1.855,1.513,0.446,0.443,22.19,30.22,1.951,1.549
"2022-07-09 09:00:00",188,"Testbed Site 3",39.10367,-96.60065,335,0.333,0.251,23.9,19,1.723,1.312,0.399,0.403,23.05,24.89,1.855,1.517,0.446,0.443,22.17,30.22,1.951,1.549
"2022-07-09 10:00:00",189,"Testbed Site 3",39.10367,-96.60065,335,0.333,0.253,24.48,19,1.723,1.313,0.399,0.4,23.05,24.9,1.855,1.512,0.446,0.442,22.16,30.2,1.951,1.549
"2022-07-09 11:00:00",190,"Testbed Site 3",39.10367,-96.60065,335,0.333,0.255,24.93,18.99,1.723,1.316,0.399,0.403,23.1,24.87,1.854,1.516,0.445,0.442,22.13,30.16,1.95,1.548
"2022-07-09 12:00:00",191,"Testbed Site 3",39.10367,-96.60065,335,0.332,0.258,27.59,18.98,1.723,1.319,0.399,0.406,23.17,24.82,1.854,1.52,0.445,0.442,22.12,30.16,1.95,1.548
"2022-07-09 13:00:00",192,"Testbed Site 3",39.10367,-96.60065,335,0.332,0.261,28.15,18.97,1.723,1.324,0.399,0.4,23.3,24.84,1.854,1.513,0.445,0.441,22.1,30.12,1.949,1.547
"2022-07-09 14:00:00",193,"Testbed Site 3",39.10367,-96.60065,335,0.332,0.265,29.64,18.96,1.723,1.329,0.399,0.402,23.47,24.83,1.854,1.515,0.445,0.441,22.09,30.1,1.949,1.547
"2022-07-09 15:00:00",194,"Testbed Site 3",39.10367,-96.60065,335,0.331,0.264,27.53,18.88,1.721,1.327,0.399,0.403,23.7,24.83,1.854,1.516,0.445,0.44,22.08,30.07,1.948,1.547
"2022-07-09 16:00:00",195,"Testbed Site 3",39.10367,-96.60065,335,0.33,0.262,27.24,18.78,1.718,1.324,0.399,0.404,23.82,24.82,1.854,1.518,0.444,0.44,22.06,30.03,1.947,1.546
"2022-07-09 17:00:00",196,"Testbed Site 3",39.10367,-96.60065,335,0.329,0.26,27.47,18.72,1.717,1.322,0.399,0.408,23.9,24.81,1.854,1.523,0.444,0.44,22.08,30.03,1.947,1.546
"2022-07-09 18:00:00",197,"Testbed Site 3",39.10367,-96.60065,335,0.328,0.258,26.89,18.64,1.715,1.32,0.398,0.405,23.97,24.8,1.853,1.519,0.444,0.44,22.07,30.01,1.947,1.546
"2022-07-09 19:00:00",198,"Testbed Site 3",39.10367,-96.60065,335,0.328,0.255,26.13,18.6,1.714,1.317,0.398,0.409,24.04,24.75,1.853,1.524,0.444,0.44,22.09,29.97,1.946,1.546
"2022-07-09 20:00:00",199,"Testbed Site 3",39.10367,-96.60065,335,0.327,0.253,25.22,18.56,1.713,1.313,0.398,0.412,24.06,24.74,1.853,1.529,0.444,0.44,22.1,29.97,1.946,1.546
"2022-07-09 21:00:00",200,"Testbed Site 3",39.10367,-96.60065,335,0.326,0.251,24.41,18.52,1.712,1.311,0.398,0.413,24.01,24.74,1.853,1.529,0.444,0.441,22.12,29.97,1.946,1.547
"2022-07-09 22:00:00",201,"Testbed Site 3",39.10367,-96.60065,335,0.326,0.25,23.83,18.47,1.71,1.31,0.398,0.405,23.94,24.74,1.852,1.52,0.444,0.44,22.13,29.97,1.946,1.546
"2022-07-09 23:00:00",202,"Testbed Site 3",39.10367,-96.60065,335,0.325,0.247,23.47,18.44,1.71,1.306,0.397,0.408,23.82,24.7,1.851,1.523,0.444,0.44,22.14,29.97,1.946,1.546
"2022-07-10 00:00:00",203,"Testbed Site 3",39.10367,-96.60065,335,0.325,0.245,23.19,18.42,1.709,1.304,0.398,0.407,23.71,24.7,1.851,1.522,0.444,0.441,22.16,29.97,1.946,1.547
"2022-07-10 01:00:00",204,"Testbed Site 3",39.10367,-96.60065,335,0.325,0.244,22.99,18.39,1.708,1.302,0.398,0.406,23.6,24.72,1.852,1.521,0.444,0.441,22.17,29.97,1.946,1.547
"2022-07-10 02:00:00",205,"Testbed Site 3",39.10367,-96.60065,335,0.324,0.242,22.67,18.36,1.708,1.3,0.398,0.405,23.48,24.71,1.851,1.519,0.444,0.441,22.17,29.97,1.946,1.547
"2022-07-10 03:00:00",206,"Testbed Site 3",39.10367,-96.60065,335,0.324,0.24,22.41,18.33,1.707,1.298,0.397,0.407,23.37,24.7,1.851,1.522,0.444,0.441,22.18,29.97,1.946,1.547
"2022-07-10 04:00:00",207,"Testbed Site 3",39.10367,-96.60065,335,0.324,0.24,22.1,18.33,1.707,1.297,0.397,0.406,23.25,24.66,1.851,1.52,0.444,0.441,22.17,29.97,1.946,1.547
"2022-07-10 05:00:00",208,"Testbed Site 3",39.10367,-96.60065,335,0.323,0.238,21.61,18.29,1.706,1.295,0.397,0.395,23.13,24.68,1.85,1.507,0.444,0.44,22.17,29.97,1.946,1.546
"2022-07-10 06:00:00",209,"Testbed Site 3",39.10367,-96.60065,335,0.323,0.236,21.28,18.26,1.705,1.293,0.397,0.403,23.01,24.65,1.85,1.517,0.444,0.44,22.15,29.97,1.946,1.546
"2022-07-10 07:00:00",210,"Testbed Site 3",39.10367,-96.60065,335,0.323,0.235,21.57,18.23,1.704,1.291,0.396,0.399,22.87,24.57,1.848,1.512,0.443,0.441,22.15,29.92,1.946,1.547
"2022-07-10 08:00:00",211,"Testbed Site 3",39.10367,-96.60065,335,0.322,0.235,22.33,18.2,1.703,1.291,0.396,0.398,22.75,24.55,1.848,1.51,0.443,0.44,22.13,29.9,1.945,1.546
"2022-07-10 09:00:00",212,"Testbed Site 3",39.10367,-96.60065,335,0.322,0.233,23.14,18.2,1.703,1.289,0.396,0.397,22.68,24.54,1.848,1.509,0.443,0.44,22.11,29.9,1.945,1.546
"2022-07-10 10:00:00",213,"Testbed Site 3",39.10367,-96.60065,335,0.322,0.236,23.75,18.2,1.703,1.293,0.395,0.396,22.68,24.5,1.847,1.507,0.443,0.439,22.07,29.91,1.945,1.545
"2022-07-10 11:00:00",214,"Testbed Site 3",39.10367,-96.60065,335,0.321,0.236,24.57,18.14,1.702,1.293,0.395,0.395,22.71,24.5,1.847,1.507,0.443,0.439,22.07,29.84,1.944,1.544
"2022-07-10 12:00:00",215,"Testbed Site 3",39.10367,-96.60065,335,0.321,0.238,27,18.14,1.702,1.295,0.395,0.398,22.77,24.46,1.846,1.51,0.443,0.438,22.04,29.84,1.944,1.544
"2022-07-10 13:00:00",216,"Testbed Site 3",39.10367,-96.60065,335,0.321,0.241,27.65,18.11,1.702,1.299,0.395,0.395,22.92,24.45,1.846,1.506,0.442,0.438,22.01,29.78,1.943,1.543
"2022-07-10 14:00:00",217,"Testbed Site 3",39.10367,-96.60065,335,0.321,0.244,30.3,18.1,1.702,1.303,0.395,0.393,23.1,24.45,1.846,1.504,0.442,0.438,21.99,29.78,1.943,1.543
"2022-07-10 15:00:00",218,"Testbed Site 3",39.10367,-96.60065,335,0.32,0.243,28.06,18.04,1.7,1.301,0.395,0.391,23.36,24.46,1.846,1.501,0.442,0.437,21.98,29.72,1.942,1.542
"2022-07-10 16:00:00",219,"Testbed Site 3",39.10367,-96.60065,335,0.319,0.241,27.89,17.95,1.698,1.299,0.395,0.402,23.55,24.42,1.846,1.515,0.442,0.437,21.98,29.72,1.942,1.542
"2022-07-10 17:00:00",220,"Testbed Site 3",39.10367,-96.60065,335,0.318,0.24,28.42,17.87,1.696,1.297,0.395,0.396,23.66,24.44,1.846,1.507,0.441,0.436,21.98,29.66,1.941,1.542
"2022-07-10 18:00:00",221,"Testbed Site 3",39.10367,-96.60065,335,0.317,0.239,27.88,17.81,1.695,1.296,0.394,0.4,23.78,24.39,1.845,1.513,0.441,0.436,21.97,29.66,1.941,1.541
"2022-07-10 19:00:00",222,"Testbed Site 3",39.10367,-96.60065,335,0.316,0.238,27.05,17.74,1.693,1.295,0.394,0.401,23.88,24.39,1.845,1.515,0.441,0.436,21.99,29.61,1.94,1.541
"2022-07-10 20:00:00",223,"Testbed Site 3",39.10367,-96.60065,335,0.315,0.236,26.2,17.7,1.692,1.292,0.395,0.402,23.94,24.42,1.846,1.515,0.441,0.436,22.01,29.59,1.94,1.541
"2022-07-10 21:00:00",224,"Testbed Site 3",39.10367,-96.60065,335,0.315,0.232,25.53,17.67,1.691,1.287,0.395,0.402,23.94,24.42,1.846,1.516,0.441,0.436,22.02,29.59,1.94,1.541
"2022-07-10 22:00:00",225,"Testbed Site 3",39.10367,-96.60065,335,0.314,0.229,25.05,17.62,1.69,1.284,0.395,0.399,23.9,24.43,1.846,1.512,0.441,0.436,22.04,29.59,1.94,1.541
"2022-07-10 23:00:00",226,"Testbed Site 3",39.10367,-96.60065,335,0.314,0.229,24.68,17.58,1.689,1.284,0.395,0.398,23.84,24.4,1.845,1.51,0.441,0.436,22.07,29.59,1.94,1.541
"2022-07-11 00:00:00",227,"Testbed Site 3",39.10367,-96.60065,335,0.313,0.227,24.4,17.55,1.688,1.282,0.394,0.401,23.76,24.37,1.845,1.514,0.441,0.436,22.08,29.59,1.94,1.542
"2022-07-11 01:00:00",228,"Testbed Site 3",39.10367,-96.60065,335,0.313,0.226,24.18,17.52,1.687,1.279,0.394,0.397,23.67,24.38,1.845,1.509,0.441,0.437,22.11,29.59,1.94,1.542
"2022-07-11 02:00:00",229,"Testbed Site 3",39.10367,-96.60065,335,0.313,0.223,23.98,17.5,1.686,1.276,0.394,0.398,23.58,24.34,1.844,1.511,0.441,0.437,22.11,29.59,1.94,1.542
"2022-07-11 03:00:00",230,"Testbed Site 3",39.10367,-96.60065,335,0.312,0.223,23.78,17.45,1.685,1.276,0.394,0.398,23.5,24.32,1.844,1.51,0.441,0.437,22.12,29.59,1.94,1.542
"2022-07-11 04:00:00",231,"Testbed Site 3",39.10367,-96.60065,335,0.312,0.223,23.53,17.43,1.685,1.276,0.394,0.394,23.41,24.33,1.844,1.505,0.441,0.436,22.12,29.57,1.939,1.541
"2022-07-11 05:00:00",232,"Testbed Site 3",39.10367,-96.60065,335,0.311,0.221,23.14,17.41,1.684,1.273,0.393,0.397,23.34,24.28,1.843,1.509,0.44,0.436,22.13,29.53,1.938,1.541
"2022-07-11 06:00:00",233,"Testbed Site 3",39.10367,-96.60065,335,0.311,0.22,22.8,17.41,1.684,1.273,0.392,0.4,23.28,24.2,1.841,1.512,0.44,0.436,22.14,29.53,1.938,1.541
"2022-07-11 07:00:00",234,"Testbed Site 3",39.10367,-96.60065,335,0.311,0.219,23.02,17.36,1.683,1.272,0.393,0.393,23.19,24.22,1.841,1.504,0.44,0.436,22.12,29.53,1.938,1.541
"2022-07-11 08:00:00",235,"Testbed Site 3",39.10367,-96.60065,335,0.311,0.218,23.72,17.37,1.683,1.27,0.393,0.392,23.12,24.2,1.841,1.503,0.44,0.436,22.12,29.53,1.938,1.541
"2022-07-11 09:00:00",236,"Testbed Site 3",39.10367,-96.60065,335,0.311,0.22,24.58,17.36,1.683,1.272,0.392,0.392,23.08,24.16,1.84,1.502,0.44,0.436,22.13,29.51,1.938,1.541
"2022-07-11 10:00:00",237,"Testbed Site 3",39.10367,-96.60065,335,0.311,0.22,25.37,17.36,1.683,1.273,0.392,0.394,23.09,24.16,1.84,1.505,0.44,0.436,22.13,29.47,1.937,1.541
"2022-07-11 11:00:00",238,"Testbed Site 3",39.10367,-96.60065,335,0.311,0.22,26.05,17.36,1.683,1.273,0.392,0.391,23.13,24.11,1.839,1.502,0.44,0.436,22.09,29.44,1.937,1.54
"2022-07-11 12:00:00",239,"Testbed Site 3",39.10367,-96.60065,335,0.311,0.224,29.29,17.35,1.683,1.278,0.392,0.395,23.25,24.12,1.839,1.507,0.439,0.435,22.08,29.4,1.936,1.54
"2022-07-11 13:00:00",240,"Testbed Site 3",39.10367,-96.60065,335,0.31,0.227,29.41,17.34,1.683,1.282,0.392,0.393,23.42,24.16,1.84,1.503,0.439,0.434,22.07,29.38,1.936,1.539
"2022-07-11 14:00:00",241,"Testbed Site 3",39.10367,-96.60065,335,0.31,0.228,29.91,17.33,1.683,1.283,0.392,0.391,23.64,24.17,1.84,1.502,0.439,0.434,22.07,29.34,1.935,1.539
"2022-07-11 15:00:00",242,"Testbed Site 3",39.10367,-96.60065,335,0.309,0.228,28.89,17.27,1.682,1.283,0.392,0.396,23.88,24.15,1.84,1.508,0.439,0.434,22.07,29.3,1.934,1.539
"2022-07-11 16:00:00",243,"Testbed Site 3",39.10367,-96.60065,335,0.309,0.227,27.86,17.21,1.68,1.281,0.392,0.397,24.07,24.15,1.84,1.509,0.438,0.434,22.07,29.28,1.934,1.538
"2022-07-11 17:00:00",244,"Testbed Site 3",39.10367,-96.60065,335,0.308,0.225,27.97,17.15,1.679,1.279,0.392,0.402,24.15,24.13,1.84,1.515,0.438,0.434,22.09,29.28,1.934,1.538
"2022-07-11 18:00:00",245,"Testbed Site 3",39.10367,-96.60065,335,0.307,0.224,27.37,17.11,1.677,1.277,0.392,0.399,24.24,24.1,1.839,1.512,0.438,0.433,22.11,29.22,1.933,1.538
"2022-07-11 19:00:00",246,"Testbed Site 3",39.10367,-96.60065,335,0.306,0.221,26.4,17.05,1.676,1.274,0.391,0.406,24.29,24.06,1.839,1.521,0.438,0.434,22.14,29.22,1.933,1.538
"2022-07-11 20:00:00",247,"Testbed Site 3",39.10367,-96.60065,335,0.306,0.217,25.47,17.01,1.675,1.269,0.391,0.403,24.3,24.07,1.839,1.517,0.438,0.434,22.15,29.22,1.933,1.538
"2022-07-11 21:00:00",248,"Testbed Site 3",39.10367,-96.60065,335,0.305,0.216,24.77,16.96,1.673,1.267,0.391,0.403,24.23,24.07,1.839,1.517,0.438,0.434,22.18,29.21,1.933,1.539
"2022-07-11 22:00:00",249,"Testbed Site 3",39.10367,-96.60065,335,0.305,0.214,24.31,16.93,1.672,1.265,0.391,0.399,24.14,24.03,1.838,1.512,0.438,0.434,22.2,29.21,1.933,1.539
"2022-07-11 23:00:00",250,"Testbed Site 3",39.10367,-96.60065,335,0.304,0.212,23.87,16.89,1.671,1.263,0.39,0.405,24.05,24.01,1.838,1.519,0.438,0.435,22.23,29.21,1.933,1.539
"2022-07-12 00:00:00",251,"Testbed Site 3",39.10367,-96.60065,335,0.304,0.21,23.33,16.87,1.671,1.26,0.39,0.404,23.94,23.99,1.837,1.517,0.438,0.435,22.24,29.21,1.933,1.539
"2022-07-12 01:00:00",252,"Testbed Site 3",39.10367,-96.60065,335,0.303,0.209,22.78,16.82,1.669,1.259,0.39,0.397,23.83,23.98,1.837,1.509,0.438,0.435,22.27,29.21,1.933,1.539
"2022-07-12 02:00:00",253,"Testbed Site 3",39.10367,-96.60065,335,0.303,0.206,22.36,16.8,1.669,1.255,0.39,0.393,23.66,23.99,1.837,1.504,0.438,0.435,22.28,29.21,1.933,1.539
"2022-07-12 03:00:00",254,"Testbed Site 3",39.10367,-96.60065,335,0.302,0.205,22.03,16.77,1.668,1.254,0.389,0.4,23.53,23.87,1.835,1.513,0.438,0.435,22.27,29.21,1.933,1.54
"2022-07-12 04:00:00",255,"Testbed Site 3",39.10367,-96.60065,335,0.302,0.203,21.58,16.74,1.667,1.251,0.389,0.393,23.38,23.87,1.834,1.504,0.437,0.435,22.28,29.15,1.932,1.54
"2022-07-12 05:00:00",256,"Testbed Site 3",39.10367,-96.60065,335,0.301,0.201,21.12,16.7,1.666,1.249,0.389,0.398,23.25,23.84,1.834,1.51,0.437,0.435,22.28,29.15,1.932,1.54
"2022-07-12 06:00:00",257,"Testbed Site 3",39.10367,-96.60065,335,0.301,0.199,20.75,16.66,1.665,1.246,0.389,0.393,23.08,23.82,1.833,1.504,0.437,0.435,22.27,29.15,1.932,1.539
"2022-07-12 07:00:00",258,"Testbed Site 3",39.10367,-96.60065,335,0.3,0.197,20.99,16.62,1.664,1.244,0.389,0.392,22.91,23.84,1.834,1.502,0.437,0.435,22.26,29.15,1.932,1.539
"2022-07-12 08:00:00",259,"Testbed Site 3",39.10367,-96.60065,335,0.3,0.197,21.78,16.62,1.664,1.244,0.389,0.388,22.76,23.83,1.833,1.497,0.437,0.434,22.23,29.15,1.932,1.539
"2022-07-12 09:00:00",260,"Testbed Site 3",39.10367,-96.60065,335,0.3,0.198,22.51,16.62,1.664,1.245,0.389,0.386,22.67,23.82,1.833,1.495,0.437,0.434,22.24,29.13,1.931,1.538
"2022-07-12 10:00:00",261,"Testbed Site 3",39.10367,-96.60065,335,0.3,0.197,23.22,16.61,1.663,1.244,0.388,0.389,22.64,23.77,1.832,1.498,0.437,0.434,22.19,29.09,1.931,1.538
"2022-07-12 11:00:00",262,"Testbed Site 3",39.10367,-96.60065,335,0.299,0.198,23.94,16.57,1.663,1.245,0.388,0.388,22.66,23.75,1.832,1.497,0.437,0.433,22.18,29.09,1.931,1.538
"2022-07-12 12:00:00",263,"Testbed Site 3",39.10367,-96.60065,335,0.3,0.2,26.93,16.58,1.663,1.248,0.388,0.385,22.68,23.73,1.831,1.493,0.436,0.433,22.14,29.03,1.929,1.537
"2022-07-12 13:00:00",264,"Testbed Site 3",39.10367,-96.60065,335,0.299,0.203,27.19,16.57,1.663,1.252,0.388,0.388,22.83,23.72,1.831,1.498,0.436,0.432,22.11,29.01,1.929,1.536
"2022-07-12 14:00:00",265,"Testbed Site 3",39.10367,-96.60065,335,0.3,0.205,30.44,16.58,1.663,1.254,0.387,0.389,22.99,23.71,1.831,1.499,0.436,0.432,22.08,28.97,1.928,1.535
"2022-07-12 15:00:00",266,"Testbed Site 3",39.10367,-96.60065,335,0.299,0.205,27.42,16.52,1.662,1.253,0.387,0.393,23.27,23.7,1.831,1.504,0.436,0.431,22.06,28.93,1.928,1.535
"2022-07-12 16:00:00",267,"Testbed Site 3",39.10367,-96.60065,335,0.297,0.203,26.94,16.43,1.66,1.251,0.387,0.387,23.43,23.68,1.83,1.495,0.435,0.431,22.03,28.91,1.927,1.534
"2022-07-12 17:00:00",268,"Testbed Site 3",39.10367,-96.60065,335,0.297,0.201,27.5,16.38,1.659,1.249,0.387,0.396,23.54,23.63,1.83,1.508,0.435,0.43,22.05,28.84,1.926,1.534
"2022-07-12 18:00:00",269,"Testbed Site 3",39.10367,-96.60065,335,0.296,0.2,26.5,16.33,1.657,1.248,0.387,0.388,23.63,23.66,1.83,1.497,0.435,0.43,22.04,28.84,1.926,1.534
"2022-07-12 19:00:00",270,"Testbed Site 3",39.10367,-96.60065,335,0.295,0.198,25.56,16.28,1.656,1.246,0.387,0.394,23.7,23.64,1.83,1.505,0.435,0.43,22.05,28.84,1.926,1.534
"2022-07-12 20:00:00",271,"Testbed Site 3",39.10367,-96.60065,335,0.295,0.196,24.52,16.25,1.655,1.242,0.386,0.392,23.7,23.59,1.829,1.502,0.434,0.43,22.07,28.78,1.925,1.533
"2022-07-12 21:00:00",272,"Testbed Site 3",39.10367,-96.60065,335,0.294,0.195,23.53,16.19,1.653,1.241,0.385,0.394,23.65,23.52,1.828,1.505,0.434,0.43,22.08,28.78,1.925,1.534
"2022-07-12 22:00:00",273,"Testbed Site 3",39.10367,-96.60065,335,0.293,0.192,22.64,16.15,1.652,1.237,0.385,0.396,23.58,23.52,1.828,1.508,0.434,0.43,22.08,28.78,1.925,1.534
"2022-07-12 23:00:00",274,"Testbed Site 3",39.10367,-96.60065,335,0.293,0.19,22,16.11,1.651,1.235,0.385,0.392,23.45,23.51,1.827,1.503,0.434,0.43,22.1,28.78,1.925,1.534
"2022-07-13 00:00:00",275,"Testbed Site 3",39.10367,-96.60065,335,0.292,0.187,21.46,16.09,1.65,1.232,0.386,0.394,23.28,23.53,1.828,1.505,0.434,0.431,22.1,28.78,1.925,1.534
"2022-07-13 01:00:00",276,"Testbed Site 3",39.10367,-96.60065,335,0.292,0.185,21.02,16.03,1.649,1.229,0.385,0.39,23.12,23.52,1.827,1.499,0.434,0.431,22.12,28.78,1.925,1.534
"2022-07-13 02:00:00",277,"Testbed Site 3",39.10367,-96.60065,335,0.291,0.183,20.69,15.99,1.648,1.226,0.385,0.385,22.96,23.5,1.827,1.493,0.434,0.43,22.12,28.78,1.925,1.534
"2022-07-13 03:00:00",278,"Testbed Site 3",39.10367,-96.60065,335,0.291,0.181,20.53,15.97,1.647,1.224,0.385,0.384,22.77,23.46,1.826,1.492,0.434,0.43,22.1,28.78,1.925,1.534
"2022-07-13 04:00:00",279,"Testbed Site 3",39.10367,-96.60065,335,0.29,0.18,20.39,15.93,1.646,1.222,0.385,0.386,22.62,23.44,1.825,1.494,0.434,0.43,22.11,28.78,1.925,1.534
"2022-07-13 05:00:00",280,"Testbed Site 3",39.10367,-96.60065,335,0.29,0.178,20.11,15.92,1.645,1.22,0.384,0.384,22.48,23.42,1.825,1.492,0.434,0.43,22.1,28.78,1.925,1.534
"2022-07-13 06:00:00",281,"Testbed Site 3",39.10367,-96.60065,335,0.289,0.176,19.91,15.89,1.645,1.218,0.384,0.38,22.33,23.4,1.824,1.486,0.434,0.43,22.06,28.78,1.925,1.533
"2022-07-13 07:00:00",282,"Testbed Site 3",39.10367,-96.60065,335,0.289,0.175,20.31,15.85,1.643,1.217,0.384,0.379,22.19,23.4,1.824,1.485,0.434,0.43,22.04,28.72,1.924,1.533
"2022-07-13 08:00:00",283,"Testbed Site 3",39.10367,-96.60065,335,0.289,0.175,21.24,15.85,1.643,1.217,0.384,0.377,22.08,23.35,1.823,1.483,0.434,0.43,22.01,28.72,1.924,1.533
"2022-07-13 09:00:00",284,"Testbed Site 3",39.10367,-96.60065,335,0.289,0.176,22.31,15.85,1.643,1.218,0.383,0.379,22.02,23.31,1.822,1.486,0.434,0.429,21.99,28.72,1.924,1.532
"2022-07-13 10:00:00",285,"Testbed Site 3",39.10367,-96.60065,335,0.289,0.177,23.26,15.84,1.643,1.22,0.383,0.376,22.02,23.26,1.821,1.481,0.433,0.428,21.94,28.68,1.923,1.531
"2022-07-13 11:00:00",286,"Testbed Site 3",39.10367,-96.60065,335,0.289,0.177,24.21,15.85,1.643,1.219,0.383,0.378,22.07,23.29,1.822,1.484,0.433,0.428,21.91,28.66,1.923,1.531
"2022-07-13 12:00:00",287,"Testbed Site 3",39.10367,-96.60065,335,0.289,0.179,26.57,15.84,1.643,1.222,0.383,0.375,22.17,23.28,1.822,1.481,0.433,0.427,21.87,28.6,1.921,1.53
"2022-07-13 13:00:00",288,"Testbed Site 3",39.10367,-96.60065,335,0.288,0.18,26.87,15.8,1.643,1.223,0.383,0.376,22.31,23.24,1.821,1.482,0.433,0.426,21.86,28.58,1.921,1.529
"2022-07-13 14:00:00",289,"Testbed Site 3",39.10367,-96.60065,335,0.288,0.181,31,15.78,1.642,1.225,0.382,0.379,22.52,23.23,1.821,1.486,0.432,0.426,21.83,28.54,1.92,1.529
"2022-07-13 15:00:00",290,"Testbed Site 3",39.10367,-96.60065,335,0.287,0.181,27.86,15.71,1.64,1.224,0.382,0.381,22.82,23.22,1.821,1.489,0.432,0.426,21.81,28.5,1.92,1.528
"2022-07-13 16:00:00",291,"Testbed Site 3",39.10367,-96.60065,335,0.286,0.179,27.56,15.64,1.639,1.221,0.382,0.385,23.03,23.21,1.821,1.494,0.432,0.425,21.8,28.48,1.919,1.527
"2022-07-13 17:00:00",292,"Testbed Site 3",39.10367,-96.60065,335,0.285,0.177,28.08,15.58,1.637,1.22,0.382,0.381,23.15,23.21,1.821,1.488,0.431,0.425,21.78,28.42,1.918,1.527
"2022-07-13 18:00:00",293,"Testbed Site 3",39.10367,-96.60065,335,0.284,0.176,27.16,15.52,1.636,1.218,0.382,0.382,23.27,23.17,1.82,1.489,0.431,0.425,21.78,28.42,1.918,1.527
"2022-07-13 19:00:00",294,"Testbed Site 3",39.10367,-96.60065,335,0.283,0.176,26.38,15.48,1.634,1.218,0.382,0.382,23.36,23.17,1.82,1.49,0.431,0.425,21.79,28.4,1.918,1.527
"2022-07-13 20:00:00",295,"Testbed Site 3",39.10367,-96.60065,335,0.283,0.175,25.44,15.45,1.634,1.216,0.382,0.389,23.42,23.14,1.82,1.498,0.431,0.424,21.79,28.36,1.917,1.526
"2022-07-13 21:00:00",296,"Testbed Site 3",39.10367,-96.60065,335,0.282,0.172,24.61,15.43,1.633,1.213,0.381,0.386,23.42,23.14,1.819,1.494,0.431,0.425,21.83,28.35,1.917,1.527
"2022-07-13 22:00:00",297,"Testbed Site 3",39.10367,-96.60065,335,0.282,0.171,24.13,15.39,1.632,1.211,0.381,0.383,23.38,23.11,1.819,1.49,0.431,0.425,21.84,28.35,1.917,1.527
"2022-07-13 23:00:00",298,"Testbed Site 3",39.10367,-96.60065,335,0.281,0.169,23.8,15.37,1.631,1.21,0.381,0.385,23.33,23.1,1.819,1.493,0.431,0.425,21.86,28.35,1.917,1.527
"2022-07-14 00:00:00",299,"Testbed Site 3",39.10367,-96.60065,335,0.281,0.168,23.53,15.33,1.63,1.207,0.381,0.384,23.25,23.08,1.818,1.492,0.431,0.425,21.9,28.35,1.917,1.527
"2022-07-14 01:00:00",300,"Testbed Site 3",39.10367,-96.60065,335,0.281,0.166,23.39,15.32,1.63,1.206,0.381,0.383,23.16,23.05,1.818,1.491,0.431,0.425,21.91,28.35,1.917,1.528
"2022-07-14 02:00:00",301,"Testbed Site 3",39.10367,-96.60065,335,0.28,0.166,23.16,15.29,1.629,1.205,0.381,0.376,23.05,23.07,1.818,1.482,0.431,0.425,21.91,28.35,1.917,1.527
"2022-07-14 03:00:00",302,"Testbed Site 3",39.10367,-96.60065,335,0.28,0.165,22.93,15.24,1.628,1.204,0.38,0.383,22.97,23.01,1.817,1.491,0.431,0.425,21.91,28.35,1.917,1.527
"2022-07-14 04:00:00",303,"Testbed Site 3",39.10367,-96.60065,335,0.279,0.164,22.78,15.23,1.627,1.203,0.38,0.378,22.88,23.01,1.816,1.484,0.431,0.425,21.92,28.35,1.917,1.527
"2022-07-14 05:00:00",304,"Testbed Site 3",39.10367,-96.60065,335,0.279,0.163,22.57,15.21,1.627,1.202,0.38,0.376,22.8,23,1.816,1.482,0.431,0.425,21.92,28.35,1.917,1.527
"2022-07-14 06:00:00",305,"Testbed Site 3",39.10367,-96.60065,335,0.279,0.162,22.36,15.19,1.626,1.201,0.38,0.378,22.7,22.97,1.816,1.485,0.431,0.425,21.93,28.35,1.917,1.527
"2022-07-14 07:00:00",306,"Testbed Site 3",39.10367,-96.60065,335,0.278,0.162,22.53,15.16,1.625,1.201,0.38,0.378,22.64,22.95,1.815,1.484,0.431,0.425,21.89,28.35,1.917,1.527
"2022-07-14 08:00:00",307,"Testbed Site 3",39.10367,-96.60065,335,0.278,0.162,22.77,15.16,1.625,1.2,0.38,0.377,22.6,22.96,1.815,1.483,0.431,0.425,21.89,28.33,1.917,1.527
"2022-07-14 09:00:00",308,"Testbed Site 3",39.10367,-96.60065,335,0.278,0.161,23.03,15.17,1.625,1.2,0.379,0.374,22.56,22.91,1.814,1.479,0.43,0.425,21.89,28.29,1.916,1.527
"2022-07-14 10:00:00",309,"Testbed Site 3",39.10367,-96.60065,335,0.278,0.163,23.77,15.16,1.625,1.201,0.379,0.38,22.54,22.89,1.814,1.487,0.43,0.424,21.89,28.29,1.916,1.526
"2022-07-14 11:00:00",310,"Testbed Site 3",39.10367,-96.60065,335,0.278,0.162,24.48,15.16,1.625,1.201,0.379,0.377,22.54,22.88,1.814,1.483,0.43,0.424,21.87,28.27,1.915,1.526
"2022-07-14 12:00:00",311,"Testbed Site 3",39.10367,-96.60065,335,0.278,0.162,26.77,15.15,1.625,1.2,0.378,0.373,22.59,22.86,1.813,1.478,0.43,0.424,21.87,28.23,1.915,1.526
"2022-07-14 13:00:00",312,"Testbed Site 3",39.10367,-96.60065,335,0.278,0.164,28.26,15.11,1.624,1.203,0.378,0.375,22.68,22.81,1.812,1.48,0.43,0.423,21.84,28.21,1.914,1.525
"2022-07-14 14:00:00",313,"Testbed Site 3",39.10367,-96.60065,335,0.277,0.164,32.32,15.11,1.624,1.203,0.378,0.378,22.85,22.78,1.812,1.485,0.429,0.423,21.83,28.17,1.914,1.524
"2022-07-14 15:00:00",314,"Testbed Site 3",39.10367,-96.60065,335,0.277,0.164,29.28,15.05,1.623,1.203,0.378,0.374,23.14,22.8,1.812,1.479,0.429,0.422,21.82,28.13,1.913,1.524
"2022-07-14 16:00:00",315,"Testbed Site 3",39.10367,-96.60065,335,0.276,0.163,29.27,14.99,1.621,1.202,0.377,0.376,23.35,22.75,1.811,1.481,0.429,0.422,21.81,28.11,1.912,1.524
"2022-07-14 17:00:00",316,"Testbed Site 3",39.10367,-96.60065,335,0.275,0.162,29.67,14.92,1.619,1.2,0.377,0.378,23.51,22.73,1.811,1.485,0.428,0.422,21.82,28.05,1.911,1.523
"2022-07-14 18:00:00",317,"Testbed Site 3",39.10367,-96.60065,335,0.274,0.161,28.59,14.87,1.618,1.2,0.377,0.382,23.64,22.69,1.81,1.49,0.428,0.422,21.84,28.05,1.911,1.523
"2022-07-14 19:00:00",318,"Testbed Site 3",39.10367,-96.60065,335,0.273,0.16,27.72,14.84,1.617,1.198,0.376,0.378,23.75,22.67,1.81,1.485,0.428,0.421,21.84,28.03,1.911,1.523
"2022-07-14 20:00:00",319,"Testbed Site 3",39.10367,-96.60065,335,0.273,0.159,26.84,14.81,1.616,1.197,0.376,0.378,23.8,22.67,1.81,1.484,0.428,0.421,21.87,27.99,1.91,1.523
"2022-07-14 21:00:00",320,"Testbed Site 3",39.10367,-96.60065,335,0.272,0.158,26.35,14.77,1.615,1.196,0.376,0.381,23.82,22.66,1.81,1.488,0.428,0.421,21.91,27.99,1.91,1.523
"2022-07-14 22:00:00",321,"Testbed Site 3",39.10367,-96.60065,335,0.272,0.157,26.18,14.75,1.614,1.194,0.376,0.378,23.8,22.63,1.809,1.484,0.428,0.422,21.9,27.99,1.91,1.523
"2022-07-14 23:00:00",322,"Testbed Site 3",39.10367,-96.60065,335,0.272,0.156,25.96,14.74,1.614,1.193,0.376,0.38,23.75,22.61,1.808,1.487,0.428,0.422,21.93,27.99,1.91,1.523
"2022-07-15 00:00:00",323,"Testbed Site 3",39.10367,-96.60065,335,0.271,0.155,25.8,14.71,1.613,1.191,0.376,0.379,23.71,22.61,1.808,1.486,0.428,0.422,21.96,27.99,1.91,1.523
"2022-07-15 01:00:00",324,"Testbed Site 3",39.10367,-96.60065,335,0.271,0.154,25.35,14.7,1.613,1.191,0.375,0.38,23.66,22.55,1.807,1.486,0.428,0.422,21.98,27.99,1.91,1.523
"2022-07-15 02:00:00",325,"Testbed Site 3",39.10367,-96.60065,335,0.271,0.153,25.04,14.67,1.612,1.189,0.375,0.376,23.61,22.56,1.807,1.482,0.428,0.423,22,27.98,1.91,1.524
"2022-07-15 03:00:00",326,"Testbed Site 3",39.10367,-96.60065,335,0.27,0.153,24.64,14.66,1.612,1.19,0.375,0.378,23.55,22.54,1.807,1.485,0.428,0.423,22.03,27.98,1.91,1.524
"2022-07-15 04:00:00",327,"Testbed Site 3",39.10367,-96.60065,335,0.27,0.152,23.84,14.63,1.611,1.188,0.375,0.378,23.51,22.5,1.806,1.484,0.428,0.423,22.04,27.98,1.91,1.524
"2022-07-15 05:00:00",328,"Testbed Site 3",39.10367,-96.60065,335,0.27,0.152,24.12,14.62,1.611,1.188,0.375,0.375,23.45,22.51,1.806,1.48,0.428,0.423,22.06,27.98,1.91,1.524
"2022-07-15 06:00:00",329,"Testbed Site 3",39.10367,-96.60065,335,0.27,0.15,24.23,14.61,1.61,1.186,0.374,0.374,23.39,22.48,1.805,1.48,0.428,0.423,22.05,27.98,1.91,1.524
"2022-07-15 07:00:00",330,"Testbed Site 3",39.10367,-96.60065,335,0.269,0.15,24.44,14.58,1.61,1.186,0.374,0.374,23.33,22.46,1.805,1.479,0.428,0.423,22.05,27.98,1.91,1.524
"2022-07-15 08:00:00",331,"Testbed Site 3",39.10367,-96.60065,335,0.269,0.151,24.86,14.58,1.61,1.187,0.374,0.374,23.3,22.44,1.805,1.479,0.428,0.423,22.07,27.98,1.91,1.524
"2022-07-15 09:00:00",332,"Testbed Site 3",39.10367,-96.60065,335,0.269,0.15,25.43,14.58,1.61,1.186,0.374,0.373,23.29,22.41,1.804,1.478,0.428,0.423,22.07,27.96,1.91,1.525
"2022-07-15 10:00:00",333,"Testbed Site 3",39.10367,-96.60065,335,0.269,0.15,26.41,14.58,1.61,1.186,0.373,0.376,23.3,22.38,1.804,1.481,0.427,0.423,22.06,27.92,1.909,1.525
"2022-07-15 11:00:00",334,"Testbed Site 3",39.10367,-96.60065,335,0.269,0.152,27.45,14.57,1.61,1.188,0.373,0.375,23.34,22.34,1.803,1.481,0.427,0.422,22.06,27.92,1.909,1.524
"2022-07-15 12:00:00",335,"Testbed Site 3",39.10367,-96.60065,335,0.269,0.152,29.7,14.57,1.61,1.188,0.373,0.376,23.44,22.32,1.802,1.481,0.427,0.422,22.06,27.86,1.908,1.524
"2022-07-15 13:00:00",336,"Testbed Site 3",39.10367,-96.60065,335,0.269,0.153,30.24,14.54,1.609,1.189,0.372,0.376,23.61,22.29,1.802,1.482,0.427,0.422,22.05,27.86,1.908,1.523
"2022-07-15 14:00:00",337,"Testbed Site 3",39.10367,-96.60065,335,0.268,0.154,33.92,14.53,1.609,1.191,0.372,0.372,23.81,22.26,1.801,1.477,0.426,0.421,22.07,27.8,1.907,1.523
"2022-07-15 15:00:00",338,"Testbed Site 3",39.10367,-96.60065,335,0.268,0.154,31.07,14.49,1.608,1.19,0.372,0.376,24.11,22.23,1.801,1.482,0.426,0.421,22.05,27.78,1.906,1.522
"2022-07-15 16:00:00",339,"Testbed Site 3",39.10367,-96.60065,335,0.267,0.153,31.12,14.44,1.606,1.189,0.371,0.38,24.34,22.2,1.8,1.487,0.426,0.421,22.07,27.74,1.906,1.522
"2022-07-15 17:00:00",340,"Testbed Site 3",39.10367,-96.60065,335,0.266,0.152,31.23,14.39,1.605,1.188,0.371,0.379,24.51,22.16,1.799,1.485,0.426,0.421,22.1,27.74,1.906,1.522
"2022-07-15 18:00:00",341,"Testbed Site 3",39.10367,-96.60065,335,0.266,0.152,29.92,14.36,1.604,1.188,0.37,0.38,24.67,22.12,1.799,1.487,0.425,0.42,22.13,27.7,1.905,1.521
"2022-07-15 19:00:00",342,"Testbed Site 3",39.10367,-96.60065,335,0.266,0.151,28.55,14.35,1.604,1.187,0.37,0.386,24.8,22.08,1.798,1.495,0.425,0.421,22.17,27.68,1.905,1.522
"2022-07-15 20:00:00",343,"Testbed Site 3",39.10367,-96.60065,335,0.265,0.15,27.74,14.31,1.603,1.186,0.37,0.382,24.85,22.1,1.798,1.489,0.425,0.421,22.2,27.68,1.905,1.522
"2022-07-15 21:00:00",344,"Testbed Site 3",39.10367,-96.60065,335,0.264,0.149,26.91,14.29,1.602,1.184,0.369,0.387,24.86,22.02,1.797,1.496,0.425,0.421,22.24,27.68,1.905,1.523
"2022-07-15 22:00:00",345,"Testbed Site 3",39.10367,-96.60065,335,0.264,0.147,26.19,14.26,1.601,1.182,0.369,0.384,24.81,22.03,1.797,1.493,0.425,0.422,22.29,27.68,1.905,1.523
"2022-07-15 23:00:00",346,"Testbed Site 3",39.10367,-96.60065,335,0.264,0.145,25.76,14.24,1.601,1.18,0.369,0.382,24.72,22.04,1.797,1.49,0.425,0.422,22.31,27.68,1.905,1.523
"2022-07-16 00:00:00",347,"Testbed Site 3",39.10367,-96.60065,335,0.263,0.144,25.34,14.2,1.599,1.179,0.369,0.381,24.65,21.99,1.796,1.488,0.425,0.422,22.34,27.68,1.905,1.524
"2022-07-16 01:00:00",348,"Testbed Site 3",39.10367,-96.60065,335,0.263,0.144,24.96,14.19,1.599,1.178,0.369,0.381,24.55,21.99,1.796,1.488,0.425,0.422,22.39,27.67,1.905,1.524
"2022-07-16 02:00:00",349,"Testbed Site 3",39.10367,-96.60065,335,0.263,0.143,24.65,14.16,1.598,1.177,0.369,0.379,24.46,21.96,1.795,1.486,0.426,0.423,22.42,27.73,1.906,1.525
"2022-07-16 03:00:00",350,"Testbed Site 3",39.10367,-96.60065,335,0.262,0.142,24.45,14.12,1.597,1.175,0.368,0.382,24.35,21.93,1.795,1.489,0.426,0.424,22.44,27.73,1.906,1.525
"2022-07-16 04:00:00",351,"Testbed Site 3",39.10367,-96.60065,335,0.262,0.141,24.36,14.13,1.597,1.174,0.368,0.378,24.27,21.93,1.795,1.484,0.426,0.424,22.46,27.73,1.906,1.526
"2022-07-16 05:00:00",352,"Testbed Site 3",39.10367,-96.60065,335,0.261,0.141,24.31,14.1,1.596,1.174,0.368,0.38,24.16,21.88,1.794,1.487,0.426,0.423,22.48,27.73,1.906,1.525
"2022-07-16 06:00:00",353,"Testbed Site 3",39.10367,-96.60065,335,0.261,0.14,24.32,14.08,1.596,1.174,0.368,0.376,24.08,21.9,1.794,1.482,0.426,0.423,22.47,27.73,1.906,1.525
"2022-07-16 07:00:00",354,"Testbed Site 3",39.10367,-96.60065,335,0.261,0.14,24.63,14.09,1.596,1.173,0.367,0.378,24,21.87,1.793,1.485,0.426,0.424,22.48,27.73,1.906,1.525
"2022-07-16 08:00:00",355,"Testbed Site 3",39.10367,-96.60065,335,0.261,0.14,25.14,14.09,1.596,1.173,0.367,0.375,23.93,21.84,1.793,1.481,0.425,0.423,22.48,27.67,1.905,1.525
"2022-07-16 09:00:00",356,"Testbed Site 3",39.10367,-96.60065,335,0.261,0.14,25.8,14.09,1.596,1.173,0.367,0.372,23.92,21.84,1.792,1.477,0.425,0.423,22.48,27.67,1.905,1.525
"2022-07-16 10:00:00",357,"Testbed Site 3",39.10367,-96.60065,335,0.262,0.141,26.46,14.12,1.597,1.175,0.367,0.377,23.94,21.78,1.792,1.483,0.425,0.423,22.46,27.67,1.905,1.524
"2022-07-16 11:00:00",358,"Testbed Site 3",39.10367,-96.60065,335,0.261,0.142,25.93,14.1,1.596,1.175,0.367,0.375,23.98,21.79,1.792,1.48,0.425,0.423,22.47,27.65,1.904,1.525
"2022-07-16 12:00:00",359,"Testbed Site 3",39.10367,-96.60065,335,0.261,0.142,25.98,14.08,1.596,1.175,0.366,0.375,24,21.75,1.791,1.48,0.424,0.423,22.48,27.61,1.903,1.524
"2022-07-16 13:00:00",360,"Testbed Site 3",39.10367,-96.60065,335,0.261,0.142,25.97,14.08,1.596,1.175,0.366,0.377,24.01,21.73,1.79,1.483,0.424,0.423,22.48,27.61,1.903,1.524
"2022-07-16 14:00:00",361,"Testbed Site 3",39.10367,-96.60065,335,0.261,0.141,25.96,14.08,1.596,1.175,0.366,0.374,24.02,21.74,1.79,1.48,0.425,0.422,22.45,27.61,1.903,1.524
"2022-07-16 15:00:00",362,"Testbed Site 3",39.10367,-96.60065,335,0.261,0.142,26.75,14.08,1.596,1.175,0.366,0.371,24.03,21.71,1.79,1.476,0.425,0.422,22.46,27.61,1.903,1.524
"2022-07-16 16:00:00",363,"Testbed Site 3",39.10367,-96.60065,335,0.261,0.142,26.29,14.08,1.596,1.176,0.365,0.374,24.07,21.68,1.789,1.479,0.424,0.422,22.47,27.59,1.903,1.524
"2022-07-16 17:00:00",364,"Testbed Site 3",39.10367,-96.60065,335,0.261,0.142,26.24,14.08,1.596,1.176,0.365,0.377,24.12,21.67,1.789,1.483,0.424,0.422,22.5,27.55,1.902,1.524
"2022-07-16 18:00:00",365,"Testbed Site 3",39.10367,-96.60065,335,0.261,0.142,26.54,14.08,1.596,1.176,0.365,0.375,24.13,21.64,1.788,1.48,0.424,0.422,22.47,27.55,1.902,1.524
"2022-07-16 19:00:00",366,"Testbed Site 3",39.10367,-96.60065,335,0.261,0.143,26.22,14.08,1.596,1.177,0.365,0.375,24.16,21.63,1.788,1.48,0.424,0.422,22.46,27.55,1.902,1.523
"2022-07-16 20:00:00",367,"Testbed Site 3",39.10367,-96.60065,335,0.261,0.142,25.58,14.05,1.595,1.175,0.365,0.372,24.16,21.64,1.788,1.476,0.424,0.422,22.47,27.55,1.902,1.523
"2022-07-16 21:00:00",368,"Testbed Site 3",39.10367,-96.60065,335,0.26,0.141,25.15,14.04,1.595,1.174,0.364,0.372,24.13,21.6,1.787,1.476,0.424,0.422,22.48,27.55,1.902,1.523
"2022-07-16 22:00:00",369,"Testbed Site 3",39.10367,-96.60065,335,0.26,0.14,24.99,14.02,1.594,1.173,0.364,0.374,24.11,21.57,1.787,1.479,0.424,0.422,22.48,27.55,1.902,1.523
"2022-07-16 23:00:00",370,"Testbed Site 3",39.10367,-96.60065,335,0.26,0.139,24.94,14,1.594,1.172,0.364,0.373,24.05,21.57,1.787,1.478,0.424,0.422,22.5,27.55,1.902,1.523
"2022-07-17 00:00:00",371,"Testbed Site 3",39.10367,-96.60065,335,0.26,0.139,24.93,14,1.594,1.172,0.364,0.375,24.02,21.57,1.787,1.481,0.424,0.422,22.49,27.55,1.902,1.523
"2022-07-17 01:00:00",372,"Testbed Site 3",39.10367,-96.60065,335,0.26,0.139,24.72,14,1.594,1.172,0.364,0.372,23.99,21.52,1.786,1.477,0.424,0.422,22.5,27.55,1.902,1.523
"2022-07-17 02:00:00",373,"Testbed Site 3",39.10367,-96.60065,335,0.26,0.139,24.3,14,1.594,1.172,0.364,0.37,23.95,21.53,1.786,1.474,0.424,0.422,22.49,27.55,1.902,1.524
"2022-07-17 03:00:00",374,"Testbed Site 3",39.10367,-96.60065,335,0.259,0.138,23.84,13.96,1.593,1.17,0.364,0.372,23.9,21.52,1.786,1.477,0.423,0.422,22.5,27.49,1.901,1.524
"2022-07-17 04:00:00",375,"Testbed Site 3",39.10367,-96.60065,335,0.259,0.137,23.69,13.97,1.593,1.17,0.364,0.369,23.83,21.52,1.785,1.473,0.423,0.422,22.52,27.49,1.901,1.524
"2022-07-17 05:00:00",376,"Testbed Site 3",39.10367,-96.60065,335,0.259,0.137,23.59,13.94,1.592,1.169,0.363,0.371,23.75,21.47,1.785,1.475,0.423,0.422,22.51,27.49,1.901,1.523
"2022-07-17 06:00:00",377,"Testbed Site 3",39.10367,-96.60065,335,0.259,0.136,23.63,13.93,1.591,1.168,0.363,0.375,23.7,21.46,1.785,1.481,0.423,0.422,22.5,27.49,1.901,1.524
"2022-07-17 07:00:00",378,"Testbed Site 3",39.10367,-96.60065,335,0.259,0.136,23.88,13.93,1.591,1.168,0.363,0.372,23.62,21.47,1.785,1.477,0.423,0.422,22.49,27.49,1.901,1.524
"2022-07-17 10:00:00",379,"Testbed Site 3",39.10367,-96.60065,335,0.259,0.136,25.45,13.97,1.593,1.169,0.363,0.366,23.55,21.44,1.784,1.468,0.423,0.422,22.46,27.49,1.901,1.523
"2022-07-17 11:00:00",380,"Testbed Site 3",39.10367,-96.60065,335,0.259,0.137,26.09,13.97,1.593,1.17,0.362,0.368,23.58,21.41,1.783,1.472,0.423,0.421,22.46,27.45,1.9,1.522
"2022-07-17 12:00:00",381,"Testbed Site 3",39.10367,-96.60065,335,0.26,0.138,27.71,14.01,1.594,1.171,0.362,0.368,23.65,21.37,1.782,1.472,0.423,0.421,22.43,27.43,1.9,1.522
"2022-07-17 13:00:00",382,"Testbed Site 3",39.10367,-96.60065,335,0.26,0.14,28.14,14,1.594,1.173,0.362,0.369,23.75,21.37,1.782,1.472,0.423,0.42,22.43,27.43,1.9,1.521
"2022-07-17 14:00:00",383,"Testbed Site 3",39.10367,-96.60065,335,0.261,0.14,31.6,14.04,1.595,1.174,0.361,0.369,23.91,21.33,1.782,1.473,0.422,0.42,22.43,27.37,1.899,1.521
"2022-07-17 15:00:00",384,"Testbed Site 3",39.10367,-96.60065,335,0.26,0.141,29.18,14.01,1.594,1.175,0.361,0.373,24.14,21.3,1.781,1.477,0.422,0.419,22.42,27.37,1.899,1.52
"2022-07-17 16:00:00",385,"Testbed Site 3",39.10367,-96.60065,335,0.26,0.141,28.82,14,1.594,1.174,0.361,0.371,24.29,21.31,1.781,1.476,0.422,0.419,22.44,27.35,1.899,1.52
"2022-07-17 18:00:00",386,"Testbed Site 3",39.10367,-96.60065,335,0.259,0.14,27.98,13.94,1.592,1.173,0.361,0.37,24.51,21.26,1.78,1.475,0.422,0.419,22.44,27.31,1.898,1.52
"2022-07-18 07:00:00",387,"Testbed Site 3",39.10367,-96.60065,335,0.252,0.125,21.35,13.54,1.58,1.154,0.358,0.366,23.04,21,1.775,1.469,0.421,0.42,22.52,27.25,1.897,1.521
"2022-07-18 08:00:00",388,"Testbed Site 3",39.10367,-96.60065,335,0.252,0.124,22.57,13.54,1.58,1.154,0.357,0.365,22.89,20.95,1.773,1.467,0.421,0.419,22.52,27.25,1.897,1.52
"2022-07-18 11:00:00",389,"Testbed Site 3",39.10367,-96.60065,335,0.253,0.128,26.02,13.59,1.582,1.158,0.357,0.356,22.93,20.93,1.772,1.456,0.421,0.418,22.42,27.19,1.896,1.518
"2022-07-18 12:00:00",390,"Testbed Site 3",39.10367,-96.60065,335,0.253,0.128,27.04,13.61,1.582,1.159,0.356,0.363,23.03,20.9,1.772,1.466,0.421,0.418,22.4,27.19,1.896,1.518
"2022-07-18 14:00:00",391,"Testbed Site 3",39.10367,-96.60065,335,0.255,0.129,32.83,13.69,1.585,1.16,0.356,0.365,23.38,20.84,1.771,1.467,0.42,0.416,22.32,27.13,1.894,1.516
"2022-07-18 15:00:00",392,"Testbed Site 3",39.10367,-96.60065,335,0.254,0.131,29.2,13.66,1.584,1.162,0.356,0.366,23.67,20.83,1.771,1.469,0.42,0.415,22.32,27.08,1.893,1.515
"2022-07-18 16:00:00",393,"Testbed Site 3",39.10367,-96.60065,335,0.253,0.13,28.93,13.6,1.582,1.161,0.356,0.36,23.86,20.86,1.771,1.461,0.42,0.415,22.31,27.08,1.893,1.515
"2022-07-18 17:00:00",394,"Testbed Site 3",39.10367,-96.60065,335,0.253,0.13,28.93,13.56,1.581,1.161,0.356,0.362,24.07,20.85,1.771,1.463,0.419,0.414,22.31,27.02,1.892,1.514
"2022-07-19 07:00:00",395,"Testbed Site 3",39.10367,-96.60065,335,0.247,0.12,23.28,13.22,1.571,1.148,0.353,0.353,-8.191,-8.191,-8.191,-8.191,-8.191,-8.191,-8.191,-8.191,-8.191,-8.191
"2022-07-19 08:00:00",396,"Testbed Site 3",39.10367,-96.60065,335,0.247,0.12,24.28,13.22,1.571,1.148,0.352,0.36,23.16,20.53,1.764,1.461,0.418,0.415,22.43,26.89,1.89,1.514
"2022-07-19 10:00:00",397,"Testbed Site 3",39.10367,-96.60065,335,0.247,0.119,25.92,13.22,1.571,1.148,0.351,0.356,23.15,20.5,1.763,1.456,0.418,0.413,22.4,26.9,1.89,1.512
"2022-07-19 11:00:00",398,"Testbed Site 3",39.10367,-96.60065,335,0.247,0.12,26.99,13.22,1.571,1.148,0.351,0.358,23.24,20.43,1.762,1.458,0.418,0.413,22.38,26.84,1.889,1.512
"2022-07-19 12:00:00",399,"Testbed Site 3",39.10367,-96.60065,335,0.247,0.121,27.67,13.21,1.571,1.149,0.351,0.358,23.31,20.42,1.762,1.458,0.418,0.412,22.37,26.84,1.889,1.511
"2022-07-19 13:00:00",400,"Testbed Site 3",39.10367,-96.60065,335,0.247,0.122,28.09,13.21,1.571,1.15,0.35,0.356,23.43,20.39,1.761,1.456,0.417,0.411,22.38,26.8,1.888,1.51
"2022-07-19 14:00:00",401,"Testbed Site 3",39.10367,-96.60065,335,0.247,0.122,28.73,13.22,1.571,1.151,0.349,0.356,23.56,20.33,1.76,1.457,0.417,0.411,22.34,26.78,1.888,1.51
"2022-07-19 15:00:00",402,"Testbed Site 3",39.10367,-96.60065,335,0.247,0.123,28.98,13.22,1.571,1.152,0.35,0.353,23.72,20.35,1.76,1.452,0.417,0.411,22.34,26.74,1.887,1.509
"2022-07-19 16:00:00",403,"Testbed Site 3",39.10367,-96.60065,335,0.247,0.123,29.72,13.21,1.571,1.152,0.349,0.358,23.89,20.27,1.759,1.459,0.417,0.41,22.33,26.72,1.886,1.509
"2022-07-19 17:00:00",404,"Testbed Site 3",39.10367,-96.60065,335,0.247,0.122,30.07,13.21,1.571,1.151,0.349,0.354,24.14,20.29,1.759,1.454,0.416,0.41,22.35,26.66,1.885,1.508
"2022-07-19 18:00:00",405,"Testbed Site 3",39.10367,-96.60065,335,0.247,0.123,29,13.25,1.572,1.152,0.348,0.355,24.3,20.23,1.758,1.455,0.416,0.41,22.36,26.66,1.885,1.508
"2022-07-20 08:00:00",406,"Testbed Site 3",39.10367,-96.60065,335,0.242,0.112,23.16,12.91,1.562,1.138,0.345,0.353,23.29,19.97,1.752,1.453,0.416,0.41,22.54,26.6,1.884,1.509
"2022-07-20 10:00:00",407,"Testbed Site 3",39.10367,-96.60065,335,0.242,0.113,24.49,12.95,1.563,1.14,0.344,0.352,23.22,19.92,1.751,1.451,0.415,0.409,22.52,26.54,1.883,1.508
"2022-07-20 11:00:00",408,"Testbed Site 3",39.10367,-96.60065,335,0.242,0.114,26.16,12.93,1.563,1.14,0.344,0.345,23.22,19.92,1.75,1.442,0.415,0.409,22.49,26.54,1.883,1.507
"2022-07-20 12:00:00",409,"Testbed Site 3",39.10367,-96.60065,335,0.242,0.115,27.21,12.92,1.563,1.142,0.344,0.348,23.31,19.88,1.75,1.446,0.415,0.409,22.47,26.54,1.883,1.507
"2022-07-20 14:00:00",410,"Testbed Site 3",39.10367,-96.60065,335,0.244,0.116,32.79,13.03,1.566,1.144,0.343,0.35,23.63,19.82,1.749,1.448,0.414,0.407,22.44,26.47,1.882,1.505
"2022-07-20 15:00:00",411,"Testbed Site 3",39.10367,-96.60065,335,0.243,0.118,29.15,12.99,1.565,1.146,0.343,0.349,23.87,19.78,1.747,1.447,0.414,0.407,22.41,26.43,1.881,1.504
"2022-07-20 16:00:00",412,"Testbed Site 3",39.10367,-96.60065,335,0.242,0.118,29.23,12.93,1.563,1.145,0.342,0.352,24.05,19.76,1.747,1.451,0.414,0.406,22.41,26.41,1.88,1.504
"2022-07-20 17:00:00",413,"Testbed Site 3",39.10367,-96.60065,335,0.242,0.118,29.06,12.93,1.563,1.146,0.342,0.355,24.23,19.75,1.747,1.455,0.413,0.406,22.41,26.37,1.88,1.504
"2022-07-20 18:00:00",414,"Testbed Site 3",39.10367,-96.60065,335,0.242,0.118,27.64,12.93,1.563,1.146,0.342,0.348,24.34,19.72,1.746,1.446,0.413,0.405,22.43,26.37,1.88,1.502
"2022-07-21 09:00:00",415,"Testbed Site 3",39.10367,-96.60065,335,0.237,0.106,23.51,12.64,1.554,1.131,0.339,0.335,22.64,19.46,1.74,1.429,0.412,0.404,22.44,26.25,1.877,1.501
"2022-07-21 12:00:00",416,"Testbed Site 3",39.10367,-96.60065,335,0.238,0.109,27.62,12.7,1.556,1.135,0.337,0.337,22.85,19.35,1.737,1.431,0.412,0.403,22.35,26.2,1.876,1.499
"2022-07-21 13:00:00",417,"Testbed Site 3",39.10367,-96.60065,335,0.239,0.11,30.18,12.75,1.558,1.136,0.337,0.341,23.09,19.33,1.737,1.437,0.412,0.402,22.32,26.17,1.876,1.498
"2022-07-21 14:00:00",418,"Testbed Site 3",39.10367,-96.60065,335,0.239,0.112,32.58,12.76,1.558,1.139,0.337,0.338,23.31,19.29,1.736,1.433,0.411,0.401,22.3,26.14,1.875,1.497
"2022-07-21 15:00:00",419,"Testbed Site 3",39.10367,-96.60065,335,0.239,0.114,29.54,12.77,1.558,1.141,0.336,0.339,23.61,19.29,1.736,1.434,0.411,0.401,22.27,26.12,1.875,1.497
"2022-07-21 16:00:00",420,"Testbed Site 3",39.10367,-96.60065,335,0.239,0.114,30.06,12.78,1.559,1.141,0.336,0.342,23.83,19.27,1.736,1.438,0.411,0.4,22.27,26.08,1.874,1.496
"2022-07-21 17:00:00",421,"Testbed Site 3",39.10367,-96.60065,335,0.239,0.115,30.58,12.78,1.559,1.142,0.336,0.339,24.04,19.24,1.735,1.434,0.411,0.4,22.28,26.06,1.873,1.495
"2022-07-22 07:00:00",422,"Testbed Site 3",39.10367,-96.60065,335,0.234,0.106,23.45,12.48,1.55,1.131,0.333,0.334,23.42,19.05,1.731,1.427,0.41,0.4,22.47,25.96,1.872,1.496
"2022-07-22 09:00:00",423,"Testbed Site 3",39.10367,-96.60065,335,0.234,0.107,25.69,12.48,1.55,1.132,0.333,0.332,23.38,19,1.729,1.425,0.41,0.4,22.44,25.97,1.872,1.495
"2022-07-22 11:00:00",424,"Testbed Site 3",39.10367,-96.60065,335,0.236,0.107,29.47,12.56,1.552,1.132,0.331,0.337,23.49,18.88,1.727,1.431,0.409,0.399,22.43,25.91,1.871,1.495
"2022-07-22 12:00:00",425,"Testbed Site 3",39.10367,-96.60065,335,0.235,0.108,29.69,12.55,1.552,1.134,0.331,0.336,23.62,18.88,1.727,1.43,0.409,0.398,22.43,25.85,1.87,1.493
"2022-07-22 13:00:00",426,"Testbed Site 3",39.10367,-96.60065,335,0.236,0.108,31.39,12.58,1.553,1.133,0.331,0.332,23.72,18.84,1.726,1.426,0.409,0.398,22.42,25.85,1.87,1.493
"2022-07-22 14:00:00",427,"Testbed Site 3",39.10367,-96.60065,335,0.236,0.109,32.28,12.59,1.553,1.135,0.33,0.334,24.01,18.81,1.725,1.428,0.408,0.396,22.4,25.82,1.869,1.491
"2022-07-22 15:00:00",428,"Testbed Site 3",39.10367,-96.60065,335,0.236,0.11,30.84,12.57,1.553,1.136,0.33,0.332,24.21,18.79,1.725,1.425,0.408,0.396,22.42,25.8,1.868,1.491
"2022-07-22 16:00:00",429,"Testbed Site 3",39.10367,-96.60065,335,0.235,0.11,32.16,12.55,1.552,1.135,0.33,0.332,24.41,18.78,1.724,1.425,0.408,0.396,22.42,25.78,1.868,1.491
"2022-07-23 08:00:00",430,"Testbed Site 3",39.10367,-96.60065,335,0.23,0.102,25.8,12.25,1.543,1.126,0.325,0.333,24.16,18.43,1.717,1.426,0.407,0.396,22.77,25.68,1.866,1.491
"2022-07-23 09:00:00",431,"Testbed Site 3",39.10367,-96.60065,335,0.23,0.102,26.83,12.25,1.543,1.126,0.325,0.332,24.12,18.43,1.717,1.425,0.407,0.396,22.76,25.67,1.866,1.491
"2022-07-23 11:00:00",432,"Testbed Site 3",39.10367,-96.60065,335,0.231,0.103,29.93,12.29,1.544,1.128,0.324,0.33,24.2,18.34,1.715,1.423,0.406,0.395,22.74,25.62,1.865,1.49
"2022-07-23 14:00:00",433,"Testbed Site 3",39.10367,-96.60065,335,0.231,0.103,33.73,12.29,1.544,1.128,0.323,0.329,24.6,18.26,1.713,1.422,0.406,0.394,22.74,25.54,1.863,1.488
"2022-07-23 15:00:00",434,"Testbed Site 3",39.10367,-96.60065,335,0.23,0.104,31.67,12.24,1.543,1.128,0.323,0.329,24.82,18.24,1.712,1.421,0.406,0.393,22.75,25.57,1.864,1.487
"2022-07-23 16:00:00",435,"Testbed Site 3",39.10367,-96.60065,335,0.23,0.103,33.95,12.23,1.542,1.127,0.322,0.33,24.98,18.2,1.712,1.422,0.405,0.393,22.75,25.47,1.862,1.487
"2022-07-24 09:00:00",436,"Testbed Site 3",39.10367,-96.60065,335,0.224,0.096,27.2,11.91,1.533,1.118,0.318,0.326,24.67,17.9,1.705,1.417,0.404,0.393,23.08,25.39,1.86,1.487
"2022-07-24 10:00:00",437,"Testbed Site 3",39.10367,-96.60065,335,0.224,0.097,27.26,11.91,1.533,1.12,0.317,0.325,24.69,17.85,1.703,1.416,0.404,0.393,23.06,25.33,1.859,1.487
"2022-07-24 11:00:00",438,"Testbed Site 3",39.10367,-96.60065,335,0.224,0.097,27.61,11.91,1.533,1.12,0.317,0.325,24.72,17.85,1.703,1.417,0.404,0.392,23.07,25.33,1.859,1.486
"2022-07-24 12:00:00",439,"Testbed Site 3",39.10367,-96.60065,335,0.224,0.097,27.46,11.91,1.533,1.12,0.318,0.325,24.79,17.85,1.703,1.416,0.404,0.385,23.06,25.35,1.859,1.477
"2022-07-24 13:00:00",440,"Testbed Site 3",39.10367,-96.60065,335,0.224,0.096,27.82,11.91,1.533,1.119,0.317,0.325,24.78,17.85,1.703,1.416,0.404,0.392,23.06,25.33,1.859,1.486
"2022-07-24 14:00:00",441,"Testbed Site 3",39.10367,-96.60065,335,0.224,0.097,29.01,11.91,1.533,1.12,0.317,0.325,24.81,17.8,1.702,1.416,0.403,0.392,23.06,25.27,1.858,1.486
"2022-07-25 10:00:00",442,"Testbed Site 3",39.10367,-96.60065,335,0.402,0.356,20.96,25.16,1.856,1.442,0.375,0.388,22.37,22.52,1.807,1.497,0.418,0.435,22.81,26.9,1.891,1.539
"2022-07-25 12:00:00",443,"Testbed Site 3",39.10367,-96.60065,335,0.4,0.355,21.83,24.93,1.851,1.441,0.373,0.396,22.34,22.38,1.805,1.507,0.418,0.434,22.7,26.9,1.891,1.538
"2022-07-25 14:00:00",444,"Testbed Site 3",39.10367,-96.60065,335,0.398,0.351,22.5,24.7,1.847,1.435,0.372,0.385,22.35,22.25,1.802,1.494,0.418,0.433,22.59,26.9,1.891,1.537
"2022-07-25 16:00:00",445,"Testbed Site 3",39.10367,-96.60065,335,0.396,0.35,22.57,24.59,1.845,1.435,0.371,0.385,22.43,22.14,1.799,1.493,0.418,0.431,22.51,26.91,1.891,1.535
"2022-07-26 10:00:00",446,"Testbed Site 3",39.10367,-96.60065,335,0.394,0.339,21.08,24.39,1.84,1.42,0.366,0.375,21.72,21.74,1.79,1.48,0.418,0.426,22.03,26.86,1.89,1.529
"2022-07-27 11:00:00",447,"Testbed Site 3",39.10367,-96.60065,335,0.403,0.351,24.51,25.23,1.857,1.436,0.362,0.38,21.84,21.38,1.784,1.487,0.418,0.42,21.61,26.82,1.889,1.521
"2022-07-27 13:00:00",448,"Testbed Site 3",39.10367,-96.60065,335,0.401,0.363,26.4,25.02,1.854,1.451,0.362,0.372,22.13,21.42,1.784,1.476,0.417,0.42,21.57,26.76,1.888,1.521
"2022-07-27 14:00:00",449,"Testbed Site 3",39.10367,-96.60065,335,0.4,0.367,27.17,24.92,1.852,1.456,0.362,0.377,22.34,21.39,1.784,1.484,0.417,0.42,21.58,26.76,1.888,1.52
"2022-07-27 15:00:00",450,"Testbed Site 3",39.10367,-96.60065,335,0.399,0.367,26.42,24.82,1.85,1.456,0.362,0.375,22.53,21.4,1.784,1.48,0.416,0.419,21.57,26.7,1.886,1.52
"2022-07-27 16:00:00",451,"Testbed Site 3",39.10367,-96.60065,335,0.396,0.366,26.42,24.58,1.845,1.454,0.362,0.381,22.79,21.38,1.784,1.488,0.416,0.419,21.58,26.7,1.886,1.52
"2022-07-28 08:00:00",452,"Testbed Site 3",39.10367,-96.60065,335,0.42,0.386,22.51,27.05,1.893,1.479,0.365,0.381,22.73,21.6,1.788,1.488,0.416,0.42,21.91,26.69,1.886,1.521
"2022-07-28 10:00:00",453,"Testbed Site 3",39.10367,-96.60065,335,0.418,0.386,23.67,26.87,1.89,1.48,0.365,0.389,22.66,21.63,1.789,1.498,0.416,0.421,21.93,26.69,1.886,1.522
"2022-07-28 11:00:00",454,"Testbed Site 3",39.10367,-96.60065,335,0.418,0.38,24.48,26.85,1.889,1.473,0.365,0.384,22.66,21.64,1.789,1.493,0.416,0.42,21.9,26.69,1.886,1.522
"2022-07-28 13:00:00",455,"Testbed Site 3",39.10367,-96.60065,335,0.417,0.39,26.31,26.71,1.887,1.485,0.364,0.383,22.79,21.59,1.788,1.491,0.416,0.42,21.91,26.63,1.885,1.521
"2022-07-28 14:00:00",456,"Testbed Site 3",39.10367,-96.60065,335,0.416,0.395,26.28,26.6,1.885,1.492,0.364,0.384,22.94,21.59,1.788,1.492,0.416,0.42,21.91,26.63,1.885,1.521
"2022-07-28 15:00:00",457,"Testbed Site 3",39.10367,-96.60065,335,0.414,0.394,26.06,26.46,1.883,1.49,0.364,0.39,23.12,21.57,1.788,1.5,0.416,0.42,21.91,26.63,1.885,1.521
"2022-07-28 16:00:00",458,"Testbed Site 3",39.10367,-96.60065,335,0.413,0.392,27.04,26.35,1.88,1.487,0.364,0.385,23.24,21.59,1.788,1.493,0.416,0.42,21.92,26.63,1.885,1.521
"2022-07-29 11:00:00",459,"Testbed Site 3",39.10367,-96.60065,335,0.4,0.346,22.48,24.91,1.851,1.429,0.36,0.37,21.91,21.2,1.779,1.474,0.415,0.42,21.95,26.57,1.884,1.521
"2022-07-29 12:00:00",460,"Testbed Site 3",39.10367,-96.60065,335,0.398,0.347,22.91,24.77,1.848,1.431,0.36,0.369,21.98,21.2,1.779,1.473,0.415,0.419,21.93,26.58,1.884,1.52
"2022-07-29 13:00:00",461,"Testbed Site 3",39.10367,-96.60065,335,0.397,0.343,22.86,24.61,1.845,1.426,0.359,0.376,22.08,21.13,1.778,1.481,0.415,0.419,21.91,26.52,1.883,1.519
"2022-07-29 14:00:00",462,"Testbed Site 3",39.10367,-96.60065,335,0.396,0.343,22.73,24.55,1.844,1.426,0.359,0.375,22.13,21.13,1.778,1.481,0.415,0.418,21.86,26.52,1.883,1.518
"2022-07-29 15:00:00",463,"Testbed Site 3",39.10367,-96.60065,335,0.394,0.346,22.93,24.37,1.84,1.43,0.359,0.376,22.15,21.13,1.778,1.481,0.414,0.418,21.82,26.46,1.882,1.518
"2022-07-30 11:00:00",464,"Testbed Site 3",39.10367,-96.60065,335,0.383,0.319,21.77,23.25,1.816,1.396,0.356,0.352,20.87,20.89,1.771,1.451,0.413,0.411,21.47,26.29,1.879,1.51
"2022-07-30 12:00:00",465,"Testbed Site 3",39.10367,-96.60065,335,0.382,0.321,22.33,23.19,1.815,1.399,0.356,0.36,20.97,20.86,1.771,1.461,0.413,0.411,21.45,26.3,1.879,1.51
"2022-07-30 13:00:00",466,"Testbed Site 3",39.10367,-96.60065,335,0.381,0.32,23.93,23.13,1.814,1.397,0.355,0.356,21.08,20.82,1.77,1.456,0.412,0.41,21.4,26.24,1.877,1.508
"2022-07-30 14:00:00",467,"Testbed Site 3",39.10367,-96.60065,335,0.381,0.33,25.32,23.05,1.813,1.409,0.355,0.353,21.2,20.83,1.77,1.453,0.412,0.409,21.35,26.24,1.877,1.507
"2022-07-30 15:00:00",468,"Testbed Site 3",39.10367,-96.60065,335,0.379,0.329,24.11,22.94,1.811,1.409,0.355,0.354,21.42,20.83,1.77,1.454,0.412,0.409,21.34,26.2,1.877,1.507
"2022-07-30 16:00:00",469,"Testbed Site 3",39.10367,-96.60065,335,0.378,0.33,26.61,22.85,1.809,1.41,0.355,0.359,21.65,20.81,1.77,1.46,0.412,0.408,21.31,26.18,1.876,1.506
"2022-07-31 08:00:00",470,"Testbed Site 3",39.10367,-96.60065,335,0.37,0.31,21.93,22.05,1.792,1.384,0.354,0.353,21.5,20.67,1.767,1.452,0.411,0.407,21.37,26.12,1.875,1.505
"2022-07-31 11:00:00",471,"Testbed Site 3",39.10367,-96.60065,335,0.37,0.313,24.31,22.04,1.792,1.388,0.353,0.36,21.7,20.64,1.767,1.461,0.411,0.406,21.33,26.07,1.874,1.503
"2022-07-31 12:00:00",472,"Testbed Site 3",39.10367,-96.60065,335,0.369,0.318,24.88,21.97,1.79,1.394,0.353,0.355,21.75,20.66,1.767,1.455,0.411,0.406,21.35,26.07,1.874,1.503
"2022-07-31 13:00:00",473,"Testbed Site 3",39.10367,-96.60065,335,0.368,0.317,25.76,21.96,1.79,1.394,0.353,0.356,21.92,20.66,1.767,1.455,0.411,0.405,21.33,26.07,1.874,1.502
"2022-07-31 14:00:00",474,"Testbed Site 3",39.10367,-96.60065,335,0.368,0.326,27.82,21.89,1.789,1.405,0.353,0.359,22.09,20.59,1.766,1.46,0.41,0.405,21.33,26.01,1.873,1.502
"2022-07-31 15:00:00",475,"Testbed Site 3",39.10367,-96.60065,335,0.367,0.328,26.78,21.83,1.788,1.408,0.353,0.358,22.36,20.6,1.766,1.458,0.41,0.404,21.34,26.01,1.873,1.501
"2022-07-31 16:00:00",476,"Testbed Site 3",39.10367,-96.60065,335,0.367,0.331,28.8,21.79,1.787,1.411,0.353,0.362,22.58,20.58,1.766,1.464,0.41,0.404,21.33,25.99,1.873,1.501
"2022-07-31 17:00:00",477,"Testbed Site 3",39.10367,-96.60065,335,0.366,0.334,27.12,21.76,1.787,1.415,0.353,0.359,22.9,20.64,1.767,1.46,0.41,0.404,21.36,25.95,1.872,1.501
"2022-08-01 11:00:00",478,"Testbed Site 3",39.10367,-96.60065,335,0.358,0.309,25.78,21.02,1.77,1.383,0.35,0.365,22.95,20.36,1.761,1.467,0.41,0.407,21.85,25.94,1.872,1.504
"2022-08-01 12:00:00",479,"Testbed Site 3",39.10367,-96.60065,335,0.356,0.314,26.51,20.9,1.768,1.389,0.35,0.365,23.05,20.35,1.761,1.467,0.41,0.406,21.83,25.95,1.872,1.503
"2022-08-01 13:00:00",480,"Testbed Site 3",39.10367,-96.60065,335,0.355,0.315,27.14,20.81,1.766,1.391,0.349,0.365,23.16,20.3,1.76,1.468,0.41,0.406,21.84,25.95,1.872,1.504
"2022-08-01 14:00:00",481,"Testbed Site 3",39.10367,-96.60065,335,0.355,0.316,29.41,20.76,1.765,1.393,0.349,0.366,23.29,20.3,1.76,1.469,0.409,0.406,21.86,25.89,1.871,1.503
"2022-08-01 15:00:00",482,"Testbed Site 3",39.10367,-96.60065,335,0.353,0.318,27.9,20.62,1.762,1.394,0.349,0.366,23.49,20.29,1.76,1.469,0.409,0.405,21.86,25.89,1.871,1.503
"2022-08-01 16:00:00",483,"Testbed Site 3",39.10367,-96.60065,335,0.352,0.319,30.49,20.5,1.76,1.396,0.349,0.368,23.74,20.29,1.76,1.471,0.408,0.405,21.89,25.83,1.87,1.502
"2022-08-01 17:00:00",484,"Testbed Site 3",39.10367,-96.60065,335,0.351,0.318,28.87,20.45,1.759,1.394,0.348,0.369,24,20.23,1.759,1.473,0.408,0.405,21.91,25.83,1.87,1.502
"2022-08-02 09:00:00",485,"Testbed Site 3",39.10367,-96.60065,335,0.341,0.285,25.26,19.67,1.74,1.353,0.345,0.361,23.39,19.99,1.753,1.463,0.408,0.407,22.31,25.82,1.87,1.505
"2022-08-02 11:00:00",486,"Testbed Site 3",39.10367,-96.60065,335,0.341,0.288,26.69,19.66,1.74,1.357,0.345,0.36,23.44,19.94,1.752,1.461,0.409,0.407,22.3,25.85,1.87,1.504
"2022-08-02 13:00:00",487,"Testbed Site 3",39.10367,-96.60065,335,0.34,0.29,28,19.6,1.738,1.36,0.344,0.36,23.65,19.89,1.751,1.461,0.408,0.405,22.29,25.77,1.868,1.503
"2022-08-02 14:00:00",488,"Testbed Site 3",39.10367,-96.60065,335,0.34,0.292,29.67,19.57,1.738,1.362,0.343,0.36,23.79,19.84,1.75,1.461,0.407,0.405,22.3,25.73,1.868,1.502
"2022-08-02 15:00:00",489,"Testbed Site 3",39.10367,-96.60065,335,0.34,0.293,29.16,19.55,1.738,1.364,0.343,0.361,24,19.83,1.75,1.463,0.407,0.405,22.3,25.71,1.867,1.502
"2022-08-02 16:00:00",490,"Testbed Site 3",39.10367,-96.60065,335,0.339,0.292,29.71,19.47,1.736,1.363,0.343,0.362,24.17,19.83,1.75,1.463,0.407,0.404,22.31,25.69,1.867,1.501
"2022-08-02 17:00:00",491,"Testbed Site 3",39.10367,-96.60065,335,0.338,0.291,29.61,19.38,1.734,1.361,0.343,0.363,-8.191,-8.191,-8.191,-8.191,-8.191,-8.191,-8.191,-8.191,-8.191,-8.191
"2022-08-03 10:00:00",492,"Testbed Site 3",39.10367,-96.60065,335,0.326,0.262,26.08,18.51,1.712,1.325,0.34,0.357,24.09,19.53,1.743,1.457,0.407,0.405,22.7,25.65,1.866,1.502
"2022-08-03 11:00:00",493,"Testbed Site 3",39.10367,-96.60065,335,0.326,0.265,26.81,18.45,1.711,1.329,0.34,0.357,24.09,19.53,1.743,1.457,0.406,0.404,22.71,25.59,1.865,1.502
"2022-08-03 14:00:00",494,"Testbed Site 3",39.10367,-96.60065,335,0.327,0.267,26.79,18.55,1.714,1.331,0.339,0.359,24.29,19.47,1.742,1.459,0.406,0.404,22.69,25.59,1.865,1.501
"2022-08-03 15:00:00",495,"Testbed Site 3",39.10367,-96.60065,335,0.328,0.269,27.32,18.61,1.715,1.333,0.339,0.357,24.35,19.48,1.742,1.458,0.406,0.404,22.71,25.59,1.865,1.501
"2022-08-03 16:00:00",496,"Testbed Site 3",39.10367,-96.60065,335,0.328,0.269,30.3,18.67,1.717,1.334,0.339,0.357,24.42,19.48,1.742,1.458,0.406,0.404,22.71,25.55,1.864,1.501
"2022-08-04 11:00:00",497,"Testbed Site 3",39.10367,-96.60065,335,0.32,0.253,27.48,18.04,1.701,1.314,0.336,0.354,24.19,19.28,1.737,1.453,0.406,0.404,22.93,25.53,1.864,1.501
"2022-08-04 13:00:00",498,"Testbed Site 3",39.10367,-96.60065,335,0.32,0.254,27.98,18.03,1.701,1.315,0.336,0.353,24.32,19.28,1.737,1.453,0.405,0.403,22.93,25.49,1.863,1.5
"2022-08-04 14:00:00",499,"Testbed Site 3",39.10367,-96.60065,335,0.32,0.254,29.96,18.03,1.701,1.315,0.336,0.354,24.46,19.23,1.736,1.453,0.406,0.403,22.93,25.53,1.864,1.5
"2022-08-04 15:00:00",500,"Testbed Site 3",39.10367,-96.60065,335,0.319,0.255,28.84,18,1.7,1.316,0.336,0.354,24.65,19.23,1.736,1.453,0.406,0.403,22.92,25.54,1.864,1.499
"2022-08-04 16:00:00",501,"Testbed Site 3",39.10367,-96.60065,335,0.319,0.255,31.86,17.98,1.7,1.317,0.336,0.355,24.8,19.22,1.736,1.455,0.405,0.4,22.92,25.5,1.863,1.496
"2022-08-05 11:00:00",502,"Testbed Site 3",39.10367,-96.60065,335,0.31,0.234,27.84,17.32,1.683,1.289,0.333,0.348,24.31,18.99,1.731,1.445,0.405,0.402,23.12,25.42,1.862,1.499
"2022-08-05 13:00:00",503,"Testbed Site 3",39.10367,-96.60065,335,0.309,0.231,28.96,17.23,1.681,1.287,0.332,0.347,24.51,18.94,1.729,1.444,0.404,0.401,23.09,25.36,1.86,1.498
"2022-08-05 14:00:00",504,"Testbed Site 3",39.10367,-96.60065,335,0.308,0.231,31.06,17.16,1.679,1.286,0.332,0.347,24.65,18.94,1.729,1.444,0.404,0.398,23.07,25.37,1.86,1.493
"2022-08-05 15:00:00",505,"Testbed Site 3",39.10367,-96.60065,335,0.307,0.232,29.69,17.11,1.678,1.287,0.332,0.347,24.85,18.94,1.729,1.445,0.403,0.4,23.07,25.31,1.859,1.496
"2022-08-05 16:00:00",506,"Testbed Site 3",39.10367,-96.60065,335,0.306,0.229,32.64,17.04,1.676,1.284,0.331,0.346,25,18.9,1.728,1.443,0.403,0.397,23.08,25.32,1.859,1.492
