"TOA5","CR300-23666","CR300","23666","CR300-CELL205.Std.10.02","CPU:Testbed_code_site_2.CR300","5761","Table_Teros12"
"TIMESTAMP","RECORD","station","latitude","longitude","altitude","Teros12_VWC_5_Avg","Teros12_Perm_5_Avg","Teros12_RAW_5_Avg","Teros12_Temp_5_Avg","Teros12_EC_5_Avg","Teros12_VWC_20_Avg","Teros12_Perm_20_Avg","Teros12_RAW_20_Avg","Teros12_Temp_20_Avg","Teros12_EC_20_Avg","Teros12_VWC_40_Avg","Teros12_Perm_40_Avg","Teros12_RAW_40_Avg","Teros12_Temp_40_Avg","Teros12_EC_40_Avg"
"TS","RN","name","decdegrees","decdegrees","m","m^3/m^3","unitless","unitless","Deg c","dS/m","m^3/m^3","unitless","unitless","Deg c","dS/m","m^3/m^3","unitless","unitless","Deg c","dS/m"
"","","Smp","Smp","Smp","Smp","Avg","Avg","Avg","Avg","Avg","Avg","Avg","Avg","Avg","Avg","Avg","Avg","Avg","Avg","Avg"
"2022-06-07 19:00:00",0,"Testbed Site 2",39.12561,-96.6388,326,0.013,1.389,1827,22.92,1,0.012,1.364,1825,22.88,0.833,0.013,1.398,1827,22.72,1
"2022-06-07 20:00:00",1,"Testbed Site 2",39.12561,-96.6388,326,0.013,1.403,1828,22.53,1,0.012,1.37,1825,22.61,0.917,0.013,1.395,1827,22.36,1
"2022-06-07 21:00:00",2,"Testbed Site 2",39.12561,-96.6388,326,0.013,1.406,1828,22.15,1,0.012,1.368,1825,22.23,0.917,0.014,1.426,1829,21.99,1
"2022-06-07 22:00:00",3,"Testbed Site 2",39.12561,-96.6388,326,0.013,1.399,1828,21.88,1,0.012,1.363,1825,21.96,0.75,0.016,1.484,1834,21.72,1
"2022-06-07 23:00:00",4,"Testbed Site 2",39.12561,-96.6388,326,0.013,1.403,1828,21.69,0.917,0.012,1.365,1825,21.76,0.75,0.014,1.438,1830,21.56,1
"2022-06-08 00:00:00",5,"Testbed Site 2",39.12561,-96.6388,326,0.014,1.407,1828,21.88,0.917,0.012,1.37,1825,21.9,0.917,0.015,1.46,1832,21.73,0.917
"2022-06-08 01:00:00",6,"Testbed Site 2",39.12561,-96.6388,326,0.013,1.403,1828,22.1,0.833,0.012,1.371,1825,22.12,0.833,0.015,1.448,1831,21.93,1
"2022-06-08 02:00:00",7,"Testbed Site 2",39.12561,-96.6388,326,0.013,1.404,1828,22.04,1,0.013,1.373,1826,22.1,0.583,0.014,1.43,1830,21.89,1
"2022-06-08 03:00:00",8,"Testbed Site 2",39.12561,-96.6388,326,0.014,1.409,1828,22,1,0.013,1.374,1826,22.04,0.75,0.014,1.436,1830,21.8,0.833
"2022-06-08 04:00:00",9,"Testbed Site 2",39.12561,-96.6388,326,0.014,1.406,1828,21.98,0.75,0.012,1.369,1825,22,0.833,0.014,1.414,1829,21.8,1
"2022-06-08 05:00:00",10,"Testbed Site 2",39.12561,-96.6388,326,0.014,1.406,1828,21.97,1,0.012,1.371,1825,22,0.583,0.015,1.452,1831,21.8,1
"2022-06-08 06:00:00",11,"Testbed Site 2",39.12561,-96.6388,326,0.014,1.407,1828,21.91,0.917,0.012,1.371,1825,22,0.917,0.015,1.441,1831,21.8,1
"2022-06-08 07:00:00",12,"Testbed Site 2",39.12561,-96.6388,326,0.014,1.406,1828,21.9,0.917,0.013,1.374,1826,21.98,0.75,0.014,1.43,1830,21.73,1
"2022-06-08 08:00:00",13,"Testbed Site 2",39.12561,-96.6388,326,0.014,1.406,1828,21.93,0.917,0.013,1.376,1826,21.93,0.75,0.015,1.465,1832,21.76,1
"2022-06-08 09:00:00",14,"Testbed Site 2",39.12561,-96.6388,326,0.013,1.403,1828,22.18,1,0.013,1.375,1826,22.16,0.917,0.014,1.439,1830,22.06,1
"2022-06-08 10:00:00",15,"Testbed Site 2",39.12561,-96.6388,326,0.014,1.411,1828,22.3,1,0.013,1.372,1826,22.29,0.75,0.014,1.412,1828,22.2,1
"2022-06-08 11:00:00",16,"Testbed Site 2",39.12561,-96.6388,326,0.014,1.409,1828,22.39,0.917,0.013,1.377,1826,22.36,0.75,0.014,1.424,1829,22.27,0.75
"2022-06-08 12:00:00",17,"Testbed Site 2",39.12561,-96.6388,326,0.014,1.411,1828,22.63,0.833,0.013,1.372,1826,22.58,0.917,0.015,1.441,1831,22.49,1
"2022-06-08 13:00:00",18,"Testbed Site 2",39.12561,-96.6388,326,0.014,1.413,1829,22.79,0.917,0.012,1.368,1825,22.74,0.583,0.014,1.44,1831,22.6,0.917
"2022-06-08 14:00:00",19,"Testbed Site 2",39.12561,-96.6388,326,0.014,1.411,1828,22.74,0.667,0.013,1.379,1826,22.72,0.75,0.014,1.433,1830,22.6,1
"2022-06-08 15:00:00",20,"Testbed Site 2",39.12561,-96.6388,326,0.014,1.412,1828,22.7,0.917,0.013,1.378,1826,22.7,0.917,0.013,1.394,1827,22.6,1
"2022-06-08 16:00:00",21,"Testbed Site 2",39.12561,-96.6388,326,0.014,1.407,1828,22.73,0.833,0.013,1.374,1826,22.7,0.75,0.014,1.421,1829,22.6,1
"2022-06-08 17:00:00",22,"Testbed Site 2",39.12561,-96.6388,326,0.014,1.415,1829,22.86,1,0.013,1.381,1826,22.84,0.833,0.014,1.412,1828,22.68,1
"2022-06-08 18:00:00",23,"Testbed Site 2",39.12561,-96.6388,326,"NAN","NAN","NAN","NAN","NAN","NAN","NAN","NAN","NAN","NAN","NAN","NAN","NAN","NAN","NAN"
"2022-06-08 19:00:00",24,"Testbed Site 2",39.12561,-96.6388,326,0.014,1.426,1830,22.92,0.833,0.013,1.38,1826,22.92,0.75,0.013,1.395,1827,22.71,1
"2022-06-08 20:00:00",25,"Testbed Site 2",39.12561,-96.6388,326,0.014,1.43,1830,22.58,0.833,0.013,1.375,1826,22.63,0.75,0.013,1.405,1828,22.34,0.917
"2022-06-08 21:00:00",26,"Testbed Site 2",39.12561,-96.6388,326,0.014,1.427,1830,22.34,0.833,0.013,1.378,1826,22.38,0.667,0.013,1.398,1827,22.15,1
"2022-06-08 22:00:00",27,"Testbed Site 2",39.12561,-96.6388,326,0.014,1.425,1829,22.2,0.833,0.012,1.37,1825,22.24,0.833,0.014,1.406,1828,22.01,0.917
"2022-06-08 23:00:00",28,"Testbed Site 2",39.12561,-96.6388,326,0.014,1.424,1829,22.08,0.917,0.013,1.374,1826,22.13,0.917,0.014,1.415,1829,21.89,0.917
"2022-06-09 00:00:00",29,"Testbed Site 2",39.12561,-96.6388,326,0.014,1.427,1830,21.97,1,0.013,1.374,1826,22.03,0.833,0.014,1.432,1830,21.78,1
"2022-06-09 01:00:00",30,"Testbed Site 2",39.12561,-96.6388,326,0.014,1.422,1829,21.87,0.667,0.013,1.375,1826,21.92,0.917,0.014,1.421,1829,21.69,0.833
"2022-06-09 02:00:00",31,"Testbed Site 2",39.12561,-96.6388,326,0.014,1.419,1829,21.8,0.75,0.013,1.373,1826,21.88,0.667,0.015,1.449,1831,21.64,1
"2022-06-09 03:00:00",32,"Testbed Site 2",39.12561,-96.6388,326,0.014,1.42,1829,21.9,0.75,0.013,1.373,1826,21.9,0.917,0.014,1.418,1829,21.7,1
"2022-06-09 04:00:00",33,"Testbed Site 2",39.12561,-96.6388,326,0.014,1.427,1830,21.9,0.917,0.013,1.378,1826,21.9,0.917,0.014,1.438,1830,21.7,0.917
"2022-06-09 05:00:00",34,"Testbed Site 2",39.12561,-96.6388,326,0.014,1.419,1829,21.98,0.833,0.013,1.371,1825,21.98,0.75,0.014,1.432,1830,21.83,1
"2022-06-09 06:00:00",35,"Testbed Site 2",39.12561,-96.6388,326,0.014,1.422,1829,21.96,0.833,0.013,1.375,1826,22,1,0.016,1.476,1833,21.8,0.917
"2022-06-09 07:00:00",36,"Testbed Site 2",39.12561,-96.6388,326,0.014,1.422,1829,21.9,0.583,0.013,1.376,1826,21.93,0.75,0.014,1.42,1829,21.71,0.917
"2022-06-09 08:00:00",37,"Testbed Site 2",39.12561,-96.6388,326,0.014,1.426,1830,22.12,0.667,0.013,1.378,1826,22.1,0.5,0.013,1.398,1827,21.98,1
"2022-06-09 09:00:00",38,"Testbed Site 2",39.12561,-96.6388,326,0.014,1.421,1829,22.44,0.917,0.012,1.37,1825,22.37,0.667,0.015,1.451,1831,22.28,0.75
"2022-06-09 10:00:00",39,"Testbed Site 2",39.12561,-96.6388,326,0.014,1.426,1830,22.54,0.667,0.012,1.369,1825,22.5,0.667,0.014,1.435,1830,22.39,1
"2022-06-09 11:00:00",40,"Testbed Site 2",39.12561,-96.6388,326,0.014,1.423,1829,22.46,0.833,0.012,1.371,1825,22.47,0.667,0.014,1.433,1830,22.26,1
"2022-06-09 12:00:00",41,"Testbed Site 2",39.12561,-96.6388,326,0.014,1.423,1829,22.32,0.917,0.013,1.373,1826,22.3,0.833,0.014,1.434,1830,22.15,0.917
"2022-06-09 13:00:00",42,"Testbed Site 2",39.12561,-96.6388,326,0.014,1.422,1829,22.07,0.833,0.013,1.371,1825,22.08,0.583,0.014,1.431,1830,21.86,1
"2022-06-09 14:00:00",43,"Testbed Site 2",39.12561,-96.6388,326,0.014,1.422,1829,21.76,0.5,0.012,1.371,1825,21.78,1,0.015,1.45,1831,21.58,1
"2022-06-09 15:00:00",44,"Testbed Site 2",39.12561,-96.6388,326,0.014,1.422,1829,21.96,0.833,0.013,1.371,1825,21.9,1,0.014,1.427,1830,21.84,0.917
"2022-06-09 16:00:00",45,"Testbed Site 2",39.12561,-96.6388,326,0.015,1.473,1833,21.97,0.917,0.012,1.352,1824,21.92,0.833,0.013,1.396,1827,21.87,1
"2022-06-29 13:00:00",0,"Testbed Site 1",39.12561,-96.6388,326,"NAN","NAN","NAN","NAN","NAN","NAN","NAN","NAN","NAN","NAN","NAN","NAN","NAN","NAN","NAN"
"2022-06-29 14:00:00",1,"Testbed Site 1",39.12561,-96.6388,326,0.244,11.54,2422,28.88,138.9,0.346,17.66,2685,33.94,371.3,0.361,18.85,2724,37.13,436.5
"2022-06-29 15:00:00",2,"Testbed Site 1",39.12561,-96.6388,326,0.243,11.49,2419,29.57,138.9,0.345,17.61,2683,34.08,373.3,0.361,18.81,2723,37.06,444.2
"2022-06-29 16:00:00",3,"Testbed Site 1",39.12561,-96.6388,326,0.253,12.01,2446,29.37,173.8,0.336,16.91,2659,30.26,386.5,0.357,18.53,2714,31.35,480.8
"2022-06-29 17:00:00",4,"Testbed Site 1",39.12561,-96.6388,326,0.261,12.4,2466,29.5,205.9,0.336,16.93,2660,29.48,399.8,0.357,18.53,2714,29.58,491
"2022-07-01 13:00:00",0,"Testbed Site 3",39.10367,-96.60065,335,0.209,9.88,2332,23.2,72,0.294,14.24,2552,21.7,385,0.331,16.6,2648,20.3,395
"2022-07-01 14:00:00",1,"Testbed Site 3",39.10367,-96.60065,335,0.209,9.9,2333,23.13,72,0.294,14.24,2552,21.7,390.7,0.331,16.59,2648,20.3,399
"2022-07-01 15:00:00",2,"Testbed Site 3",39.10367,-96.60065,335,0.209,9.88,2332,23.13,72,0.294,14.24,2552,21.73,390.3,0.331,16.59,2648,20.3,395.7
"2022-07-01 16:00:00",3,"Testbed Site 3",39.10367,-96.60065,335,0.209,9.88,2332,23.33,72,0.295,14.24,2553,21.8,392,0.331,16.6,2648,20.3,401.7
"2022-07-01 17:00:00",4,"Testbed Site 3",39.10367,-96.60065,335,0.209,9.89,2332,23.43,72,0.295,14.24,2553,21.8,393,0.331,16.59,2647,20.3,402
"2022-07-01 18:00:00",5,"Testbed Site 3",39.10367,-96.60065,335,0.243,11.63,2421,23.33,100,0.295,14.25,2553,21.9,395,0.331,16.58,2647,20.3,397.7
"2022-07-01 19:00:00",6,"Testbed Site 3",39.10367,-96.60065,335,0.319,15.77,2616,22.97,186.3,0.301,14.63,2569,21.9,401,0.331,16.59,2647,20.4,393.7
"2022-07-01 20:00:00",7,"Testbed Site 3",39.10367,-96.60065,335,0.326,16.22,2633,22.57,193.3,0.332,16.66,2650,22,430.3,0.331,16.59,2647,20.4,399
"2022-07-01 21:00:00",8,"Testbed Site 3",39.10367,-96.60065,335,0.321,15.87,2620,22.2,192,0.34,17.22,2670,22,439,0.332,16.64,2649,20.4,402
"2022-07-01 22:00:00",9,"Testbed Site 3",39.10367,-96.60065,335,0.312,15.31,2598,21.97,188.7,0.336,16.95,2660,21.93,439.3,0.332,16.65,2650,20.4,404
"2022-07-01 23:00:00",10,"Testbed Site 3",39.10367,-96.60065,335,0.309,15.13,2590,21.9,187.7,0.335,16.82,2656,21.9,442,0.333,16.7,2651,20.4,411
"2022-07-02 00:00:00",11,"Testbed Site 3",39.10367,-96.60065,335,0.306,14.93,2582,21.8,186.7,0.333,16.74,2653,21.83,441,0.334,16.77,2654,20.4,408.7
"2022-07-02 01:00:00",12,"Testbed Site 3",39.10367,-96.60065,335,0.304,14.81,2577,21.8,186.3,0.332,16.67,2650,21.77,443.3,0.335,16.88,2658,20.4,412.7
"2022-07-02 02:00:00",13,"Testbed Site 3",39.10367,-96.60065,335,0.308,15.06,2588,21.73,187.3,0.332,16.64,2649,21.7,437.7,0.337,16.99,2662,20.4,415
"2022-07-02 03:00:00",14,"Testbed Site 3",39.10367,-96.60065,335,0.322,15.96,2623,21.7,204.7,0.336,16.91,2659,21.7,437.7,0.338,17.08,2665,20.4,415.3
"2022-07-02 04:00:00",15,"Testbed Site 3",39.10367,-96.60065,335,0.329,16.43,2641,21.63,212.7,0.344,17.52,2680,21.6,451.3,0.341,17.3,2673,20.4,420.3
"2022-07-02 05:00:00",16,"Testbed Site 3",39.10367,-96.60065,335,0.328,16.34,2638,21.53,215,0.347,17.74,2688,21.6,449,0.347,17.76,2688,20.43,424.7
"2022-07-02 06:00:00",17,"Testbed Site 3",39.10367,-96.60065,335,0.33,16.48,2643,21.43,221.3,0.347,17.76,2688,21.57,452,0.353,18.2,2703,20.5,427.7
"2022-07-02 07:00:00",18,"Testbed Site 3",39.10367,-96.60065,335,0.329,16.45,2642,21.37,222.7,0.349,17.9,2693,21.5,457.3,0.362,18.91,2726,20.5,436.7
"2022-07-02 08:00:00",19,"Testbed Site 3",39.10367,-96.60065,335,0.321,15.88,2620,21.3,216,0.346,17.64,2685,21.5,453.7,0.366,19.26,2736,20.5,440.7
"2022-07-02 09:00:00",20,"Testbed Site 3",39.10367,-96.60065,335,0.316,15.57,2608,21.3,212.7,0.343,17.45,2678,21.4,446.3,0.367,19.39,2740,20.5,436
"2022-07-02 10:00:00",21,"Testbed Site 3",39.10367,-96.60065,335,0.312,15.31,2598,21.43,210.3,0.341,17.31,2673,21.4,453,0.367,19.39,2740,20.5,437.7
"2022-07-02 11:00:00",22,"Testbed Site 3",39.10367,-96.60065,335,0.31,15.16,2591,21.53,210,0.34,17.19,2669,21.4,449.3,0.367,19.39,2740,20.5,439.3
"2022-07-02 12:00:00",23,"Testbed Site 3",39.10367,-96.60065,335,0.307,15,2585,21.77,208,0.339,17.11,2666,21.33,451.3,0.367,19.4,2740,20.5,437.3
"2022-07-02 13:00:00",24,"Testbed Site 3",39.10367,-96.60065,335,0.305,14.89,2580,22,206,0.338,17.04,2664,21.3,450.7,0.367,19.34,2739,20.5,441
"2022-07-02 14:00:00",25,"Testbed Site 3",39.10367,-96.60065,335,0.303,14.77,2575,22.3,203.3,0.337,16.98,2661,21.4,448.7,0.367,19.39,2740,20.5,441
"2022-07-02 15:00:00",26,"Testbed Site 3",39.10367,-96.60065,335,0.302,14.69,2572,22.47,203,0.336,16.92,2659,21.4,448.7,0.367,19.36,2740,20.5,440
"2022-07-02 16:00:00",27,"Testbed Site 3",39.10367,-96.60065,335,0.301,14.61,2569,22.53,202.7,0.336,16.9,2659,21.43,445.7,0.366,19.31,2738,20.5,440.3
"2022-07-02 17:00:00",28,"Testbed Site 3",39.10367,-96.60065,335,0.3,14.54,2566,22.7,201.3,0.335,16.85,2657,21.5,452,0.367,19.33,2739,20.4,436
"2022-07-02 18:00:00",29,"Testbed Site 3",39.10367,-96.60065,335,0.298,14.46,2562,22.97,201,0.335,16.83,2656,21.53,453.7,0.367,19.33,2739,20.4,439.7
"2022-07-02 19:00:00",30,"Testbed Site 3",39.10367,-96.60065,335,0.298,14.43,2560,23.1,199.3,0.334,16.8,2655,21.6,452.3,0.367,19.35,2739,20.4,440
"2022-07-02 20:00:00",31,"Testbed Site 3",39.10367,-96.60065,335,0.297,14.39,2559,23,199.7,0.334,16.78,2654,21.63,454.3,0.367,19.38,2740,20.4,441.3
"2022-07-02 21:00:00",32,"Testbed Site 3",39.10367,-96.60065,335,0.297,14.36,2558,22.8,199.3,0.334,16.75,2653,21.7,454.7,0.368,19.41,2741,20.4,441.3
"2022-07-02 22:00:00",33,"Testbed Site 3",39.10367,-96.60065,335,0.296,14.34,2557,22.6,196.7,0.333,16.7,2651,21.7,455.7,0.368,19.42,2741,20.4,442
"2022-07-02 23:00:00",34,"Testbed Site 3",39.10367,-96.60065,335,0.296,14.33,2556,22.37,199,0.333,16.69,2651,21.77,455.7,0.368,19.43,2742,20.4,442
"2022-07-03 00:00:00",35,"Testbed Site 3",39.10367,-96.60065,335,0.296,14.32,2556,22.17,195.7,0.332,16.66,2650,21.77,455.3,0.368,19.44,2742,20.4,439.3
"2022-07-03 01:00:00",36,"Testbed Site 3",39.10367,-96.60065,335,0.296,14.3,2555,22.03,196.3,0.332,16.63,2649,21.7,455.3,0.368,19.47,2743,20.47,442
"2022-07-03 02:00:00",37,"Testbed Site 3",39.10367,-96.60065,335,0.295,14.27,2554,21.9,196.7,0.332,16.62,2648,21.7,456,0.368,19.46,2742,20.5,440
"2022-07-03 03:00:00",38,"Testbed Site 3",39.10367,-96.60065,335,0.295,14.28,2554,21.83,196,0.332,16.62,2648,21.7,458,0.368,19.48,2743,20.5,443.7
"2022-07-03 04:00:00",39,"Testbed Site 3",39.10367,-96.60065,335,0.295,14.28,2554,21.67,196.7,0.331,16.59,2647,21.63,457.7,0.369,19.5,2744,20.5,442.7
"2022-07-03 05:00:00",40,"Testbed Site 3",39.10367,-96.60065,335,0.295,14.25,2553,21.6,196.3,0.331,16.56,2646,21.6,458.7,0.369,19.49,2743,20.5,440.3
"2022-07-03 06:00:00",41,"Testbed Site 3",39.10367,-96.60065,335,0.295,14.26,2553,21.6,197,0.331,16.55,2646,21.57,457.7,0.368,19.48,2743,20.5,436.7
"2022-07-03 07:00:00",42,"Testbed Site 3",39.10367,-96.60065,335,0.294,14.23,2552,21.6,197,0.331,16.54,2645,21.5,459.7,0.369,19.52,2744,20.5,443.7
"2022-07-03 08:00:00",43,"Testbed Site 3",39.10367,-96.60065,335,0.294,14.21,2551,21.77,196.3,0.33,16.53,2645,21.5,457.3,0.369,19.5,2744,20.5,438.7
"2022-07-03 09:00:00",44,"Testbed Site 3",39.10367,-96.60065,335,0.294,14.2,2551,21.93,196,0.33,16.51,2645,21.5,458.7,0.369,19.52,2744,20.5,442.7
"2022-07-03 10:00:00",45,"Testbed Site 3",39.10367,-96.60065,335,0.293,14.17,2549,22.2,195.7,0.33,16.51,2644,21.5,455.7,0.369,19.51,2744,20.5,433.3
"2022-07-03 11:00:00",46,"Testbed Site 3",39.10367,-96.60065,335,0.293,14.13,2548,22.5,193,0.33,16.5,2644,21.5,459,0.369,19.5,2744,20.5,437.7
"2022-07-03 12:00:00",47,"Testbed Site 3",39.10367,-96.60065,335,0.292,14.07,2545,22.97,190.7,0.33,16.49,2644,21.5,460.3,0.369,19.5,2744,20.5,436.3
"2022-07-03 13:00:00",48,"Testbed Site 3",39.10367,-96.60065,335,0.291,14.02,2543,23.77,190,0.33,16.49,2644,21.57,456.3,0.368,19.47,2743,20.47,440.3
"2022-07-03 14:00:00",49,"Testbed Site 3",39.10367,-96.60065,335,0.289,13.95,2539,24.2,189,0.33,16.49,2644,21.63,450.7,0.369,19.49,2743,20.4,437.3
"2022-07-03 15:00:00",50,"Testbed Site 3",39.10367,-96.60065,335,0.288,13.89,2537,24.47,189,0.329,16.46,2643,21.77,459,0.369,19.51,2744,20.4,440
"2022-07-03 16:00:00",51,"Testbed Site 3",39.10367,-96.60065,335,0.288,13.86,2535,24.67,186.7,0.33,16.47,2643,21.9,452,0.368,19.47,2743,20.4,437
"2022-07-03 17:00:00",52,"Testbed Site 3",39.10367,-96.60065,335,0.287,13.82,2533,24.73,182.3,0.329,16.44,2642,22.03,447.7,0.368,19.47,2743,20.47,435.3
"2022-07-03 18:00:00",53,"Testbed Site 3",39.10367,-96.60065,335,0.287,13.79,2532,24.7,182.3,0.329,16.43,2641,22.17,459.7,0.368,19.46,2742,20.5,440.3
"2022-07-03 19:00:00",54,"Testbed Site 3",39.10367,-96.60065,335,0.286,13.76,2531,24.7,182.3,0.329,16.41,2641,22.27,453.3,0.368,19.46,2742,20.5,432
"2022-07-03 20:00:00",55,"Testbed Site 3",39.10367,-96.60065,335,0.286,13.73,2530,24.67,180,0.329,16.4,2640,22.37,452.3,0.369,19.49,2743,20.5,441.3
"2022-07-03 21:00:00",56,"Testbed Site 3",39.10367,-96.60065,335,0.286,13.74,2530,24.33,174.7,0.328,16.39,2640,22.43,452,0.369,19.49,2743,20.5,442.3
"2022-07-03 22:00:00",57,"Testbed Site 3",39.10367,-96.60065,335,0.286,13.75,2530,23.87,173.3,0.328,16.38,2640,22.5,455.7,0.368,19.48,2743,20.5,442.7
"2022-07-03 23:00:00",58,"Testbed Site 3",39.10367,-96.60065,335,0.286,13.74,2530,23.6,176,0.328,16.37,2639,22.5,451.7,0.369,19.51,2744,20.57,443
"2022-07-04 00:00:00",59,"Testbed Site 3",39.10367,-96.60065,335,0.285,13.73,2529,23.37,174.7,0.328,16.35,2638,22.5,447.3,0.369,19.51,2744,20.6,443.3
"2022-07-04 01:00:00",60,"Testbed Site 3",39.10367,-96.60065,335,0.286,13.74,2530,23.23,170.3,0.328,16.36,2639,22.5,446.7,0.369,19.5,2743,20.6,441.7
"2022-07-04 02:00:00",61,"Testbed Site 3",39.10367,-96.60065,335,0.286,13.75,2530,23.1,167.7,0.328,16.36,2639,22.43,454,0.369,19.49,2743,20.6,441.7
"2022-07-04 03:00:00",62,"Testbed Site 3",39.10367,-96.60065,335,0.286,13.75,2530,23,167.3,0.328,16.35,2638,22.4,451.7,0.369,19.5,2743,20.7,441
"2022-07-04 04:00:00",63,"Testbed Site 3",39.10367,-96.60065,335,0.286,13.74,2530,22.93,167.7,0.328,16.35,2639,22.4,443.3,0.369,19.5,2744,20.7,444.3
"2022-07-04 05:00:00",64,"Testbed Site 3",39.10367,-96.60065,335,0.286,13.73,2529,22.87,166.3,0.328,16.34,2638,22.33,444.3,0.369,19.5,2744,20.7,440.3
"2022-07-04 06:00:00",65,"Testbed Site 3",39.10367,-96.60065,335,0.285,13.71,2529,22.8,164.3,0.328,16.33,2638,22.3,449.7,0.369,19.52,2744,20.7,440.7
"2022-07-04 07:00:00",66,"Testbed Site 3",39.10367,-96.60065,335,0.285,13.71,2528,22.7,165,0.327,16.32,2637,22.3,453.7,0.369,19.52,2744,20.7,441
"2022-07-04 08:00:00",67,"Testbed Site 3",39.10367,-96.60065,335,0.285,13.71,2528,22.8,163,0.328,16.34,2638,22.23,455.7,0.369,19.5,2744,20.7,441
"2022-07-04 09:00:00",68,"Testbed Site 3",39.10367,-96.60065,335,0.285,13.68,2527,23,161,0.328,16.34,2638,22.2,440.7,0.368,19.48,2743,20.7,442.3
"2022-07-04 10:00:00",69,"Testbed Site 3",39.10367,-96.60065,335,0.285,13.67,2527,23.3,156.7,0.328,16.33,2638,22.2,446.3,0.368,19.48,2743,20.8,444
"2022-07-04 11:00:00",70,"Testbed Site 3",39.10367,-96.60065,335,0.284,13.64,2525,23.6,155.7,0.328,16.34,2638,22.2,449.3,0.368,19.49,2743,20.8,444.3
"2022-07-04 12:00:00",71,"Testbed Site 3",39.10367,-96.60065,335,0.283,13.59,2523,23.93,155,0.328,16.34,2638,22.27,451,0.368,19.48,2743,20.8,446
"2022-07-04 13:00:00",72,"Testbed Site 3",39.10367,-96.60065,335,0.282,13.55,2521,24.5,151.7,0.328,16.33,2638,22.3,450,0.368,19.45,2742,20.8,444.3
"2022-07-04 14:00:00",73,"Testbed Site 3",39.10367,-96.60065,335,0.281,13.5,2519,24.97,149.7,0.328,16.33,2638,22.37,444.7,0.368,19.44,2742,20.8,444.3
"2022-07-04 15:00:00",74,"Testbed Site 3",39.10367,-96.60065,335,0.281,13.47,2517,25.47,151.3,0.328,16.33,2638,22.47,446,0.368,19.42,2741,20.8,439
"2022-07-04 16:00:00",75,"Testbed Site 3",39.10367,-96.60065,335,0.28,13.44,2516,25.47,149,0.328,16.34,2638,22.63,449,0.368,19.44,2742,20.8,439
"2022-07-04 17:00:00",76,"Testbed Site 3",39.10367,-96.60065,335,0.28,13.39,2514,25.4,148.3,0.328,16.33,2638,22.73,450,0.367,19.39,2740,20.8,441.7
"2022-07-04 18:00:00",77,"Testbed Site 3",39.10367,-96.60065,335,0.279,13.36,2512,25.43,147.7,0.328,16.33,2638,22.87,447.7,0.368,19.4,2741,20.8,441.3
"2022-07-04 19:00:00",78,"Testbed Site 3",39.10367,-96.60065,335,0.279,13.34,2511,25.47,144.3,0.328,16.33,2638,22.97,438.3,0.367,19.39,2740,20.8,444
"2022-07-04 20:00:00",79,"Testbed Site 3",39.10367,-96.60065,335,0.278,13.33,2511,25.27,148,0.327,16.31,2637,23.03,441.7,0.367,19.39,2740,20.87,439
"2022-07-04 21:00:00",80,"Testbed Site 3",39.10367,-96.60065,335,0.278,13.32,2511,25.03,147,0.327,16.33,2637,23.1,436.3,0.367,19.4,2741,20.9,444.7
"2022-07-04 22:00:00",81,"Testbed Site 3",39.10367,-96.60065,335,0.279,13.34,2511,24.8,147.3,0.327,16.31,2637,23.17,444.7,0.367,19.4,2741,20.9,443.7
"2022-07-04 23:00:00",82,"Testbed Site 3",39.10367,-96.60065,335,0.278,13.33,2511,24.6,144.7,0.327,16.31,2637,23.2,449.7,0.368,19.41,2741,20.9,444.7
"2022-07-05 00:00:00",83,"Testbed Site 3",39.10367,-96.60065,335,0.278,13.32,2510,24.37,145.3,0.327,16.32,2637,23.2,444.7,0.367,19.4,2741,20.97,442.7
"2022-07-05 01:00:00",84,"Testbed Site 3",39.10367,-96.60065,335,0.278,13.31,2510,24.17,146.7,0.327,16.31,2637,23.2,439.7,0.368,19.43,2742,21,445.7
"2022-07-05 02:00:00",85,"Testbed Site 3",39.10367,-96.60065,335,0.278,13.31,2510,23.97,146.3,0.327,16.3,2636,23.1,441.3,0.368,19.42,2741,21,447.7
"2022-07-05 03:00:00",86,"Testbed Site 3",39.10367,-96.60065,335,0.278,13.31,2510,23.77,144.7,0.327,16.3,2637,23.1,438,0.368,19.41,2741,21,447
"2022-07-05 04:00:00",87,"Testbed Site 3",39.10367,-96.60065,335,0.278,13.3,2510,23.63,146,0.327,16.29,2636,23.03,438.3,0.368,19.43,2741,21.1,447
"2022-07-05 05:00:00",88,"Testbed Site 3",39.10367,-96.60065,335,0.278,13.29,2509,23.47,145.3,0.327,16.3,2637,23,443,0.368,19.42,2741,21.1,447
"2022-07-05 06:00:00",89,"Testbed Site 3",39.10367,-96.60065,335,0.278,13.3,2509,23.33,145,0.327,16.3,2637,22.97,447.3,0.368,19.42,2741,21.1,447.7
"2022-07-05 07:00:00",90,"Testbed Site 3",39.10367,-96.60065,335,0.278,13.28,2509,23.23,145,0.327,16.29,2636,22.9,444.3,0.368,19.41,2741,21.1,443.7
"2022-07-05 08:00:00",91,"Testbed Site 3",39.10367,-96.60065,335,0.277,13.27,2508,23.33,145.3,0.327,16.3,2636,22.83,437.3,0.368,19.4,2741,21.1,442.7
"2022-07-05 09:00:00",92,"Testbed Site 3",39.10367,-96.60065,335,0.277,13.25,2507,23.67,143.3,0.327,16.29,2636,22.8,442.3,0.367,19.38,2740,21.1,447
"2022-07-05 10:00:00",93,"Testbed Site 3",39.10367,-96.60065,335,0.276,13.22,2506,24.07,143.3,0.327,16.29,2636,22.8,444.3,0.367,19.39,2740,21.17,448
"2022-07-05 11:00:00",94,"Testbed Site 3",39.10367,-96.60065,335,0.276,13.19,2504,24.4,145.3,0.327,16.29,2636,22.8,437,0.367,19.38,2740,21.2,445
"2022-07-05 12:00:00",95,"Testbed Site 3",39.10367,-96.60065,335,0.275,13.17,2503,24.77,145.3,0.327,16.29,2636,22.8,435.3,0.367,19.37,2740,21.2,445
"2022-07-05 13:00:00",96,"Testbed Site 3",39.10367,-96.60065,335,0.274,13.11,2501,25.5,142.7,0.327,16.3,2636,22.87,436,0.367,19.38,2740,21.2,438
"2022-07-05 14:00:00",97,"Testbed Site 3",39.10367,-96.60065,335,0.273,13.06,2498,26,143.7,0.327,16.29,2636,22.97,442.7,0.367,19.33,2739,21.2,443
"2022-07-05 15:00:00",98,"Testbed Site 3",39.10367,-96.60065,335,0.273,13.03,2497,26.67,142,0.327,16.29,2636,23.07,443.7,0.367,19.34,2739,21.2,439.3
"2022-07-05 16:00:00",99,"Testbed Site 3",39.10367,-96.60065,335,0.272,13,2495,26.7,142,0.327,16.28,2636,23.23,438.7,0.367,19.33,2739,21.2,446
"2022-07-05 17:00:00",100,"Testbed Site 3",39.10367,-96.60065,335,0.272,12.97,2494,26.6,144.3,0.327,16.28,2636,23.37,442.3,0.367,19.33,2738,21.2,446.7
"2022-07-05 18:00:00",101,"Testbed Site 3",39.10367,-96.60065,335,0.271,12.95,2493,26.63,144,0.327,16.29,2636,23.53,446.3,0.366,19.32,2738,21.2,447
"2022-07-05 19:00:00",102,"Testbed Site 3",39.10367,-96.60065,335,0.271,12.93,2492,26.63,144.3,0.327,16.28,2636,23.63,439.7,0.367,19.33,2738,21.2,438.7
"2022-07-05 20:00:00",103,"Testbed Site 3",39.10367,-96.60065,335,0.271,12.93,2492,26.47,144.3,0.327,16.28,2636,23.73,448,0.367,19.33,2739,21.2,440.7
"2022-07-05 21:00:00",104,"Testbed Site 3",39.10367,-96.60065,335,0.271,12.92,2492,26.2,145,0.327,16.27,2635,23.8,442.3,0.367,19.33,2738,21.3,442
"2022-07-05 22:00:00",105,"Testbed Site 3",39.10367,-96.60065,335,0.271,12.93,2492,25.9,141,0.327,16.26,2635,23.9,440.3,0.367,19.34,2739,21.3,444
"2022-07-05 23:00:00",106,"Testbed Site 3",39.10367,-96.60065,335,0.271,12.93,2492,25.6,141,0.327,16.26,2635,23.9,439.3,0.367,19.33,2738,21.3,444.3
"2022-07-06 00:00:00",107,"Testbed Site 3",39.10367,-96.60065,335,0.271,12.93,2492,25.4,144.3,0.326,16.26,2635,23.9,440.3,0.367,19.33,2739,21.4,445.7
"2022-07-06 01:00:00",108,"Testbed Site 3",39.10367,-96.60065,335,0.271,12.93,2492,25.23,143.3,0.326,16.25,2635,23.9,443.7,0.367,19.34,2739,21.4,440.3
"2022-07-06 02:00:00",109,"Testbed Site 3",39.10367,-96.60065,335,0.271,12.93,2492,25.07,144,0.326,16.25,2635,23.87,441,0.367,19.33,2738,21.4,440.7
"2022-07-06 03:00:00",110,"Testbed Site 3",39.10367,-96.60065,335,0.271,12.92,2491,24.93,144.3,0.326,16.24,2634,23.8,440.3,0.367,19.36,2739,21.47,440.7
"2022-07-06 04:00:00",111,"Testbed Site 3",39.10367,-96.60065,335,0.271,12.92,2491,24.73,144,0.326,16.24,2634,23.8,440.3,0.367,19.34,2739,21.5,440.3
"2022-07-06 05:00:00",112,"Testbed Site 3",39.10367,-96.60065,335,0.271,12.92,2491,24.53,145.3,0.326,16.24,2634,23.73,441,0.367,19.35,2739,21.5,442
"2022-07-06 06:00:00",113,"Testbed Site 3",39.10367,-96.60065,335,0.271,12.93,2492,24.43,143.7,0.326,16.23,2634,23.7,443.7,0.367,19.35,2739,21.5,443.3
"2022-07-06 07:00:00",114,"Testbed Site 3",39.10367,-96.60065,335,0.271,12.93,2492,24.3,144.7,0.326,16.23,2634,23.63,449,0.367,19.36,2739,21.57,446.3
"2022-07-06 08:00:00",115,"Testbed Site 3",39.10367,-96.60065,335,0.271,12.93,2492,24.2,144.3,0.326,16.22,2634,23.6,450.7,0.367,19.37,2740,21.6,442
"2022-07-06 09:00:00",116,"Testbed Site 3",39.10367,-96.60065,335,0.271,12.92,2491,24.1,145,0.326,16.23,2634,23.53,451.3,0.367,19.34,2739,21.6,445.3
"2022-07-06 10:00:00",117,"Testbed Site 3",39.10367,-96.60065,335,0.271,12.93,2492,24.1,143.3,0.326,16.23,2634,23.5,446,0.367,19.36,2739,21.6,445
"2022-07-06 11:00:00",118,"Testbed Site 3",39.10367,-96.60065,335,0.271,12.92,2492,24.23,142,0.326,16.23,2634,23.43,445,0.367,19.33,2739,21.6,441.7
"2022-07-06 12:00:00",119,"Testbed Site 3",39.10367,-96.60065,335,0.27,12.89,2490,24.7,143,0.326,16.23,2634,23.4,442,0.367,19.32,2738,21.6,444.7
"2022-07-06 13:00:00",120,"Testbed Site 3",39.10367,-96.60065,335,0.27,12.87,2489,25.4,145,0.326,16.23,2634,23.4,445.3,0.367,19.33,2739,21.6,442.7
"2022-07-06 14:00:00",121,"Testbed Site 3",39.10367,-96.60065,335,0.269,12.83,2487,26,143.3,0.326,16.23,2634,23.43,442,0.367,19.34,2739,21.6,442
"2022-07-06 15:00:00",122,"Testbed Site 3",39.10367,-96.60065,335,0.268,12.79,2485,26.8,145,0.326,16.23,2634,23.53,446.3,0.366,19.31,2738,21.6,445.3
"2022-07-06 16:00:00",123,"Testbed Site 3",39.10367,-96.60065,335,0.268,12.77,2484,26.97,145.3,0.326,16.23,2634,23.67,443,0.367,19.32,2738,21.6,447.3
"2022-07-06 17:00:00",124,"Testbed Site 3",39.10367,-96.60065,335,0.268,12.75,2483,26.8,143,0.326,16.23,2634,23.77,452.7,0.367,19.33,2739,21.6,444
"2022-07-06 18:00:00",125,"Testbed Site 3",39.10367,-96.60065,335,0.267,12.74,2483,26.63,144.7,0.326,16.22,2634,23.93,450.3,0.366,19.31,2738,21.6,445.7
"2022-07-06 19:00:00",126,"Testbed Site 3",39.10367,-96.60065,335,0.267,12.73,2482,26.5,144,0.326,16.22,2634,24,448.3,0.366,19.3,2737,21.6,444
"2022-07-06 20:00:00",127,"Testbed Site 3",39.10367,-96.60065,335,0.267,12.73,2482,26.2,144.3,0.326,16.21,2633,24.1,446.7,0.367,19.33,2739,21.63,445.7
"2022-07-06 21:00:00",128,"Testbed Site 3",39.10367,-96.60065,335,0.267,12.72,2482,25.9,142.3,0.326,16.21,2633,24.1,448,0.367,19.32,2738,21.7,447.7
"2022-07-06 22:00:00",129,"Testbed Site 3",39.10367,-96.60065,335,0.268,12.75,2483,25.6,142.3,0.326,16.21,2633,24.1,454,0.367,19.33,2739,21.7,445.7
"2022-07-06 23:00:00",130,"Testbed Site 3",39.10367,-96.60065,335,0.267,12.75,2483,25.4,143.3,0.326,16.21,2633,24.1,451.7,0.367,19.32,2738,21.7,443.7
"2022-07-07 00:00:00",131,"Testbed Site 3",39.10367,-96.60065,335,0.268,12.75,2483,25.23,143,0.326,16.2,2633,24.1,449.7,0.367,19.35,2739,21.7,445.7
"2022-07-07 01:00:00",132,"Testbed Site 3",39.10367,-96.60065,335,0.267,12.74,2483,25.07,142.7,0.326,16.2,2633,24.1,451,0.367,19.34,2739,21.8,442.7
"2022-07-07 02:00:00",133,"Testbed Site 3",39.10367,-96.60065,335,0.268,12.75,2483,24.9,142.7,0.326,16.21,2633,24.03,446.3,0.367,19.32,2738,21.8,441
"2022-07-07 03:00:00",134,"Testbed Site 3",39.10367,-96.60065,335,0.267,12.75,2483,24.7,141.7,0.326,16.2,2633,24,443.7,0.367,19.33,2739,21.8,442
"2022-07-07 04:00:00",135,"Testbed Site 3",39.10367,-96.60065,335,0.267,12.74,2483,24.57,142.7,0.326,16.2,2633,23.93,447,0.367,19.33,2739,21.8,443.3
"2022-07-07 05:00:00",136,"Testbed Site 3",39.10367,-96.60065,335,0.268,12.76,2483,24.37,143.7,0.326,16.21,2633,23.9,453,0.367,19.35,2739,21.8,441
"2022-07-07 06:00:00",137,"Testbed Site 3",39.10367,-96.60065,335,0.268,12.75,2483,24.23,143.7,0.326,16.2,2633,23.83,453.7,0.367,19.35,2739,21.87,447.3
"2022-07-07 07:00:00",138,"Testbed Site 3",39.10367,-96.60065,335,0.267,12.74,2483,24.13,142.7,0.326,16.2,2633,23.77,450.3,0.367,19.33,2739,21.9,442.3
"2022-07-07 08:00:00",139,"Testbed Site 3",39.10367,-96.60065,335,0.268,12.75,2483,24.03,143.7,0.326,16.2,2633,23.7,448.3,0.367,19.36,2739,21.9,441.7
"2022-07-07 09:00:00",140,"Testbed Site 3",39.10367,-96.60065,335,0.268,12.75,2483,24.13,142.3,0.326,16.19,2632,23.67,443.7,0.367,19.35,2739,21.9,442
"2022-07-07 10:00:00",141,"Testbed Site 3",39.10367,-96.60065,335,0.267,12.73,2482,24.33,143,0.326,16.19,2632,23.6,447,0.367,19.35,2739,21.9,445.7
"2022-07-07 11:00:00",142,"Testbed Site 3",39.10367,-96.60065,335,0.267,12.71,2481,24.5,140.3,0.326,16.2,2633,23.6,449,0.367,19.33,2738,21.9,442
"2022-07-07 12:00:00",143,"Testbed Site 3",39.10367,-96.60065,335,0.267,12.7,2480,24.87,142,0.326,16.2,2633,23.6,450.7,0.367,19.33,2738,21.9,444.7
"2022-07-07 13:00:00",144,"Testbed Site 3",39.10367,-96.60065,335,0.266,12.66,2479,25.53,140.3,0.326,16.21,2633,23.6,446,0.367,19.32,2738,21.9,445
"2022-07-07 14:00:00",145,"Testbed Site 3",39.10367,-96.60065,335,0.265,12.62,2477,26.07,140.3,0.326,16.21,2633,23.6,448.7,0.366,19.3,2738,21.9,444.7
"2022-07-07 15:00:00",146,"Testbed Site 3",39.10367,-96.60065,335,0.265,12.59,2475,26.57,142,0.326,16.2,2633,23.7,449.3,0.366,19.28,2737,21.9,441
"2022-07-07 16:00:00",147,"Testbed Site 3",39.10367,-96.60065,335,0.264,12.55,2473,26.73,138.7,0.326,16.21,2633,23.8,444,0.366,19.28,2737,21.9,446
"2022-07-07 17:00:00",148,"Testbed Site 3",39.10367,-96.60065,335,0.263,12.53,2472,26.83,141.7,0.326,16.21,2633,23.93,451,0.366,19.27,2737,21.9,445.7
"2022-07-07 18:00:00",149,"Testbed Site 3",39.10367,-96.60065,335,0.263,12.5,2471,26.97,142,0.326,16.2,2633,24.03,448.3,0.366,19.27,2737,21.9,441
"2022-07-07 19:00:00",150,"Testbed Site 3",39.10367,-96.60065,335,0.262,12.48,2470,27,142.7,0.326,16.19,2632,24.13,447,0.366,19.28,2737,21.9,441
"2022-07-07 20:00:00",151,"Testbed Site 3",39.10367,-96.60065,335,0.262,12.48,2470,26.8,142,0.325,16.19,2632,24.23,449.7,0.366,19.28,2737,21.9,441.3
"2022-07-07 21:00:00",152,"Testbed Site 3",39.10367,-96.60065,335,0.262,12.48,2470,26.5,142,0.325,16.18,2632,24.3,447.3,0.366,19.28,2737,21.9,444
"2022-07-07 22:00:00",153,"Testbed Site 3",39.10367,-96.60065,335,0.262,12.47,2469,26.2,140.3,0.326,16.19,2632,24.4,446.3,0.366,19.28,2737,21.9,446.7
"2022-07-07 23:00:00",154,"Testbed Site 3",39.10367,-96.60065,335,0.262,12.47,2469,25.9,141,0.325,16.18,2632,24.4,447.7,0.366,19.29,2737,21.9,444
"2022-07-08 00:00:00",155,"Testbed Site 3",39.10367,-96.60065,335,0.262,12.47,2469,25.6,140.7,0.325,16.19,2632,24.4,450.3,0.366,19.28,2737,22,445
"2022-07-08 01:00:00",156,"Testbed Site 3",39.10367,-96.60065,335,0.263,12.5,2471,25.4,141.7,0.325,16.17,2632,24.4,447.7,0.366,19.29,2737,22,446.3
"2022-07-08 02:00:00",157,"Testbed Site 3",39.10367,-96.60065,335,0.263,12.49,2470,25.2,140.7,0.325,16.18,2632,24.3,445.3,0.366,19.29,2737,22,446
"2022-07-08 03:00:00",158,"Testbed Site 3",39.10367,-96.60065,335,0.263,12.49,2470,24.97,141.7,0.325,16.17,2632,24.3,452,0.366,19.29,2737,22,448.7
"2022-07-08 04:00:00",159,"Testbed Site 3",39.10367,-96.60065,335,0.263,12.5,2471,24.7,139.7,0.325,16.18,2632,24.23,451.7,0.366,19.3,2738,22.1,447.7
"2022-07-08 05:00:00",160,"Testbed Site 3",39.10367,-96.60065,335,0.263,12.49,2471,24.4,141,0.325,16.16,2631,24.17,447,0.366,19.29,2737,22.1,447.3
"2022-07-08 06:00:00",161,"Testbed Site 3",39.10367,-96.60065,335,0.263,12.49,2470,24.2,141,0.325,16.17,2631,24.1,449,0.366,19.31,2738,22.1,445.3
"2022-07-08 07:00:00",162,"Testbed Site 3",39.10367,-96.60065,335,0.263,12.5,2471,24.1,140.7,0.325,16.17,2632,24,448,0.366,19.3,2738,22.1,449
"2022-07-08 08:00:00",163,"Testbed Site 3",39.10367,-96.60065,335,0.263,12.5,2471,24.1,138.3,0.325,16.18,2632,23.93,449.7,0.366,19.31,2738,22.1,445.3
"2022-07-08 09:00:00",164,"Testbed Site 3",39.10367,-96.60065,335,0.262,12.48,2470,24.23,141,0.325,16.17,2632,23.87,451,0.366,19.31,2738,22.1,447.3
"2022-07-08 10:00:00",165,"Testbed Site 3",39.10367,-96.60065,335,0.262,12.47,2469,24.33,141,0.325,16.18,2632,23.8,449.3,0.366,19.3,2737,22.1,447.7
"2022-07-08 11:00:00",166,"Testbed Site 3",39.10367,-96.60065,335,0.262,12.47,2469,24.47,140.7,0.325,16.17,2631,23.77,447,0.366,19.3,2738,22.1,448.3
"2022-07-08 12:00:00",167,"Testbed Site 3",39.10367,-96.60065,335,0.262,12.45,2468,24.7,140,0.325,16.16,2631,23.7,440,0.366,19.28,2737,22.1,446.7
"2022-07-08 13:00:00",168,"Testbed Site 3",39.10367,-96.60065,335,0.261,12.43,2467,25.23,139.7,0.325,16.17,2631,23.7,448,0.366,19.28,2737,22.1,447.3
"2022-07-08 14:00:00",169,"Testbed Site 3",39.10367,-96.60065,335,0.261,12.39,2465,25.8,141,0.325,16.16,2631,23.73,446.7,0.366,19.27,2737,22.1,447.3
"2022-07-08 15:00:00",170,"Testbed Site 3",39.10367,-96.60065,335,0.259,12.33,2462,26.67,139.7,0.325,16.16,2631,23.8,444.7,0.366,19.27,2737,22.1,445.7
"2022-07-08 16:00:00",171,"Testbed Site 3",39.10367,-96.60065,335,0.259,12.32,2462,26.67,141.3,0.325,16.16,2631,23.9,448.7,0.366,19.25,2736,22.1,445.3
"2022-07-08 17:00:00",172,"Testbed Site 3",39.10367,-96.60065,335,0.259,12.31,2461,26.6,141,0.325,16.16,2631,24.03,447.3,0.366,19.26,2736,22.1,446.7
"2022-07-08 18:00:00",173,"Testbed Site 3",39.10367,-96.60065,335,0.259,12.3,2461,26.6,137.3,0.325,16.17,2632,24.13,445,0.366,19.25,2736,22.1,435.7
"2022-07-08 19:00:00",174,"Testbed Site 3",39.10367,-96.60065,335,0.259,12.28,2460,26.5,140,0.325,16.17,2631,24.23,452,0.366,19.25,2736,22.1,443.7
"2022-07-08 20:00:00",175,"Testbed Site 3",39.10367,-96.60065,335,0.258,12.27,2459,26.13,139.3,0.325,16.15,2631,24.3,451.7,0.366,19.26,2736,22.1,444
"2022-07-08 21:00:00",176,"Testbed Site 3",39.10367,-96.60065,335,0.259,12.28,2460,25.73,140.3,0.325,16.15,2631,24.3,452,0.366,19.26,2736,22.1,441
"2022-07-08 22:00:00",177,"Testbed Site 3",39.10367,-96.60065,335,0.259,12.28,2460,25.27,140,0.325,16.15,2631,24.3,452.3,0.366,19.26,2736,22.1,435.3
"2022-07-08 23:00:00",178,"Testbed Site 3",39.10367,-96.60065,335,0.259,12.28,2460,24.87,139.3,0.325,16.16,2631,24.3,449.3,0.366,19.26,2736,22.1,441.3
"2022-07-09 00:00:00",179,"Testbed Site 3",39.10367,-96.60065,335,0.259,12.31,2461,24.5,139,0.325,16.14,2631,24.27,452.3,0.366,19.28,2737,22.13,438.3
"2022-07-09 01:00:00",180,"Testbed Site 3",39.10367,-96.60065,335,0.259,12.3,2461,24.2,139,0.325,16.15,2631,24.17,446.7,0.366,19.26,2736,22.2,439
"2022-07-09 02:00:00",181,"Testbed Site 3",39.10367,-96.60065,335,0.259,12.31,2462,23.9,138.3,0.325,16.15,2631,24.1,445,0.366,19.26,2737,22.2,434
"2022-07-09 03:00:00",182,"Testbed Site 3",39.10367,-96.60065,335,0.259,12.32,2462,23.6,138.3,0.325,16.15,2631,24,453,0.366,19.28,2737,22.2,445
"2022-07-09 04:00:00",183,"Testbed Site 3",39.10367,-96.60065,335,0.26,12.34,2463,23.43,135.3,0.325,16.15,2631,23.9,452,0.366,19.28,2737,22.2,444.3
"2022-07-09 05:00:00",184,"Testbed Site 3",39.10367,-96.60065,335,0.259,12.31,2461,23.23,137,0.325,16.15,2631,23.77,447.3,0.366,19.27,2737,22.2,447.7
"2022-07-09 06:00:00",185,"Testbed Site 3",39.10367,-96.60065,335,0.26,12.33,2462,23.2,136.3,0.325,16.15,2631,23.67,449,0.366,19.27,2737,22.2,440
"2022-07-09 07:00:00",186,"Testbed Site 3",39.10367,-96.60065,335,0.259,12.31,2461,23.2,137,0.325,16.15,2631,23.57,448.3,0.366,19.28,2737,22.2,435
"2022-07-09 08:00:00",187,"Testbed Site 3",39.10367,-96.60065,335,0.259,12.31,2461,23.3,137.7,0.325,16.15,2631,23.5,441.7,0.366,19.26,2736,22.2,436
"2022-07-09 09:00:00",188,"Testbed Site 3",39.10367,-96.60065,335,0.259,12.3,2461,23.5,136.3,0.325,16.15,2631,23.4,441.3,0.366,19.26,2736,22.2,435.3
"2022-07-09 10:00:00",189,"Testbed Site 3",39.10367,-96.60065,335,0.259,12.28,2460,23.8,138,0.325,16.14,2631,23.4,445.3,0.366,19.26,2736,22.2,434.7
"2022-07-09 11:00:00",190,"Testbed Site 3",39.10367,-96.60065,335,0.258,12.26,2459,24.13,136.7,0.325,16.16,2631,23.4,446.7,0.366,19.25,2736,22.1,442.3
"2022-07-09 12:00:00",191,"Testbed Site 3",39.10367,-96.60065,335,0.258,12.23,2457,24.53,139,0.325,16.15,2631,23.4,447.3,0.366,19.26,2736,22.1,441
"2022-07-09 13:00:00",192,"Testbed Site 3",39.10367,-96.60065,335,0.257,12.2,2456,25.27,139,0.325,16.15,2631,23.4,441.3,0.366,19.24,2736,22.1,443.3
"2022-07-09 14:00:00",193,"Testbed Site 3",39.10367,-96.60065,335,0.257,12.18,2455,25.73,139,0.325,16.15,2631,23.43,439.3,0.365,19.21,2735,22.1,448.7
"2022-07-09 15:00:00",194,"Testbed Site 3",39.10367,-96.60065,335,0.256,12.13,2452,26.57,138.7,0.325,16.15,2631,23.53,449,0.365,19.21,2735,22.1,443.3
"2022-07-09 16:00:00",195,"Testbed Site 3",39.10367,-96.60065,335,0.255,12.11,2451,26.47,138.3,0.325,16.15,2631,23.67,451,0.365,19.2,2735,22.1,445.3
"2022-07-09 17:00:00",196,"Testbed Site 3",39.10367,-96.60065,335,0.255,12.09,2450,26.27,138.3,0.325,16.14,2631,23.77,447.7,0.365,19.18,2734,22.1,448.7
"2022-07-09 18:00:00",197,"Testbed Site 3",39.10367,-96.60065,335,0.254,12.07,2449,26.2,137,0.325,16.15,2631,23.9,452,0.365,19.18,2734,22.1,448.3
"2022-07-09 19:00:00",198,"Testbed Site 3",39.10367,-96.60065,335,0.254,12.07,2449,26.1,137.3,0.325,16.15,2631,24,448.7,0.365,19.17,2734,22.1,449.3
"2022-07-09 20:00:00",199,"Testbed Site 3",39.10367,-96.60065,335,0.255,12.08,2450,25.77,137.7,0.325,16.15,2631,24.07,452.3,0.365,19.2,2734,22.1,446.3
"2022-07-09 21:00:00",200,"Testbed Site 3",39.10367,-96.60065,335,0.254,12.06,2449,25.33,137,0.325,16.14,2630,24.1,451.7,0.365,19.2,2735,22.1,447.7
"2022-07-09 22:00:00",201,"Testbed Site 3",39.10367,-96.60065,335,0.254,12.07,2449,24.93,136.3,0.325,16.13,2630,24.1,450.3,0.365,19.18,2734,22.1,448
"2022-07-09 23:00:00",202,"Testbed Site 3",39.10367,-96.60065,335,0.255,12.08,2450,24.5,136.7,0.325,16.13,2630,24.1,451.7,0.365,19.19,2734,22.1,445
"2022-07-10 00:00:00",203,"Testbed Site 3",39.10367,-96.60065,335,0.254,12.07,2449,24.2,134.7,0.325,16.14,2630,24,453.3,0.365,19.2,2735,22.1,445.3
"2022-07-10 01:00:00",204,"Testbed Site 3",39.10367,-96.60065,335,0.255,12.08,2450,23.93,134.3,0.325,16.13,2630,23.93,452,0.365,19.21,2735,22.1,448
"2022-07-10 02:00:00",205,"Testbed Site 3",39.10367,-96.60065,335,0.255,12.09,2450,23.7,135,0.325,16.13,2630,23.87,445.3,0.365,19.21,2735,22.1,447
"2022-07-10 03:00:00",206,"Testbed Site 3",39.10367,-96.60065,335,0.255,12.08,2450,23.47,134.7,0.325,16.13,2630,23.77,448,0.365,19.2,2735,22.2,440.3
"2022-07-10 04:00:00",207,"Testbed Site 3",39.10367,-96.60065,335,0.255,12.1,2451,23.23,133.3,0.324,16.12,2630,23.7,447,0.365,19.2,2735,22.2,448.3
"2022-07-10 05:00:00",208,"Testbed Site 3",39.10367,-96.60065,335,0.255,12.09,2450,23,131.7,0.325,16.13,2630,23.6,447,0.365,19.21,2735,22.2,441
"2022-07-10 06:00:00",209,"Testbed Site 3",39.10367,-96.60065,335,0.255,12.1,2451,22.7,133,0.325,16.12,2630,23.5,442.7,0.365,19.21,2735,22.2,440
"2022-07-10 07:00:00",210,"Testbed Site 3",39.10367,-96.60065,335,0.255,12.1,2451,22.43,134,0.325,16.13,2630,23.4,448.3,0.366,19.23,2736,22.2,444
"2022-07-10 08:00:00",211,"Testbed Site 3",39.10367,-96.60065,335,0.255,12.11,2451,22.5,133,0.325,16.13,2630,23.27,439.7,0.365,19.2,2735,22.1,448.7
"2022-07-10 09:00:00",212,"Testbed Site 3",39.10367,-96.60065,335,0.255,12.08,2450,22.93,133.3,0.325,16.13,2630,23.17,441.7,0.365,19.19,2734,22.1,449
"2022-07-10 10:00:00",213,"Testbed Site 3",39.10367,-96.60065,335,0.254,12.05,2448,23.3,133.3,0.325,16.15,2631,23.1,444,0.365,19.18,2734,22.1,446.3
"2022-07-10 11:00:00",214,"Testbed Site 3",39.10367,-96.60065,335,0.254,12.04,2448,23.6,132,0.325,16.13,2630,23.1,447.3,0.365,19.16,2733,22.1,445
"2022-07-10 12:00:00",215,"Testbed Site 3",39.10367,-96.60065,335,0.253,12.01,2446,24.1,133,0.325,16.14,2631,23.1,435,0.364,19.14,2733,22.1,448
"2022-07-10 13:00:00",216,"Testbed Site 3",39.10367,-96.60065,335,0.252,11.97,2444,24.8,132.7,0.325,16.15,2631,23.1,434,0.364,19.12,2732,22.1,446.3
"2022-07-10 14:00:00",217,"Testbed Site 3",39.10367,-96.60065,335,0.252,11.93,2442,25.43,132,0.325,16.15,2631,23.17,434,0.364,19.11,2732,22,441.3
"2022-07-10 15:00:00",218,"Testbed Site 3",39.10367,-96.60065,335,0.251,11.88,2440,26.4,134,0.325,16.15,2631,23.27,443.3,0.364,19.09,2731,22,440.3
"2022-07-10 16:00:00",219,"Testbed Site 3",39.10367,-96.60065,335,0.25,11.85,2438,26.4,132.3,0.325,16.14,2631,23.43,444.3,0.364,19.07,2730,22,442.3
"2022-07-10 17:00:00",220,"Testbed Site 3",39.10367,-96.60065,335,0.249,11.81,2436,26.4,131,0.325,16.14,2631,23.57,438,0.363,19.04,2730,22,439.7
"2022-07-10 18:00:00",221,"Testbed Site 3",39.10367,-96.60065,335,0.249,11.78,2434,26.43,132,0.325,16.13,2630,23.73,441.7,0.363,19.04,2730,22,439.3
"2022-07-10 19:00:00",222,"Testbed Site 3",39.10367,-96.60065,335,0.248,11.75,2433,26.43,131.3,0.325,16.14,2631,23.83,439.7,0.363,19.04,2730,22,442
"2022-07-10 20:00:00",223,"Testbed Site 3",39.10367,-96.60065,335,0.248,11.74,2432,26.2,131.7,0.325,16.13,2630,23.93,442.3,0.363,19.04,2730,22,443.7
"2022-07-10 21:00:00",224,"Testbed Site 3",39.10367,-96.60065,335,0.248,11.73,2432,25.83,131.3,0.325,16.13,2630,24,447,0.363,19.03,2729,22,439.7
"2022-07-10 22:00:00",225,"Testbed Site 3",39.10367,-96.60065,335,0.248,11.72,2431,25.5,131,0.324,16.12,2630,24.1,447,0.363,19.05,2730,22,439.3
"2022-07-10 23:00:00",226,"Testbed Site 3",39.10367,-96.60065,335,0.248,11.73,2432,25.2,129.3,0.325,16.17,2631,24.1,441.3,0.363,19.05,2730,22.03,441.7
"2022-07-11 00:00:00",227,"Testbed Site 3",39.10367,-96.60065,335,0.248,11.73,2432,24.93,127.3,0.325,16.17,2631,24.1,437,0.363,19.04,2730,22.1,442
"2022-07-11 01:00:00",228,"Testbed Site 3",39.10367,-96.60065,335,0.248,11.73,2432,24.7,127.7,0.325,16.15,2631,24,438.3,0.363,19.04,2730,22.1,443.7
"2022-07-11 02:00:00",229,"Testbed Site 3",39.10367,-96.60065,335,0.248,11.73,2432,24.53,128,0.325,16.14,2631,24,443.7,0.363,19.03,2729,22.1,439.7
"2022-07-11 03:00:00",230,"Testbed Site 3",39.10367,-96.60065,335,0.247,11.72,2431,24.37,129,0.325,16.16,2631,23.93,441,0.363,19.04,2730,22.1,442
"2022-07-11 04:00:00",231,"Testbed Site 3",39.10367,-96.60065,335,0.247,11.71,2431,24.17,128.3,0.325,16.16,2631,23.9,437.7,0.363,19.03,2729,22.1,444.7
"2022-07-11 05:00:00",232,"Testbed Site 3",39.10367,-96.60065,335,0.247,11.7,2430,24,128.7,0.325,16.16,2631,23.8,434.7,0.363,19.05,2730,22.1,441.3
"2022-07-11 06:00:00",233,"Testbed Site 3",39.10367,-96.60065,335,0.247,11.69,2430,23.8,129,0.325,16.15,2631,23.77,432.3,0.363,19.04,2730,22.2,445
"2022-07-11 07:00:00",234,"Testbed Site 3",39.10367,-96.60065,335,0.247,11.7,2430,23.6,129,0.325,16.13,2630,23.7,434,0.363,19.04,2730,22.2,445.3
"2022-07-11 08:00:00",235,"Testbed Site 3",39.10367,-96.60065,335,0.247,11.68,2429,23.63,129,0.325,16.16,2631,23.6,440.7,0.363,19.03,2729,22.2,441.3
"2022-07-11 09:00:00",236,"Testbed Site 3",39.10367,-96.60065,335,0.246,11.66,2428,24.07,127,0.325,16.15,2631,23.53,445,0.363,19.02,2729,22.2,441.7
"2022-07-11 10:00:00",237,"Testbed Site 3",39.10367,-96.60065,335,0.246,11.64,2427,24.47,128.3,0.324,16.12,2630,23.5,444,0.363,19.01,2729,22.2,443
"2022-07-11 11:00:00",238,"Testbed Site 3",39.10367,-96.60065,335,0.245,11.62,2426,24.83,128.7,0.324,16.09,2629,23.5,443,0.363,18.99,2728,22.17,439.3
"2022-07-11 12:00:00",239,"Testbed Site 3",39.10367,-96.60065,335,0.245,11.58,2424,25.3,130,0.324,16.1,2629,23.53,439.3,0.362,18.97,2727,22.1,439
"2022-07-11 13:00:00",240,"Testbed Site 3",39.10367,-96.60065,335,0.244,11.54,2422,26.17,130.3,0.324,16.09,2628,23.6,437.7,0.362,18.93,2726,22.1,440.3
"2022-07-11 14:00:00",241,"Testbed Site 3",39.10367,-96.60065,335,0.243,11.5,2420,26.73,129.3,0.324,16.09,2628,23.7,443,0.362,18.9,2725,22.1,440.3
"2022-07-11 15:00:00",242,"Testbed Site 3",39.10367,-96.60065,335,0.242,11.44,2417,27.6,131,0.324,16.09,2628,23.83,438.7,0.361,18.87,2724,22.1,438.3
"2022-07-11 16:00:00",243,"Testbed Site 3",39.10367,-96.60065,335,0.241,11.43,2416,27.47,129,0.324,16.08,2628,24,445.3,0.361,18.87,2724,22.1,444.7
"2022-07-11 17:00:00",244,"Testbed Site 3",39.10367,-96.60065,335,0.241,11.41,2415,27.13,129.7,0.324,16.08,2628,24.17,441.7,0.361,18.88,2725,22.1,442.7
"2022-07-11 18:00:00",245,"Testbed Site 3",39.10367,-96.60065,335,0.241,11.4,2414,26.93,128.7,0.324,16.1,2629,24.3,442.3,0.361,18.85,2724,22.1,438
"2022-07-11 19:00:00",246,"Testbed Site 3",39.10367,-96.60065,335,0.241,11.39,2414,26.7,128.7,0.325,16.13,2630,24.4,447.3,0.361,18.85,2724,22.13,440.3
"2022-07-11 20:00:00",247,"Testbed Site 3",39.10367,-96.60065,335,0.241,11.38,2413,26.27,128,0.325,16.15,2631,24.43,449,0.361,18.85,2724,22.2,441
"2022-07-11 21:00:00",248,"Testbed Site 3",39.10367,-96.60065,335,0.241,11.38,2413,25.83,127.3,0.325,16.14,2630,24.5,449.3,0.361,18.87,2724,22.2,441
"2022-07-11 22:00:00",249,"Testbed Site 3",39.10367,-96.60065,335,0.24,11.38,2413,25.4,126,0.325,16.13,2630,24.5,444,0.361,18.86,2724,22.2,438.3
"2022-07-11 23:00:00",250,"Testbed Site 3",39.10367,-96.60065,335,0.241,11.39,2414,25,126,0.325,16.14,2630,24.4,448.3,0.361,18.86,2724,22.2,443.7
"2022-07-12 00:00:00",251,"Testbed Site 3",39.10367,-96.60065,335,0.241,11.39,2414,24.67,124.7,0.325,16.14,2630,24.37,443,0.361,18.86,2724,22.27,444
"2022-07-12 01:00:00",252,"Testbed Site 3",39.10367,-96.60065,335,0.241,11.39,2414,24.27,124.3,0.325,16.14,2630,24.3,443.7,0.361,18.85,2724,22.3,446
"2022-07-12 02:00:00",253,"Testbed Site 3",39.10367,-96.60065,335,0.241,11.4,2414,23.9,125,0.325,16.13,2630,24.2,444.7,0.361,18.87,2724,22.3,443.7
"2022-07-12 03:00:00",254,"Testbed Site 3",39.10367,-96.60065,335,0.241,11.4,2414,23.6,125.3,0.325,16.12,2630,24.1,445.7,0.361,18.85,2724,22.3,443.3
"2022-07-12 04:00:00",255,"Testbed Site 3",39.10367,-96.60065,335,0.241,11.39,2414,23.23,124,0.324,16.12,2630,23.97,443,0.361,18.87,2724,22.3,445.3
"2022-07-12 05:00:00",256,"Testbed Site 3",39.10367,-96.60065,335,0.241,11.39,2414,22.9,123.3,0.325,16.12,2630,23.83,445.3,0.361,18.88,2725,22.3,445.7
"2022-07-12 06:00:00",257,"Testbed Site 3",39.10367,-96.60065,335,0.241,11.4,2414,22.53,122.7,0.324,16.12,2630,23.73,446,0.361,18.87,2724,22.3,446.3
"2022-07-12 07:00:00",258,"Testbed Site 3",39.10367,-96.60065,335,0.241,11.39,2414,22.27,122.3,0.324,16.12,2630,23.57,440,0.361,18.87,2724,22.3,444.3
"2022-07-12 08:00:00",259,"Testbed Site 3",39.10367,-96.60065,335,0.241,11.39,2414,22.3,120.7,0.324,16.12,2630,23.43,441.3,0.361,18.87,2725,22.3,444
"2022-07-12 09:00:00",260,"Testbed Site 3",39.10367,-96.60065,335,0.24,11.34,2411,22.77,122,0.324,16.11,2629,23.3,443.3,0.361,18.84,2724,22.3,445.3
"2022-07-12 10:00:00",261,"Testbed Site 3",39.10367,-96.60065,335,0.24,11.34,2411,23.1,123,0.324,16.12,2630,23.2,437.3,0.361,18.82,2723,22.3,445.7
"2022-07-12 11:00:00",262,"Testbed Site 3",39.10367,-96.60065,335,0.239,11.31,2410,23.4,123,0.324,16.11,2629,23.2,435.3,0.361,18.82,2723,22.3,441
"2022-07-12 12:00:00",263,"Testbed Site 3",39.10367,-96.60065,335,0.239,11.29,2408,23.83,122.7,0.324,16.08,2628,23.2,435.7,0.36,18.77,2721,22.2,438.3
"2022-07-12 13:00:00",264,"Testbed Site 3",39.10367,-96.60065,335,0.238,11.24,2406,24.53,123.3,0.324,16.1,2629,23.2,437,0.36,18.75,2721,22.2,441.3
"2022-07-12 14:00:00",265,"Testbed Site 3",39.10367,-96.60065,335,0.237,11.19,2404,25.1,121.7,0.324,16.1,2629,23.2,435,0.359,18.71,2719,22.2,442.3
"2022-07-12 15:00:00",266,"Testbed Site 3",39.10367,-96.60065,335,0.236,11.14,2401,26.2,121.3,0.323,16.05,2627,23.3,440,0.359,18.67,2718,22.2,441
"2022-07-12 16:00:00",267,"Testbed Site 3",39.10367,-96.60065,335,0.235,11.11,2399,26.07,121,0.324,16.07,2628,23.43,440,0.359,18.66,2718,22.17,444
"2022-07-12 17:00:00",268,"Testbed Site 3",39.10367,-96.60065,335,0.234,11.08,2397,25.9,121,0.324,16.1,2629,23.57,445,0.359,18.65,2717,22.1,444.3
"2022-07-12 18:00:00",269,"Testbed Site 3",39.10367,-96.60065,335,0.233,11.04,2395,25.8,121.7,0.324,16.09,2629,23.7,447.7,0.358,18.63,2717,22.1,439.7
"2022-07-12 19:00:00",270,"Testbed Site 3",39.10367,-96.60065,335,0.233,11.01,2394,25.7,120.7,0.324,16.1,2629,23.77,442.3,0.358,18.62,2717,22.1,441.3
"2022-07-12 20:00:00",271,"Testbed Site 3",39.10367,-96.60065,335,0.233,11,2393,25.33,119.7,0.324,16.09,2629,23.83,439.7,0.358,18.61,2716,22.1,443.7
"2022-07-12 21:00:00",272,"Testbed Site 3",39.10367,-96.60065,335,0.233,11,2393,24.87,119,0.324,16.08,2628,23.9,440.7,0.358,18.64,2717,22.1,444
"2022-07-12 22:00:00",273,"Testbed Site 3",39.10367,-96.60065,335,0.233,11,2393,24.3,118,0.324,16.08,2628,23.9,444,0.358,18.61,2716,22.1,442.3
"2022-07-12 23:00:00",274,"Testbed Site 3",39.10367,-96.60065,335,0.233,11,2393,23.8,117,0.324,16.06,2627,23.8,447,0.358,18.61,2716,22.13,442.7
"2022-07-13 00:00:00",275,"Testbed Site 3",39.10367,-96.60065,335,0.233,11,2393,23.33,115.7,0.324,16.06,2628,23.77,447,0.358,18.62,2717,22.2,444
"2022-07-13 01:00:00",276,"Testbed Site 3",39.10367,-96.60065,335,0.233,11,2393,22.9,116,0.324,16.06,2627,23.67,437.3,0.358,18.62,2717,22.2,444
"2022-07-13 02:00:00",277,"Testbed Site 3",39.10367,-96.60065,335,0.233,11,2393,22.5,114.7,0.324,16.06,2627,23.53,437.7,0.358,18.63,2717,22.2,441.3
"2022-07-13 03:00:00",278,"Testbed Site 3",39.10367,-96.60065,335,0.233,10.99,2393,22.2,113.7,0.324,16.06,2627,23.43,446.3,0.359,18.65,2718,22.2,443.3
"2022-07-13 04:00:00",279,"Testbed Site 3",39.10367,-96.60065,335,0.232,10.99,2393,21.97,114.3,0.324,16.06,2627,23.27,439,0.358,18.63,2717,22.2,442.3
"2022-07-13 05:00:00",280,"Testbed Site 3",39.10367,-96.60065,335,0.232,10.99,2393,21.73,113.3,0.323,16.04,2627,23.13,440.7,0.358,18.63,2717,22.2,442.7
"2022-07-13 06:00:00",281,"Testbed Site 3",39.10367,-96.60065,335,0.232,10.98,2392,21.5,112.7,0.323,16.05,2627,23,437.7,0.358,18.63,2717,22.2,442
"2022-07-13 07:00:00",282,"Testbed Site 3",39.10367,-96.60065,335,0.232,10.97,2392,21.33,111.3,0.323,16.05,2627,22.87,438.7,0.358,18.62,2716,22.13,444.7
"2022-07-13 08:00:00",283,"Testbed Site 3",39.10367,-96.60065,335,0.232,10.97,2391,21.47,112,0.324,16.06,2627,22.73,440,0.358,18.63,2717,22.1,438.3
"2022-07-13 09:00:00",284,"Testbed Site 3",39.10367,-96.60065,335,0.231,10.94,2390,22,111.7,0.323,16.04,2627,22.6,435.7,0.358,18.6,2716,22.1,441.7
"2022-07-13 10:00:00",285,"Testbed Site 3",39.10367,-96.60065,335,0.231,10.93,2389,22.57,110.7,0.323,16.05,2627,22.53,435.3,0.358,18.57,2715,22.1,437.3
"2022-07-13 11:00:00",286,"Testbed Site 3",39.10367,-96.60065,335,0.23,10.89,2387,23,111.3,0.323,16.05,2627,22.5,437.7,0.357,18.52,2714,22.03,433.3
"2022-07-13 12:00:00",287,"Testbed Site 3",39.10367,-96.60065,335,0.23,10.85,2385,23.53,111.3,0.323,16.04,2627,22.53,435.3,0.356,18.48,2712,22,442
"2022-07-13 13:00:00",288,"Testbed Site 3",39.10367,-96.60065,335,0.228,10.8,2382,24.1,111.3,0.323,16.04,2627,22.6,439,0.356,18.44,2711,22,441.7
"2022-07-13 14:00:00",289,"Testbed Site 3",39.10367,-96.60065,335,0.227,10.74,2379,24.8,111,0.323,16.04,2627,22.67,437.3,0.355,18.37,2709,21.93,441.7
"2022-07-13 15:00:00",290,"Testbed Site 3",39.10367,-96.60065,335,0.226,10.68,2376,25.9,110.7,0.323,16.04,2627,22.77,439.3,0.355,18.33,2707,21.9,437.3
"2022-07-13 16:00:00",291,"Testbed Site 3",39.10367,-96.60065,335,0.225,10.64,2373,25.87,110,0.323,16.04,2627,22.97,437,0.354,18.3,2706,21.9,441.3
"2022-07-13 17:00:00",292,"Testbed Site 3",39.10367,-96.60065,335,0.224,10.6,2371,25.8,106.7,0.323,16.04,2627,23.13,438,0.354,18.25,2705,21.9,433.7
"2022-07-13 18:00:00",293,"Testbed Site 3",39.10367,-96.60065,335,0.223,10.55,2369,25.8,108,0.323,16.03,2626,23.27,440.7,0.353,18.2,2703,21.9,434.3
"2022-07-13 19:00:00",294,"Testbed Site 3",39.10367,-96.60065,335,0.223,10.53,2368,25.8,107,0.323,16.03,2626,23.4,437.3,0.353,18.18,2703,21.9,430
"2022-07-13 20:00:00",295,"Testbed Site 3",39.10367,-96.60065,335,0.222,10.51,2366,25.57,106,0.323,16.03,2626,23.5,434.7,0.353,18.2,2703,21.9,433.3
"2022-07-13 21:00:00",296,"Testbed Site 3",39.10367,-96.60065,335,0.222,10.5,2366,25.2,105.7,0.323,16.02,2626,23.57,444.3,0.353,18.22,2704,21.9,430
"2022-07-13 22:00:00",297,"Testbed Site 3",39.10367,-96.60065,335,0.222,10.5,2366,24.8,105.3,0.323,16.02,2626,23.6,444.7,0.353,18.22,2704,21.9,430
"2022-07-13 23:00:00",298,"Testbed Site 3",39.10367,-96.60065,335,0.222,10.49,2365,24.5,104,0.323,16.03,2626,23.6,442.3,0.353,18.22,2704,21.9,438
"2022-07-14 00:00:00",299,"Testbed Site 3",39.10367,-96.60065,335,0.222,10.48,2365,24.2,104,0.323,16.02,2626,23.6,441.7,0.353,18.21,2704,21.9,436.7
"2022-07-14 01:00:00",300,"Testbed Site 3",39.10367,-96.60065,335,0.222,10.47,2364,23.97,102,0.323,16.03,2626,23.57,436.7,0.353,18.22,2704,21.93,439.7
"2022-07-14 02:00:00",301,"Testbed Site 3",39.10367,-96.60065,335,0.222,10.47,2364,23.77,103,0.323,16.02,2626,23.5,438,0.353,18.23,2704,22,440
"2022-07-14 03:00:00",302,"Testbed Site 3",39.10367,-96.60065,335,0.221,10.46,2364,23.6,102,0.323,16.02,2626,23.47,438,0.353,18.23,2704,22,435.7
"2022-07-14 04:00:00",303,"Testbed Site 3",39.10367,-96.60065,335,0.221,10.46,2364,23.43,101,0.323,16.02,2626,23.4,438,0.353,18.22,2704,22,434.7
"2022-07-14 05:00:00",304,"Testbed Site 3",39.10367,-96.60065,335,0.221,10.45,2363,23.27,101,0.323,16.03,2626,23.33,430.3,0.354,18.25,2705,22,434.3
"2022-07-14 06:00:00",305,"Testbed Site 3",39.10367,-96.60065,335,0.221,10.43,2362,23.13,101,0.323,16.01,2625,23.27,431,0.353,18.23,2704,22,438.3
"2022-07-14 07:00:00",306,"Testbed Site 3",39.10367,-96.60065,335,0.221,10.43,2362,23,101,0.323,16.01,2626,23.2,435.3,0.353,18.22,2704,22,436.7
"2022-07-14 08:00:00",307,"Testbed Site 3",39.10367,-96.60065,335,0.221,10.42,2362,23,100,0.323,16.01,2625,23.13,441.3,0.353,18.2,2703,22,440.7
"2022-07-14 09:00:00",308,"Testbed Site 3",39.10367,-96.60065,335,0.22,10.41,2361,23.03,100,0.323,16,2625,23.1,440.7,0.353,18.18,2703,22,436.7
"2022-07-14 10:00:00",309,"Testbed Site 3",39.10367,-96.60065,335,0.22,10.39,2360,23.2,100,0.323,16,2625,23,436.7,0.353,18.19,2703,22,437.3
"2022-07-14 11:00:00",310,"Testbed Site 3",39.10367,-96.60065,335,0.219,10.37,2359,23.5,99.7,0.323,16.01,2625,23,437.7,0.353,18.17,2702,22,432.7
"2022-07-14 12:00:00",311,"Testbed Site 3",39.10367,-96.60065,335,0.219,10.33,2357,23.9,99,0.323,16.01,2625,23,431.7,0.352,18.1,2700,22,432.7
"2022-07-14 13:00:00",312,"Testbed Site 3",39.10367,-96.60065,335,0.218,10.29,2355,24.53,99,0.323,16.01,2625,23,431.3,0.351,18.04,2698,22,433
"2022-07-14 14:00:00",313,"Testbed Site 3",39.10367,-96.60065,335,0.217,10.24,2352,25.33,98.7,0.323,16.01,2626,23,426.7,0.35,17.93,2694,21.9,439.3
"2022-07-14 15:00:00",314,"Testbed Site 3",39.10367,-96.60065,335,0.215,10.16,2347,26.37,98.7,0.323,16.02,2626,23.13,429,0.349,17.93,2694,21.9,437
"2022-07-14 16:00:00",315,"Testbed Site 3",39.10367,-96.60065,335,0.214,10.11,2344,26.47,97.7,0.323,16.01,2626,23.27,439,0.348,17.83,2691,21.9,437.3
"2022-07-14 17:00:00",316,"Testbed Site 3",39.10367,-96.60065,335,0.213,10.05,2341,26.47,97,0.323,16.02,2626,23.43,437.3,0.348,17.8,2690,21.9,438.7
"2022-07-14 18:00:00",317,"Testbed Site 3",39.10367,-96.60065,335,0.211,9.99,2338,26.57,96,0.323,16.01,2625,23.57,430.3,0.348,17.78,2689,21.9,433
"2022-07-14 19:00:00",318,"Testbed Site 3",39.10367,-96.60065,335,0.211,9.96,2336,26.57,95,0.323,16.01,2625,23.73,439.3,0.347,17.76,2688,21.9,431
"2022-07-14 20:00:00",319,"Testbed Site 3",39.10367,-96.60065,335,0.21,9.95,2335,26.3,95,0.323,16,2625,23.83,429,0.347,17.76,2689,21.9,432
"2022-07-14 21:00:00",320,"Testbed Site 3",39.10367,-96.60065,335,0.21,9.93,2335,26,94.3,0.323,16.01,2625,23.9,429.3,0.347,17.76,2689,21.9,433.7
"2022-07-14 22:00:00",321,"Testbed Site 3",39.10367,-96.60065,335,0.21,9.92,2334,25.7,94,0.323,16,2625,24,429.3,0.347,17.74,2688,22,429.3
"2022-07-14 23:00:00",322,"Testbed Site 3",39.10367,-96.60065,335,0.21,9.92,2334,25.53,91.3,0.323,16,2625,24,428.7,0.348,17.78,2689,22,432.3
"2022-07-15 00:00:00",323,"Testbed Site 3",39.10367,-96.60065,335,0.209,9.9,2333,25.37,92.7,0.323,16,2625,24,429,0.348,17.79,2690,22,437
"2022-07-15 01:00:00",324,"Testbed Site 3",39.10367,-96.60065,335,0.209,9.89,2332,25.23,92,0.323,15.99,2625,24,432.3,0.348,17.78,2689,22,430
"2022-07-15 02:00:00",325,"Testbed Site 3",39.10367,-96.60065,335,0.209,9.89,2332,25.03,91.7,0.323,15.99,2625,24,436.3,0.347,17.77,2689,22.1,436
"2022-07-15 03:00:00",326,"Testbed Site 3",39.10367,-96.60065,335,0.209,9.86,2331,24.9,91,0.323,16,2625,24,437.7,0.348,17.8,2690,22.1,436.3
"2022-07-15 04:00:00",327,"Testbed Site 3",39.10367,-96.60065,335,0.208,9.86,2330,24.7,91,0.322,15.98,2624,23.93,437,0.348,17.79,2689,22.1,435.7
"2022-07-15 05:00:00",328,"Testbed Site 3",39.10367,-96.60065,335,0.208,9.86,2330,24.47,90,0.322,15.99,2625,23.9,438,0.348,17.79,2690,22.1,437
"2022-07-15 06:00:00",329,"Testbed Site 3",39.10367,-96.60065,335,0.208,9.84,2330,24.37,90,0.323,16,2625,23.9,438,0.348,17.78,2689,22.1,437.3
"2022-07-15 07:00:00",330,"Testbed Site 3",39.10367,-96.60065,335,0.208,9.84,2329,24.3,90.3,0.322,15.99,2625,23.8,437,0.348,17.8,2690,22.1,436
"2022-07-15 08:00:00",331,"Testbed Site 3",39.10367,-96.60065,335,0.208,9.82,2328,24.33,89.7,0.322,15.98,2624,23.77,435.3,0.348,17.78,2689,22.2,436
"2022-07-15 09:00:00",332,"Testbed Site 3",39.10367,-96.60065,335,0.207,9.8,2327,24.53,89,0.322,15.98,2624,23.7,430.3,0.348,17.79,2689,22.2,436
"2022-07-15 10:00:00",333,"Testbed Site 3",39.10367,-96.60065,335,0.207,9.78,2326,24.83,87.7,0.322,15.98,2624,23.7,428,0.347,17.71,2687,22.2,436.7
"2022-07-15 11:00:00",334,"Testbed Site 3",39.10367,-96.60065,335,0.206,9.75,2324,25.2,89.7,0.322,15.98,2624,23.7,430.7,0.347,17.71,2687,22.2,435.3
"2022-07-15 12:00:00",335,"Testbed Site 3",39.10367,-96.60065,335,0.205,9.71,2322,25.87,87.7,0.322,15.98,2624,23.7,427.3,0.346,17.64,2684,22.2,433
"2022-07-15 13:00:00",336,"Testbed Site 3",39.10367,-96.60065,335,0.204,9.65,2319,26.5,88,0.322,15.97,2624,23.77,435.3,0.345,17.61,2683,22.2,435
"2022-07-15 14:00:00",337,"Testbed Site 3",39.10367,-96.60065,335,0.203,9.61,2317,27.2,89,0.322,15.96,2624,23.87,437,0.345,17.58,2682,22.2,426
"2022-07-15 15:00:00",338,"Testbed Site 3",39.10367,-96.60065,335,0.201,9.52,2312,28.13,88.7,0.322,15.97,2624,24.03,431.3,0.344,17.51,2680,22.2,422.3
"2022-07-15 16:00:00",339,"Testbed Site 3",39.10367,-96.60065,335,0.2,9.48,2309,28.13,86.7,0.322,15.96,2624,24.17,439.7,0.343,17.47,2679,22.2,425.3
"2022-07-15 17:00:00",340,"Testbed Site 3",39.10367,-96.60065,335,0.199,9.43,2306,28.13,87.3,0.322,15.96,2624,24.37,437,0.343,17.42,2677,22.2,429
"2022-07-15 18:00:00",341,"Testbed Site 3",39.10367,-96.60065,335,0.198,9.39,2304,28.2,87,0.322,15.96,2623,24.53,437.7,0.343,17.41,2677,22.2,422
"2022-07-15 19:00:00",342,"Testbed Site 3",39.10367,-96.60065,335,0.198,9.37,2303,28.03,85.3,0.322,15.95,2623,24.67,434.7,0.343,17.45,2678,22.2,430
"2022-07-15 20:00:00",343,"Testbed Site 3",39.10367,-96.60065,335,0.197,9.35,2302,27.63,85.3,0.322,15.94,2623,24.8,439.7,0.343,17.44,2678,22.2,429
"2022-07-15 21:00:00",344,"Testbed Site 3",39.10367,-96.60065,335,0.197,9.34,2301,27.23,85,0.322,15.94,2623,24.9,439.3,0.343,17.44,2678,22.3,429
"2022-07-15 22:00:00",345,"Testbed Site 3",39.10367,-96.60065,335,0.197,9.33,2301,26.77,84.7,0.322,15.94,2623,24.9,435,0.343,17.45,2678,22.3,433
"2022-07-15 23:00:00",346,"Testbed Site 3",39.10367,-96.60065,335,0.197,9.32,2300,26.4,84,0.322,15.94,2623,24.9,434.7,0.343,17.46,2678,22.3,433.7
"2022-07-16 00:00:00",347,"Testbed Site 3",39.10367,-96.60065,335,0.197,9.32,2300,26.1,84,0.321,15.92,2622,24.9,438.3,0.343,17.47,2679,22.37,434
"2022-07-16 01:00:00",348,"Testbed Site 3",39.10367,-96.60065,335,0.197,9.32,2300,25.8,83,0.322,15.93,2622,24.87,438.7,0.344,17.49,2679,22.4,431
"2022-07-16 02:00:00",349,"Testbed Site 3",39.10367,-96.60065,335,0.197,9.31,2300,25.5,83,0.322,15.93,2622,24.8,441.7,0.344,17.49,2679,22.4,432.7
"2022-07-16 03:00:00",350,"Testbed Site 3",39.10367,-96.60065,335,0.196,9.31,2300,25.2,82,0.322,15.92,2622,24.7,439,0.344,17.49,2679,22.47,429
"2022-07-16 04:00:00",351,"Testbed Site 3",39.10367,-96.60065,335,0.197,9.31,2300,25.03,82,0.321,15.91,2622,24.67,438.3,0.344,17.49,2680,22.5,432.7
"2022-07-16 05:00:00",352,"Testbed Site 3",39.10367,-96.60065,335,0.196,9.3,2299,24.87,82,0.322,15.93,2622,24.57,430.7,0.344,17.53,2681,22.5,433
"2022-07-16 06:00:00",353,"Testbed Site 3",39.10367,-96.60065,335,0.196,9.3,2299,24.77,81,0.322,15.93,2622,24.5,438.3,0.344,17.52,2680,22.5,433.3
"2022-07-16 07:00:00",354,"Testbed Site 3",39.10367,-96.60065,335,0.196,9.3,2299,24.7,81,0.322,15.92,2622,24.4,443,0.344,17.52,2681,22.5,428
"2022-07-16 08:00:00",355,"Testbed Site 3",39.10367,-96.60065,335,0.196,9.29,2298,24.83,81,0.321,15.91,2622,24.33,442.7,0.345,17.55,2681,22.5,432.7
"2022-07-16 09:00:00",356,"Testbed Site 3",39.10367,-96.60065,335,0.196,9.27,2297,25.1,81,0.321,15.91,2622,24.3,438,0.344,17.5,2680,22.5,435.7
"2022-07-16 10:00:00",357,"Testbed Site 3",39.10367,-96.60065,335,0.195,9.25,2296,25.5,81,0.321,15.92,2622,24.23,441.7,0.344,17.48,2679,22.5,429
"2022-07-16 11:00:00",358,"Testbed Site 3",39.10367,-96.60065,335,0.195,9.24,2296,25.6,80.7,0.321,15.92,2622,24.2,436.3,0.343,17.46,2678,22.5,428.3
"2022-07-16 12:00:00",359,"Testbed Site 3",39.10367,-96.60065,335,0.195,9.22,2295,25.5,80.3,0.321,15.91,2622,24.3,437.3,0.343,17.45,2678,22.5,432
"2022-07-16 13:00:00",360,"Testbed Site 3",39.10367,-96.60065,335,0.194,9.21,2294,25.5,80,0.321,15.92,2622,24.3,441,0.343,17.46,2678,22.5,436
"2022-07-16 14:00:00",361,"Testbed Site 3",39.10367,-96.60065,335,0.194,9.2,2293,25.5,80,0.321,15.91,2622,24.3,433,0.343,17.43,2677,22.5,435.3
"2022-07-16 15:00:00",362,"Testbed Site 3",39.10367,-96.60065,335,0.193,9.17,2292,25.6,79,0.321,15.91,2621,24.3,442.7,0.343,17.43,2677,22.5,435
"2022-07-16 16:00:00",363,"Testbed Site 3",39.10367,-96.60065,335,0.193,9.16,2291,25.8,79.33,0.321,15.91,2622,24.3,443.3,0.343,17.43,2677,22.5,431.7
"2022-07-16 17:00:00",364,"Testbed Site 3",39.10367,-96.60065,335,0.193,9.14,2290,25.7,79,0.321,15.9,2621,24.3,443.7,0.343,17.42,2677,22.5,431
"2022-07-16 18:00:00",365,"Testbed Site 3",39.10367,-96.60065,335,0.193,9.14,2290,25.77,79,0.321,15.9,2621,24.3,443.7,0.342,17.4,2676,22.5,426.7
"2022-07-16 19:00:00",366,"Testbed Site 3",39.10367,-96.60065,335,0.192,9.12,2289,25.87,78.33,0.321,15.9,2621,24.3,442.7,0.342,17.4,2676,22.5,433.7
"2022-07-16 20:00:00",367,"Testbed Site 3",39.10367,-96.60065,335,0.192,9.11,2289,25.7,78.33,0.321,15.9,2621,24.4,435.3,0.343,17.4,2676,22.5,432.7
"2022-07-16 21:00:00",368,"Testbed Site 3",39.10367,-96.60065,335,0.192,9.1,2288,25.47,77.33,0.321,15.9,2621,24.4,442,0.343,17.42,2677,22.5,434.3
"2022-07-16 22:00:00",369,"Testbed Site 3",39.10367,-96.60065,335,0.192,9.1,2288,25.27,75.67,0.321,15.9,2621,24.4,439,0.343,17.41,2677,22.5,433
"2022-07-16 23:00:00",370,"Testbed Site 3",39.10367,-96.60065,335,0.192,9.1,2288,25.13,77,0.321,15.9,2621,24.37,442.7,0.343,17.41,2677,22.5,429.7
"2022-07-17 00:00:00",371,"Testbed Site 3",39.10367,-96.60065,335,0.192,9.1,2288,25.07,76.67,0.321,15.9,2621,24.3,441.7,0.343,17.44,2678,22.5,434.3
"2022-07-17 01:00:00",372,"Testbed Site 3",39.10367,-96.60065,335,0.192,9.1,2288,25,75.33,0.321,15.89,2621,24.3,438.3,0.343,17.43,2677,22.57,433.7
"2022-07-17 02:00:00",373,"Testbed Site 3",39.10367,-96.60065,335,0.192,9.09,2287,24.87,76.33,0.321,15.89,2621,24.3,441,0.343,17.43,2677,22.6,434.7
"2022-07-17 03:00:00",374,"Testbed Site 3",39.10367,-96.60065,335,0.192,9.1,2288,24.63,76,0.321,15.89,2621,24.2,438.3,0.343,17.43,2677,22.6,431.3
"2022-07-17 04:00:00",375,"Testbed Site 3",39.10367,-96.60065,335,0.192,9.1,2288,24.43,75.67,0.321,15.9,2621,24.2,433,0.343,17.44,2678,22.6,427.3
"2022-07-17 05:00:00",376,"Testbed Site 3",39.10367,-96.60065,335,0.192,9.1,2288,24.27,75.33,0.321,15.9,2621,24.1,430.3,0.343,17.4,2676,22.6,428
"2022-07-17 06:00:00",377,"Testbed Site 3",39.10367,-96.60065,335,0.192,9.1,2288,24.13,75,0.321,15.9,2621,24.1,435,0.343,17.47,2679,22.6,432.3
"2022-07-17 07:00:00",378,"Testbed Site 3",39.10367,-96.60065,335,0.192,9.09,2287,24.1,75,0.321,15.9,2621,24,443.3,0.343,17.45,2678,22.6,430.7
"2022-07-17 10:00:00",379,"Testbed Site 3",39.10367,-96.60065,335,0.191,9.07,2286,24.5,74.33,0.321,15.9,2621,23.9,442.7,0.343,17.43,2677,22.5,434
"2022-07-17 11:00:00",380,"Testbed Site 3",39.10367,-96.60065,335,0.191,9.07,2286,24.8,75,0.321,15.9,2621,23.83,442,0.343,17.42,2677,22.5,432.7
"2022-07-17 12:00:00",381,"Testbed Site 3",39.10367,-96.60065,335,0.19,9.04,2284,25.4,75,0.321,15.9,2621,23.9,443.7,0.343,17.42,2677,22.5,432.7
"2022-07-17 13:00:00",382,"Testbed Site 3",39.10367,-96.60065,335,0.19,9,2282,25.8,74.67,0.321,15.89,2621,23.9,444.3,0.342,17.37,2675,22.5,433.7
"2022-07-17 14:00:00",383,"Testbed Site 3",39.10367,-96.60065,335,0.189,8.99,2282,26.47,75,0.321,15.89,2621,23.93,441.3,0.342,17.35,2674,22.5,432.7
"2022-07-17 15:00:00",384,"Testbed Site 3",39.10367,-96.60065,335,0.189,8.95,2279,27.23,74.67,0.321,15.88,2621,24.03,430.3,0.341,17.31,2673,22.5,432.3
"2022-07-17 16:00:00",385,"Testbed Site 3",39.10367,-96.60065,335,0.188,8.91,2277,27.13,74.33,0.321,15.88,2620,24.17,442.7,0.341,17.29,2672,22.5,430.3
"2022-07-17 17:00:00",386,"Testbed Site 3",39.10367,-96.60065,335,0.186,8.85,2274,26.9,73,0.321,15.88,2621,24.45,439,0.341,17.27,2672,22.5,419
"2022-07-18 07:00:00",387,"Testbed Site 3",39.10367,-96.60065,335,0.185,8.79,2270,22.3,66,0.32,15.84,2619,23.6,442,0.342,17.34,2674,22.6,433
"2022-07-18 08:00:00",388,"Testbed Site 3",39.10367,-96.60065,335,0.185,8.79,2270,22.5,65,0.32,15.85,2619,23.5,432,0.341,17.28,2672,22.6,433
"2022-07-18 11:00:00",389,"Testbed Site 3",39.10367,-96.60065,335,0.184,8.73,2267,24.05,66,0.321,15.86,2620,23.3,442,0.34,17.23,2670,22.5,424
"2022-07-18 12:00:00",390,"Testbed Site 3",39.10367,-96.60065,335,0.183,8.7,2265,24.8,66,0.321,15.86,2620,23.3,443.5,0.34,17.21,2670,22.5,416.5
"2022-07-18 14:00:00",391,"Testbed Site 3",39.10367,-96.60065,335,0.181,8.61,2260,26,65.67,0.321,15.86,2620,23.43,432.7,0.339,17.13,2667,22.4,428.3
"2022-07-18 15:00:00",392,"Testbed Site 3",39.10367,-96.60065,335,0.18,8.57,2257,26.8,66,0.32,15.85,2619,23.57,439.3,0.339,17.1,2666,22.4,430
"2022-07-18 16:00:00",393,"Testbed Site 3",39.10367,-96.60065,335,0.179,8.52,2255,26.73,64.67,0.32,15.85,2619,23.73,443,0.338,17.07,2665,22.4,431
"2022-07-18 17:00:00",394,"Testbed Site 3",39.10367,-96.60065,335,0.177,8.45,2251,26.7,63,0.32,15.83,2618,23.9,432,0.337,17.01,2663,22.4,419
"2022-07-19 07:00:00",395,"Testbed Site 3",39.10367,-96.60065,335,0.176,8.37,2246,23.5,59,0.32,15.8,2617,23.7,432,0.338,17.07,2665,22.5,425
"2022-07-19 08:00:00",396,"Testbed Site 3",39.10367,-96.60065,335,0.175,8.34,2245,23.7,59,0.32,15.81,2618,23.6,438,0.338,17.07,2665,22.5,429
"2022-07-19 10:00:00",397,"Testbed Site 3",39.10367,-96.60065,335,0.174,8.31,2242,24.47,58,0.32,15.8,2617,23.57,429.7,0.337,16.99,2662,22.5,424.7
"2022-07-19 11:00:00",398,"Testbed Site 3",39.10367,-96.60065,335,0.173,8.24,2238,24.9,58,0.32,15.8,2617,23.6,437,0.336,16.92,2660,22.5,428
"2022-07-19 12:00:00",399,"Testbed Site 3",39.10367,-96.60065,335,0.172,8.21,2237,25.17,57.33,0.32,15.8,2617,23.6,432.3,0.336,16.9,2659,22.4,419.3
"2022-07-19 13:00:00",400,"Testbed Site 3",39.10367,-96.60065,335,0.172,8.21,2237,25.63,57,0.32,15.8,2617,23.67,434.3,0.335,16.85,2657,22.4,424.3
"2022-07-19 14:00:00",401,"Testbed Site 3",39.10367,-96.60065,335,0.171,8.16,2234,26.03,57,0.32,15.8,2617,23.73,439,0.335,16.84,2656,22.4,424.3
"2022-07-19 15:00:00",402,"Testbed Site 3",39.10367,-96.60065,335,0.17,8.13,2232,26.57,56.67,0.319,15.79,2617,23.83,432.7,0.334,16.8,2655,22.4,428
"2022-07-19 16:00:00",403,"Testbed Site 3",39.10367,-96.60065,335,0.169,8.08,2230,26.83,56.33,0.319,15.78,2617,23.93,432,0.334,16.77,2654,22.4,428
"2022-07-19 17:00:00",404,"Testbed Site 3",39.10367,-96.60065,335,0.168,8.01,2226,27.1,55,0.319,15.78,2616,24.1,438,0.334,16.75,2653,22.4,428
"2022-07-19 18:00:00",405,"Testbed Site 3",39.10367,-96.60065,335,0.167,7.982,2224,27.3,55,0.319,15.77,2616,24.2,428,0.333,16.71,2652,22.4,428
"2022-07-20 08:00:00",406,"Testbed Site 3",39.10367,-96.60065,335,0.167,7.972,2223,23.2,50,0.318,15.7,2614,23.9,427,0.334,16.77,2654,22.6,414
"2022-07-20 10:00:00",407,"Testbed Site 3",39.10367,-96.60065,335,0.165,7.907,2220,24.3,50,0.318,15.72,2614,23.7,439,0.333,16.73,2653,22.6,427
"2022-07-20 11:00:00",408,"Testbed Site 3",39.10367,-96.60065,335,0.165,7.908,2220,24.45,50,0.318,15.72,2614,23.7,439,0.333,16.73,2652,22.6,420.5
"2022-07-20 12:00:00",409,"Testbed Site 3",39.10367,-96.60065,335,0.165,7.878,2218,24.9,50,0.318,15.71,2614,23.7,435,0.333,16.69,2651,22.6,422
"2022-07-20 14:00:00",410,"Testbed Site 3",39.10367,-96.60065,335,0.163,7.803,2214,26.23,50,0.318,15.71,2614,23.73,439.3,0.332,16.63,2649,22.5,424.3
"2022-07-20 15:00:00",411,"Testbed Site 3",39.10367,-96.60065,335,0.162,7.772,2212,26.83,50,0.318,15.7,2613,23.83,431.3,0.331,16.6,2648,22.5,426.3
"2022-07-20 16:00:00",412,"Testbed Site 3",39.10367,-96.60065,335,0.162,7.745,2210,26.73,49.33,0.318,15.69,2613,23.97,441.7,0.331,16.56,2646,22.5,427.3
"2022-07-20 17:00:00",413,"Testbed Site 3",39.10367,-96.60065,335,0.16,7.673,2206,26.7,48,0.318,15.7,2613,24.1,432,0.33,16.53,2645,22.5,426
"2022-07-20 18:00:00",414,"Testbed Site 3",39.10367,-96.60065,335,0.159,7.638,2204,26.6,48,0.318,15.68,2612,24.2,430,0.33,16.52,2645,22.5,425
"2022-07-21 09:00:00",415,"Testbed Site 3",39.10367,-96.60065,335,0.159,7.617,2203,23,45,0.317,15.64,2611,23.2,438,0.331,16.54,2645,22.5,425
"2022-07-21 12:00:00",416,"Testbed Site 3",39.10367,-96.60065,335,0.158,7.574,2200,24.47,45,-8.191,-8.191,-8.191,-8.191,-8.191,-8.191,-8.191,-8.191,-8.191,-8.191
"2022-07-21 13:00:00",417,"Testbed Site 3",39.10367,-96.60065,335,0.157,7.541,2199,25.15,45,0.317,15.61,2610,23.2,439,0.329,16.44,2642,22.4,418.5
"2022-07-21 14:00:00",418,"Testbed Site 3",39.10367,-96.60065,335,0.156,7.502,2196,26.03,45.33,0.317,15.62,2610,23.3,432.7,0.329,16.42,2641,22.4,423.3
"2022-07-21 15:00:00",419,"Testbed Site 3",39.10367,-96.60065,335,0.155,7.457,2194,26.7,45,0.317,15.61,2610,23.43,431,0.328,16.38,2640,22.4,421.7
"2022-07-21 16:00:00",420,"Testbed Site 3",39.10367,-96.60065,335,0.155,7.453,2193,26.73,45,0.317,15.61,2610,23.6,433.7,0.327,16.32,2637,22.4,420.7
"2022-07-21 17:00:00",421,"Testbed Site 3",39.10367,-96.60065,335,0.154,7.39,2190,26.8,44.5,0.317,15.61,2610,23.8,437.5,0.327,16.32,2637,22.3,421
"2022-07-22 07:00:00",422,"Testbed Site 3",39.10367,-96.60065,335,0.153,7.338,2187,23.7,41,0.316,15.53,2607,23.8,437,0.328,16.36,2639,22.5,421
"2022-07-22 09:00:00",423,"Testbed Site 3",39.10367,-96.60065,335,0.152,7.294,2184,24.5,42,0.315,15.52,2606,23.7,435,0.327,16.32,2637,22.5,424
"2022-07-22 11:00:00",424,"Testbed Site 3",39.10367,-96.60065,335,0.151,7.262,2182,25.3,42,0.315,15.52,2606,23.7,426,0.326,16.22,2633,22.5,423
"2022-07-22 12:00:00",425,"Testbed Site 3",39.10367,-96.60065,335,0.15,7.231,2181,25.8,42,0.315,15.51,2606,23.8,431,0.325,16.18,2632,22.5,424
"2022-07-22 13:00:00",426,"Testbed Site 3",39.10367,-96.60065,335,0.151,7.264,2183,26.13,41.67,0.315,15.52,2606,23.8,432.3,0.325,16.14,2630,22.5,421
"2022-07-22 14:00:00",427,"Testbed Site 3",39.10367,-96.60065,335,0.149,7.183,2178,27.1,41,0.315,15.51,2606,23.9,431,0.324,16.09,2628,22.5,422
"2022-07-22 15:00:00",428,"Testbed Site 3",39.10367,-96.60065,335,0.149,7.171,2177,27.47,41,0.315,15.51,2606,24.03,432.7,0.323,16.05,2627,22.47,422
"2022-07-22 16:00:00",429,"Testbed Site 3",39.10367,-96.60065,335,0.148,7.117,2174,27.6,40.67,0.315,15.5,2606,24.17,432.7,0.323,16.02,2626,22.43,422
"2022-07-23 08:00:00",430,"Testbed Site 3",39.10367,-96.60065,335,0.145,6.979,2166,25.1,37,0.314,15.42,2602,24.5,422,0.322,15.95,2623,22.8,424
"2022-07-23 09:00:00",431,"Testbed Site 3",39.10367,-96.60065,335,0.144,6.961,2165,25.5,38,0.314,15.41,2602,24.5,432,0.321,15.91,2622,22.8,421
"2022-07-23 11:00:00",432,"Testbed Site 3",39.10367,-96.60065,335,0.143,6.926,2163,26.2,37,0.314,15.41,2602,24.5,426,0.32,15.85,2619,22.8,422
"2022-07-23 14:00:00",433,"Testbed Site 3",39.10367,-96.60065,335,0.143,6.891,2161,27.57,37.33,0.314,15.41,2602,24.6,429,0.318,15.71,2614,22.8,420
"2022-07-23 15:00:00",434,"Testbed Site 3",39.10367,-96.60065,335,0.141,6.821,2157,28.1,37,0.313,15.4,2601,24.7,424.3,0.318,15.68,2612,22.8,420
"2022-07-23 16:00:00",435,"Testbed Site 3",39.10367,-96.60065,335,0.141,6.805,2156,28.2,36.33,0.313,15.4,2601,24.83,428,0.317,15.62,2610,22.8,420.3
"2022-07-24 09:00:00",436,"Testbed Site 3",39.10367,-96.60065,335,0.139,6.724,2151,26.2,33,0.312,15.33,2599,25,431,0.316,15.57,2608,23.1,420
"2022-07-24 10:00:00",437,"Testbed Site 3",39.10367,-96.60065,335,0.139,6.707,2151,26.3,33,0.313,15.35,2599,25,431,0.316,15.56,2608,23.1,408
"2022-07-24 11:00:00",438,"Testbed Site 3",39.10367,-96.60065,335,0.138,6.691,2150,26.4,33,0.313,15.35,2599,25,432,0.316,15.54,2607,23.1,416.3
"2022-07-24 12:00:00",439,"Testbed Site 3",39.10367,-96.60065,335,0.138,6.686,2149,26.6,33,0.313,15.36,2600,25,432,0.316,15.54,2607,23.1,421
"2022-07-24 13:00:00",440,"Testbed Site 3",39.10367,-96.60065,335,0.138,6.67,2148,26.6,33,0.313,15.37,2600,25,432.7,0.316,15.53,2607,23.1,420.3
"2022-07-24 14:00:00",441,"Testbed Site 3",39.10367,-96.60065,335,0.138,6.674,2149,26.8,33,0.313,15.39,2601,25,433.3,0.315,15.51,2606,23.1,410.3
"2022-07-25 10:00:00",442,"Testbed Site 3",39.10367,-96.60065,335,0.293,14.18,2550,21.5,190,0.355,18.39,2709,23,467,0.359,18.72,2720,23,477
"2022-07-25 12:00:00",443,"Testbed Site 3",39.10367,-96.60065,335,0.288,13.86,2535,21.9,186,0.353,18.21,2703,22.9,453,0.36,18.79,2722,22.9,466
"2022-07-25 14:00:00",444,"Testbed Site 3",39.10367,-96.60065,335,0.284,13.64,2525,22.4,180,0.351,18.06,2699,22.8,468,0.361,18.84,2723,22.8,478
"2022-07-25 16:00:00",445,"Testbed Site 3",39.10367,-96.60065,335,0.281,13.46,2517,22.7,181,0.35,18,2696,22.8,466,0.362,18.93,2726,22.7,474
"2022-07-26 10:00:00",446,"Testbed Site 3",39.10367,-96.60065,335,0.279,13.34,2512,21.4,175,0.345,17.61,2683,22.2,467,0.365,19.17,2734,22.2,475
"2022-07-27 11:00:00",447,"Testbed Site 3",39.10367,-96.60065,335,0.28,13.42,2515,23,177,0.343,17.45,2678,22.1,479,0.367,19.32,2738,21.7,475
"2022-07-27 13:00:00",448,"Testbed Site 3",39.10367,-96.60065,335,0.277,13.23,2506,23.8,174,0.343,17.43,2677,22.2,478,0.366,19.29,2737,21.7,461
"2022-07-27 14:00:00",449,"Testbed Site 3",39.10367,-96.60065,335,0.274,13.11,2500,24.3,177.5,0.343,17.42,2677,22.3,478.5,0.366,19.27,2737,21.7,468.5
"2022-07-27 15:00:00",450,"Testbed Site 3",39.10367,-96.60065,335,0.272,12.99,2495,24.8,173.3,0.342,17.4,2676,22.37,480,0.366,19.27,2737,21.7,462
"2022-07-27 16:00:00",451,"Testbed Site 3",39.10367,-96.60065,335,0.27,12.88,2489,25.1,169,0.342,17.39,2676,22.55,481,0.366,19.26,2736,21.7,466.5
"2022-07-28 08:00:00",452,"Testbed Site 3",39.10367,-96.60065,335,0.3,14.59,2567,22.9,212,0.342,17.34,2674,23,480,0.366,19.31,2738,21.9,475
"2022-07-28 10:00:00",453,"Testbed Site 3",39.10367,-96.60065,335,0.296,14.33,2556,23.1,208,0.344,17.5,2680,22.9,482,0.367,19.36,2739,22,477
"2022-07-28 11:00:00",454,"Testbed Site 3",39.10367,-96.60065,335,0.294,14.23,2552,23.45,207,0.345,17.56,2682,22.9,483.5,0.367,19.39,2740,22,478
"2022-07-28 13:00:00",455,"Testbed Site 3",39.10367,-96.60065,335,0.29,13.99,2541,24.33,205.3,0.346,17.65,2685,22.9,487.7,0.367,19.39,2740,22,471
"2022-07-28 14:00:00",456,"Testbed Site 3",39.10367,-96.60065,335,0.288,13.89,2537,24.77,203.7,0.346,17.66,2685,22.97,474.7,0.367,19.39,2740,21.97,477.3
"2022-07-28 15:00:00",457,"Testbed Site 3",39.10367,-96.60065,335,0.286,13.77,2531,25.2,200,0.346,17.64,2685,23.03,484.3,0.367,19.39,2740,21.9,473
"2022-07-28 16:00:00",458,"Testbed Site 3",39.10367,-96.60065,335,0.284,13.64,2526,25.27,197,0.346,17.64,2685,23.17,488.3,0.367,19.38,2740,21.9,473.3
"2022-07-29 11:00:00",459,"Testbed Site 3",39.10367,-96.60065,335,0.275,13.17,2503,22,175.3,0.343,17.45,2678,22.3,484,0.367,19.4,2740,22,468
"2022-07-29 12:00:00",460,"Testbed Site 3",39.10367,-96.60065,335,0.274,13.1,2500,22.4,171.7,0.343,17.45,2678,22.3,484.3,0.367,19.34,2739,22,471.7
"2022-07-29 13:00:00",461,"Testbed Site 3",39.10367,-96.60065,335,0.272,13.01,2496,22.8,169,0.343,17.43,2677,22.3,484,0.367,19.35,2739,22,474
"2022-07-29 14:00:00",462,"Testbed Site 3",39.10367,-96.60065,335,0.271,12.96,2493,22.9,171,0.343,17.45,2678,22.3,486,0.367,19.33,2738,21.9,472
"2022-07-29 15:00:00",463,"Testbed Site 3",39.10367,-96.60065,335,0.27,12.88,2490,22.9,171,0.343,17.44,2678,22.3,486,0.366,19.29,2737,21.9,474
"2022-07-30 11:00:00",464,"Testbed Site 3",39.10367,-96.60065,335,0.263,12.52,2472,21.1,153,0.343,17.43,2677,21.3,471,0.366,19.26,2736,21.6,471
"2022-07-30 12:00:00",465,"Testbed Site 3",39.10367,-96.60065,335,0.262,12.44,2468,21.6,152,0.343,17.43,2677,21.3,479,0.365,19.22,2735,21.6,471
"2022-07-30 13:00:00",466,"Testbed Site 3",39.10367,-96.60065,335,0.261,12.4,2466,21.95,150,0.343,17.44,2678,21.4,474.5,0.365,19.17,2734,21.55,469.5
"2022-07-30 14:00:00",467,"Testbed Site 3",39.10367,-96.60065,335,0.26,12.33,2462,22.4,148.5,0.343,17.42,2677,21.4,468,0.365,19.16,2733,21.5,461.5
"2022-07-30 15:00:00",468,"Testbed Site 3",39.10367,-96.60065,335,0.258,12.24,2458,23,146.3,0.343,17.44,2678,21.5,472,0.364,19.12,2732,21.5,464
"2022-07-30 16:00:00",469,"Testbed Site 3",39.10367,-96.60065,335,0.256,12.15,2453,23.2,143.5,0.343,17.44,2678,21.6,476,0.364,19.09,2731,21.5,462.5
"2022-07-31 08:00:00",470,"Testbed Site 3",39.10367,-96.60065,335,0.251,11.89,2440,21.6,124,0.346,17.64,2685,21.9,472,0.364,19.14,2733,21.5,468
"2022-07-31 11:00:00",471,"Testbed Site 3",39.10367,-96.60065,335,0.248,11.76,2433,23.1,122,0.347,17.76,2689,21.9,465,0.364,19.06,2730,21.4,465
"2022-07-31 12:00:00",472,"Testbed Site 3",39.10367,-96.60065,335,0.248,11.76,2433,23.37,121.7,0.348,17.81,2690,21.9,465.3,0.363,19.05,2730,21.4,453
"2022-07-31 13:00:00",473,"Testbed Site 3",39.10367,-96.60065,335,0.246,11.66,2428,23.87,120,0.348,17.84,2691,22,463.3,0.363,18.99,2728,21.4,456.7
"2022-07-31 14:00:00",474,"Testbed Site 3",39.10367,-96.60065,335,0.245,11.6,2425,24.33,118.3,0.349,17.87,2692,22.1,464,0.362,18.96,2727,21.4,464
"2022-07-31 15:00:00",475,"Testbed Site 3",39.10367,-96.60065,335,0.243,11.52,2421,24.97,117,0.349,17.89,2693,22.23,465,0.362,18.92,2726,21.4,463.3
"2022-07-31 16:00:00",476,"Testbed Site 3",39.10367,-96.60065,335,0.241,11.42,2416,25.3,113.7,0.349,17.92,2694,22.37,468.3,0.361,18.87,2725,21.4,459
"2022-07-31 17:00:00",477,"Testbed Site 3",39.10367,-96.60065,335,0.239,11.32,2410,25.9,112,0.35,17.95,2695,22.6,457,0.361,18.88,2725,21.4,463
"2022-08-01 11:00:00",478,"Testbed Site 3",39.10367,-96.60065,335,0.232,10.98,2392,24.5,98,0.35,18,2697,23.1,453,0.36,18.75,2721,21.9,454
"2022-08-01 12:00:00",479,"Testbed Site 3",39.10367,-96.60065,335,0.231,10.9,2388,25,97,0.35,17.99,2696,23.1,459,0.359,18.67,2718,21.9,449
"2022-08-01 13:00:00",480,"Testbed Site 3",39.10367,-96.60065,335,0.229,10.81,2383,25.35,94.5,0.35,17.98,2696,23.2,451,0.358,18.62,2717,21.9,449.5
"2022-08-01 14:00:00",481,"Testbed Site 3",39.10367,-96.60065,335,0.227,10.73,2379,25.77,92.7,0.35,17.98,2696,23.27,455.3,0.357,18.56,2715,21.9,453.3
"2022-08-01 15:00:00",482,"Testbed Site 3",39.10367,-96.60065,335,0.224,10.6,2371,26.27,91,0.35,17.94,2695,23.37,458.7,0.357,18.51,2713,21.9,459
"2022-08-01 16:00:00",483,"Testbed Site 3",39.10367,-96.60065,335,0.222,10.48,2365,26.4,86,0.349,17.91,2694,23.6,464,0.356,18.46,2711,21.9,460
"2022-08-01 17:00:00",484,"Testbed Site 3",39.10367,-96.60065,335,0.219,10.35,2358,26.7,80,0.349,17.91,2694,23.7,453,0.355,18.36,2708,21.9,455
"2022-08-02 09:00:00",485,"Testbed Site 3",39.10367,-96.60065,335,0.211,9.99,2338,24.3,70,0.348,17.81,2690,23.7,446,0.353,18.18,2702,22.3,455
"2022-08-02 11:00:00",486,"Testbed Site 3",39.10367,-96.60065,335,0.209,9.86,2331,24.9,67.5,0.348,17.8,2690,23.6,446.5,0.351,18.08,2699,22.3,454
"2022-08-02 13:00:00",487,"Testbed Site 3",39.10367,-96.60065,335,0.204,9.64,2318,25.77,57.67,0.347,17.74,2688,23.7,445.3,0.349,17.89,2693,22.3,451.7
"2022-08-02 14:00:00",488,"Testbed Site 3",39.10367,-96.60065,335,0.201,9.54,2312,26.4,54.67,0.346,17.65,2685,23.77,442.7,0.348,17.8,2690,22.3,446.7
"2022-08-02 15:00:00",489,"Testbed Site 3",39.10367,-96.60065,335,0.199,9.43,2306,27.23,52,0.345,17.61,2684,23.9,447.7,0.347,17.77,2689,22.3,446.3
"2022-08-02 16:00:00",490,"Testbed Site 3",39.10367,-96.60065,335,0.196,9.28,2298,27.4,49,0.345,17.6,2683,24.07,451.3,0.346,17.69,2686,22.3,442.3
"2022-08-02 17:00:00",491,"Testbed Site 3",39.10367,-96.60065,335,0.193,9.15,2291,27.8,46,0.345,17.55,2682,24.3,442,0.345,17.61,2683,22.3,446
"2022-08-03 10:00:00",492,"Testbed Site 3",39.10367,-96.60065,335,0.186,8.82,2272,25.5,40,0.343,17.41,2677,24.5,447,0.343,17.44,2678,22.7,433
"2022-08-03 11:00:00",493,"Testbed Site 3",39.10367,-96.60065,335,0.185,8.77,2269,25.8,39,0.342,17.36,2675,24.5,446,0.342,17.39,2676,22.7,432
"2022-08-03 14:00:00",494,"Testbed Site 3",39.10367,-96.60065,335,0.183,8.71,2265,26.3,39,0.342,17.33,2674,24.5,447,0.342,17.33,2674,22.8,432
"2022-08-03 15:00:00",495,"Testbed Site 3",39.10367,-96.60065,335,0.182,8.66,2263,26.43,39,0.342,17.33,2674,24.6,442,0.342,17.34,2674,22.8,440.7
"2022-08-03 16:00:00",496,"Testbed Site 3",39.10367,-96.60065,335,0.181,8.63,2261,26.77,39,0.341,17.3,2673,24.6,438.7,0.341,17.28,2672,22.8,439
"2022-08-04 11:00:00",497,"Testbed Site 3",39.10367,-96.60065,335,0.179,8.5,2254,25.4,36,0.338,17.08,2665,24.4,444,0.34,17.21,2669,23,444
"2022-08-04 13:00:00",498,"Testbed Site 3",39.10367,-96.60065,335,0.177,8.43,2249,26.2,37,0.338,17.05,2664,24.4,444.3,0.339,17.16,2668,23,443.3
"2022-08-04 14:00:00",499,"Testbed Site 3",39.10367,-96.60065,335,0.176,8.37,2246,26.9,37,0.337,17.03,2663,24.5,443.7,0.339,17.11,2666,23,438
"2022-08-04 15:00:00",500,"Testbed Site 3",39.10367,-96.60065,335,0.174,8.31,2243,27.63,37,0.337,17.01,2663,24.57,443.3,0.338,17.08,2665,23,436.7
"2022-08-04 16:00:00",501,"Testbed Site 3",39.10367,-96.60065,335,0.173,8.25,2239,27.7,37,0.337,16.99,2662,24.73,434.3,0.337,17.02,2663,23,438.7
"2022-08-05 11:00:00",502,"Testbed Site 3",39.10367,-96.60065,335,0.167,7.983,2224,25.9,34,0.333,16.74,2653,24.5,433,0.336,16.9,2659,23.2,441
"2022-08-05 13:00:00",503,"Testbed Site 3",39.10367,-96.60065,335,0.166,7.915,2220,26.8,34,0.333,16.71,2652,24.6,424.5,0.334,16.81,2655,23.1,437
"2022-08-05 14:00:00",504,"Testbed Site 3",39.10367,-96.60065,335,0.165,7.887,2218,27.57,34,0.333,16.69,2651,24.7,428,0.334,16.75,2653,23.1,432.3
"2022-08-05 15:00:00",505,"Testbed Site 3",39.10367,-96.60065,335,0.163,7.802,2214,28.17,34,0.332,16.65,2650,24.77,427.7,0.333,16.71,2652,23.1,431
"2022-08-05 16:00:00",506,"Testbed Site 3",39.10367,-96.60065,335,0.161,7.712,2208,28.13,33,0.332,16.62,2649,24.93,433.3,0.332,16.63,2649,23.1,428
