"TOA5","CR300-23666","CR300","23666","CR300-CELL205.Std.10.02","CPU:Testbed_code_site_3.CR300","28349","Table_Acclima"
"TIMESTAMP","RECORD","station","latitude","longitude","altitude","Acclima_VWC_5_Avg","Acclima_Perm_5_Avg","Acclima_EC_5_Avg","Acclima_Temp_5_Avg","Acclima_VWC_20_Avg","Acclima_Perm_20_Avg","Acclima_EC_20_Avg","Acclima_Temp_20_Avg","Acclima_VWC_40_Avg","Acclima_Perm_40_Avg","Acclima_EC_40_Avg","Acclima_Temp_40_Avg"
"TS","RN","name","decdegrees","decdegrees","m","%","unitless","microS/cm","Deg c","%","unitless","microS/cm","Deg c","%","unitless","microS/cm","Deg c"
"","","Smp","Smp","Smp","Smp","Avg","Avg","Avg","Avg","Avg","Avg","Avg","Avg","Avg","Avg","Avg","Avg"
"2022-10-06 11:00:00",0,"Site 3",39.10367,-96.60065,335,"NAN","NAN","NAN","NAN","NAN","NAN","NAN","NAN","NAN","NAN","NAN","NAN"
"2022-10-06 12:00:00",1,"Site 3",39.10367,-96.60065,335,20.45,10.85,89.5,17.65,28,15.3,249,17.3,29,15.9,291,18.1
"2022-10-06 13:00:00",2,"Site 3",39.10367,-96.60065,335,20.57,10.93,90.7,18.2,28.07,15.3,249,17.4,28.97,15.93,291,18.07
"2022-10-06 14:00:00",3,"Site 3",39.10367,-96.60065,335,20.53,10.9,91.7,18.9,28,15.23,249,17.5,28.97,15.97,291,18
"2022-10-06 15:00:00",4,"Site 3",39.10367,-96.60065,335,20.6,10.93,93,19.5,27.97,15.27,249.3,17.6,28.97,15.87,290.3,18
"2022-10-06 16:00:00",5,"Site 3",39.10367,-96.60065,335,20.6,10.93,93.7,20,28.07,15.3,250.7,17.83,28.97,15.93,290,18
"2022-10-06 17:00:00",6,"Site 3",39.10367,-96.60065,335,20.7,11,95,20.67,28.03,15.3,251.3,18.03,28.97,15.9,290,18
"2022-10-06 18:00:00",7,"Site 3",39.10367,-96.60065,335,20.53,10.9,95,20.63,28.03,15.27,252.7,18.2,28.97,15.87,290,18
"2022-10-06 19:00:00",8,"Site 3",39.10367,-96.60065,335,20.67,10.97,95,20.07,27.97,15.27,253.3,18.43,28.97,15.93,290,17.97
"2022-10-06 20:00:00",9,"Site 3",39.10367,-96.60065,335,20.57,10.93,94,19.57,28.07,15.3,254.3,18.53,28.97,15.9,290,18
"2022-10-06 21:00:00",10,"Site 3",39.10367,-96.60065,335,20.67,10.97,93.3,19.03,28,15.23,255,18.6,28.97,15.93,290,18
"2022-10-06 22:00:00",11,"Site 3",39.10367,-96.60065,335,20.47,10.87,92.3,18.53,28.07,15.3,255,18.6,28.93,15.9,290,17.93
"2022-10-06 23:00:00",12,"Site 3",39.10367,-96.60065,335,20.37,10.8,91.7,18.07,28.1,15.33,255,18.57,28.97,15.87,290,17.97
"2022-10-07 00:00:00",13,"Site 3",39.10367,-96.60065,335,20.43,10.83,91,17.63,28,15.27,254.7,18.47,28.97,15.87,290,18
"2022-10-07 01:00:00",14,"Site 3",39.10367,-96.60065,335,20.33,10.8,90,17.23,28.03,15.3,254,18.4,28.9,15.9,290,18
"2022-10-07 02:00:00",15,"Site 3",39.10367,-96.60065,335,20.33,10.8,89.7,16.8,28,15.23,253,18.3,29,15.93,290.3,18
"2022-10-07 03:00:00",16,"Site 3",39.10367,-96.60065,335,20.2,10.73,89,16.4,27.9,15.2,253,18.23,28.97,15.9,290.3,18.1
"2022-10-07 04:00:00",17,"Site 3",39.10367,-96.60065,335,20.23,10.73,88,16.07,28,15.23,252.3,18.07,29,15.97,290.3,18.03
"2022-10-07 05:00:00",18,"Site 3",39.10367,-96.60065,335,20.07,10.63,87.3,15.7,28.03,15.27,251,17.87,28.97,15.87,291,18.07
"2022-10-07 06:00:00",19,"Site 3",39.10367,-96.60065,335,19.97,10.6,86.7,15.37,28,15.2,250,17.77,28.97,15.87,290.7,18.07
"2022-10-07 07:00:00",20,"Site 3",39.10367,-96.60065,335,19.97,10.6,86,15.1,27.93,15.2,249,17.57,28.93,15.9,291,18.07
"2022-10-07 08:00:00",21,"Site 3",39.10367,-96.60065,335,19.83,10.53,86,14.9,27.97,15.2,248.3,17.43,29,15.9,290.7,18.07
"2022-10-07 09:00:00",22,"Site 3",39.10367,-96.60065,335,19.83,10.5,85.7,14.9,28.03,15.3,247.7,17.27,28.93,15.87,290.3,18.03
"2022-10-07 10:00:00",23,"Site 3",39.10367,-96.60065,335,20,10.6,86,14.97,27.97,15.2,246.7,17.13,28.97,15.9,290,18.03
"2022-10-07 11:00:00",24,"Site 3",39.10367,-96.60065,335,19.9,10.57,85.3,14.9,27.93,15.2,246,17.03,28.93,15.87,290,18
"2022-10-07 12:00:00",25,"Site 3",39.10367,-96.60065,335,19.7,10.47,85.3,15.03,27.97,15.2,245.3,16.93,28.97,15.9,290,18
"2022-10-07 13:00:00",26,"Site 3",39.10367,-96.60065,335,20.1,10.67,86,15.3,27.93,15.2,244.7,16.87,28.97,15.9,289.7,18
"2022-10-07 14:00:00",27,"Site 3",39.10367,-96.60065,335,19.87,10.53,86,15.27,27.9,15.23,244,16.8,28.97,15.9,289.3,17.93
"2022-10-07 15:00:00",28,"Site 3",39.10367,-96.60065,335,19.83,10.5,86,15.1,27.9,15.2,244,16.77,28.97,15.9,289,17.93
"2022-10-07 16:00:00",29,"Site 3",39.10367,-96.60065,335,19.93,10.57,86,15.13,27.93,15.2,244,16.73,28.87,15.8,289,17.87
"2022-10-07 17:00:00",30,"Site 3",39.10367,-96.60065,335,19.93,10.6,86,15.17,27.93,15.23,243,16.7,29,15.9,289,17.87
"2022-10-07 18:00:00",31,"Site 3",39.10367,-96.60065,335,19.87,10.57,85.7,15.07,27.93,15.2,243,16.63,28.97,15.9,289,17.8
"2022-10-07 19:00:00",32,"Site 3",39.10367,-96.60065,335,19.87,10.53,85,14.77,27.97,15.2,242.7,16.6,28.93,15.93,288.7,17.77
"2022-10-07 20:00:00",33,"Site 3",39.10367,-96.60065,335,19.7,10.47,84.3,14.37,27.87,15.2,242,16.53,28.97,15.9,288.7,17.77
"2022-10-07 21:00:00",34,"Site 3",39.10367,-96.60065,335,19.63,10.4,83.7,13.93,27.93,15.2,242,16.47,28.93,15.87,288,17.7
"2022-10-07 22:00:00",35,"Site 3",39.10367,-96.60065,335,19.6,10.43,83,13.6,27.83,15.2,241,16.37,28.97,15.9,288,17.7
"2022-10-07 23:00:00",36,"Site 3",39.10367,-96.60065,335,19.57,10.37,82.3,13.43,27.97,15.2,240.3,16.27,28.97,15.9,288,17.63
"2022-10-08 00:00:00",37,"Site 3",39.10367,-96.60065,335,19.6,10.37,82,13.27,27.93,15.2,239.7,16.13,28.93,15.83,287,17.63
"2022-10-08 01:00:00",38,"Site 3",39.10367,-96.60065,335,19.63,10.43,82,13.17,27.9,15.2,239,15.97,28.93,15.9,287,17.6
"2022-10-08 02:00:00",39,"Site 3",39.10367,-96.60065,335,19.57,10.37,81.7,13.17,27.87,15.2,238.3,15.87,28.9,15.87,287,17.57
"2022-10-08 03:00:00",40,"Site 3",39.10367,-96.60065,335,19.4,10.3,81,13.03,27.83,15.2,237.3,15.77,28.93,15.9,286.7,17.57
"2022-10-08 04:00:00",41,"Site 3",39.10367,-96.60065,335,19.33,10.23,81,12.87,27.87,15.2,237,15.63,28.97,15.87,286.3,17.53
"2022-10-08 05:00:00",42,"Site 3",39.10367,-96.60065,335,19.33,10.27,80.3,12.67,27.9,15.2,236.3,15.57,28.87,15.87,286,17.53
"2022-10-08 06:00:00",43,"Site 3",39.10367,-96.60065,335,19.23,10.2,80,12.5,27.8,15.2,235.7,15.43,28.87,15.87,286,17.47
"2022-10-08 07:00:00",44,"Site 3",39.10367,-96.60065,335,19.37,10.27,80,12.4,27.93,15.2,235,15.37,28.93,15.87,286,17.43
"2022-10-08 08:00:00",45,"Site 3",39.10367,-96.60065,335,19.33,10.23,80,12.37,27.93,15.2,234.3,15.27,28.9,15.83,285.7,17.4
"2022-10-08 09:00:00",46,"Site 3",39.10367,-96.60065,335,19.23,10.2,80,12.57,27.87,15.2,234,15.2,28.9,15.8,285,17.37
"2022-10-08 10:00:00",47,"Site 3",39.10367,-96.60065,335,19.3,10.23,80,12.9,27.87,15.2,233.3,15.1,28.93,15.83,285,17.3
"2022-10-08 11:00:00",48,"Site 3",39.10367,-96.60065,335,19.3,10.23,80.7,13.23,27.8,15.17,233,15.07,28.93,15.9,284,17.3
"2022-10-08 12:00:00",49,"Site 3",39.10367,-96.60065,335,19.3,10.23,81.3,13.87,27.87,15.17,232.7,14.97,28.93,15.87,284,17.27
"2022-10-08 13:00:00",50,"Site 3",39.10367,-96.60065,335,19.6,10.37,82.3,14.57,27.83,15.2,232,15.03,28.9,15.83,283.7,17.17
"2022-10-08 14:00:00",51,"Site 3",39.10367,-96.60065,335,19.57,10.43,83,15,27.9,15.2,233,15.13,28.9,15.83,283,17.13
"2022-10-08 15:00:00",52,"Site 3",39.10367,-96.60065,335,19.8,10.47,84,15.4,27.8,15.17,233.3,15.2,28.83,15.83,283,17.1
"2022-10-08 16:00:00",53,"Site 3",39.10367,-96.60065,335,19.77,10.5,84.7,15.93,27.9,15.2,234,15.33,28.93,15.87,283,17.1
"2022-10-08 17:00:00",54,"Site 3",39.10367,-96.60065,335,19.9,10.57,85.7,16.6,27.87,15.2,234,15.47,28.93,15.83,283,17.03
"2022-10-08 18:00:00",55,"Site 3",39.10367,-96.60065,335,19.9,10.53,86,16.47,27.87,15.2,235,15.6,28.93,15.87,282,17.03
"2022-10-08 19:00:00",56,"Site 3",39.10367,-96.60065,335,19.9,10.57,85.7,15.9,27.8,15.2,235.3,15.8,28.9,15.87,282,16.97
"2022-10-08 20:00:00",57,"Site 3",39.10367,-96.60065,335,19.8,10.47,84.7,15.3,27.83,15.2,236,15.9,28.93,15.87,282,16.93
"2022-10-08 21:00:00",58,"Site 3",39.10367,-96.60065,335,19.73,10.47,84,14.73,27.8,15.17,236,15.9,28.8,15.8,282,16.97
"2022-10-08 22:00:00",59,"Site 3",39.10367,-96.60065,335,19.6,10.4,83,14.3,27.83,15.2,236,15.87,28.9,15.83,282,16.93
"2022-10-08 23:00:00",60,"Site 3",39.10367,-96.60065,335,19.47,10.3,82.7,13.9,27.8,15.2,236,15.8,28.93,15.83,281.7,16.97
"2022-10-09 00:00:00",61,"Site 3",39.10367,-96.60065,335,19.37,10.3,82,13.6,27.8,15.2,235,15.73,28.83,15.83,282,16.9
"2022-10-09 01:00:00",62,"Site 3",39.10367,-96.60065,335,19.3,10.23,81.3,13.33,27.8,15.17,235,15.63,28.83,15.8,281.3,16.93
"2022-10-09 02:00:00",63,"Site 3",39.10367,-96.60065,335,19.3,10.23,81,13.1,27.83,15.17,234,15.5,28.87,15.87,281.3,16.93
"2022-10-09 03:00:00",64,"Site 3",39.10367,-96.60065,335,19.27,10.23,80.3,12.83,27.8,15.2,233.7,15.4,28.93,15.87,281,16.9
"2022-10-09 04:00:00",65,"Site 3",39.10367,-96.60065,335,19.2,10.2,80,12.63,27.9,15.17,233,15.27,28.9,15.8,281,16.9
"2022-10-09 05:00:00",66,"Site 3",39.10367,-96.60065,335,19.27,10.23,80,12.43,27.8,15.17,232,15.17,28.93,15.87,281,16.9
"2022-10-09 06:00:00",67,"Site 3",39.10367,-96.60065,335,19.1,10.13,79,12.23,27.8,15.13,231.7,15.13,28.87,15.83,281,16.8
"2022-10-09 07:00:00",68,"Site 3",39.10367,-96.60065,335,19.17,10.17,78.67,12.03,27.77,15.1,231,14.97,28.9,15.87,281,16.83
"2022-10-09 08:00:00",69,"Site 3",39.10367,-96.60065,335,19.03,10.1,78,11.83,27.8,15.17,230,14.83,28.83,15.8,280,16.8
"2022-10-09 09:00:00",70,"Site 3",39.10367,-96.60065,335,18.97,10.07,78.33,12.33,27.8,15.13,229,14.73,28.87,15.83,280,16.8
"2022-10-09 10:00:00",71,"Site 3",39.10367,-96.60065,335,19.17,10.17,79.67,12.97,27.77,15.1,229,14.63,28.83,15.83,280,16.8
"2022-10-09 11:00:00",72,"Site 3",39.10367,-96.60065,335,19.27,10.23,80.7,14.07,27.8,15.17,228,14.63,28.8,15.83,280,16.77
"2022-10-09 12:00:00",73,"Site 3",39.10367,-96.60065,335,19.37,10.3,82.3,15.3,27.73,15.1,228.3,14.67,28.83,15.83,280,16.77
"2022-10-09 13:00:00",74,"Site 3",39.10367,-96.60065,335,19.6,10.43,84,16.27,27.83,15.13,229,14.83,28.83,15.83,279,16.7
"2022-10-09 14:00:00",75,"Site 3",39.10367,-96.60065,335,19.8,10.53,85.3,16.7,27.8,15.13,229.3,15,28.87,15.83,279,16.7
"2022-10-09 15:00:00",76,"Site 3",39.10367,-96.60065,335,19.97,10.6,86,17.07,27.73,15.13,230.7,15.23,28.83,15.83,279,16.67
"2022-10-09 16:00:00",77,"Site 3",39.10367,-96.60065,335,19.93,10.6,86.7,17.77,27.8,15.13,232,15.43,28.87,15.87,278,16.6
"2022-10-09 17:00:00",78,"Site 3",39.10367,-96.60065,335,20.1,10.67,88,18.33,27.8,15.1,232.7,15.67,28.83,15.83,278,16.6
"2022-10-09 18:00:00",79,"Site 3",39.10367,-96.60065,335,20.07,10.63,88,18.13,27.8,15.13,234,15.87,28.9,15.83,278,16.6
"2022-10-09 19:00:00",80,"Site 3",39.10367,-96.60065,335,19.97,10.6,87.7,17.53,27.77,15.13,235,16.13,28.9,15.87,278,16.6
"2022-10-09 20:00:00",81,"Site 3",39.10367,-96.60065,335,19.93,10.57,86.7,16.83,27.77,15.13,235.7,16.23,28.8,15.83,278,16.6
"2022-10-09 21:00:00",82,"Site 3",39.10367,-96.60065,335,19.8,10.53,86,16.2,27.83,15.2,236.3,16.33,28.83,15.8,278,16.6
"2022-10-09 22:00:00",83,"Site 3",39.10367,-96.60065,335,19.77,10.5,85,15.67,27.77,15.17,236.3,16.3,28.83,15.8,278,16.6
"2022-10-09 23:00:00",84,"Site 3",39.10367,-96.60065,335,19.67,10.4,84,15.17,27.73,15.13,236,16.3,28.83,15.8,278,16.6
"2022-10-10 00:00:00",85,"Site 3",39.10367,-96.60065,335,19.47,10.33,83.3,14.73,27.8,15.17,236,16.23,28.9,15.87,278,16.63
"2022-10-10 01:00:00",86,"Site 3",39.10367,-96.60065,335,19.33,10.23,83,14.37,27.8,15.17,235,16.1,28.83,15.83,278.3,16.6
"2022-10-10 02:00:00",87,"Site 3",39.10367,-96.60065,335,19.43,10.3,82,13.97,27.77,15.13,235,16,28.87,15.83,278.3,16.6
"2022-10-10 03:00:00",88,"Site 3",39.10367,-96.60065,335,19.33,10.27,81.3,13.53,27.73,15.13,234,15.87,28.87,15.83,279,16.7
"2022-10-10 04:00:00",89,"Site 3",39.10367,-96.60065,335,19.17,10.17,80.7,13.23,27.77,15.17,233.3,15.77,28.83,15.83,279,16.7
"2022-10-10 05:00:00",90,"Site 3",39.10367,-96.60065,335,19.17,10.17,80,12.87,27.77,15.13,232.3,15.6,28.9,15.87,279,16.7
"2022-10-10 06:00:00",91,"Site 3",39.10367,-96.60065,335,18.97,10.07,79.33,12.57,27.8,15.17,231.7,15.43,28.9,15.83,279,16.7
"2022-10-10 07:00:00",92,"Site 3",39.10367,-96.60065,335,18.97,10.03,79,12.27,27.8,15.2,231,15.3,28.87,15.83,278.3,16.7
"2022-10-10 08:00:00",93,"Site 3",39.10367,-96.60065,335,19.03,10.1,78,12.07,27.77,15.1,230,15.13,28.93,15.87,278.7,16.67
"2022-10-10 09:00:00",94,"Site 3",39.10367,-96.60065,335,19.03,10.1,78.67,12.4,27.73,15.1,229,14.97,28.87,15.83,278.3,16.7
"2022-10-10 10:00:00",95,"Site 3",39.10367,-96.60065,335,18.93,10.03,79,12.93,27.7,15.07,228.3,14.87,28.73,15.8,278,16.63
"2022-10-10 11:00:00",96,"Site 3",39.10367,-96.60065,335,19.17,10.17,80.3,14.03,27.73,15.07,228,14.83,28.9,15.83,278,16.6
"2022-10-10 12:00:00",97,"Site 3",39.10367,-96.60065,335,19.33,10.23,82.3,15.4,27.73,15.1,228,14.87,28.87,15.8,278,16.6
"2022-10-10 13:00:00",98,"Site 3",39.10367,-96.60065,335,19.57,10.43,84,16.47,27.67,15.07,228,14.93,28.77,15.83,278,16.53
"2022-10-10 14:00:00",99,"Site 3",39.10367,-96.60065,335,19.63,10.47,85,17.07,27.7,15.1,228.7,15.13,28.87,15.83,278,16.57
"2022-10-10 15:00:00",100,"Site 3",39.10367,-96.60065,335,19.8,10.47,86,17.5,27.7,15.1,229.7,15.37,28.77,15.8,277,16.53
"2022-10-10 16:00:00",101,"Site 3",39.10367,-96.60065,335,19.8,10.5,86.3,17.97,27.77,15.13,230.7,15.53,28.77,15.8,277,16.5
"2022-10-10 17:00:00",102,"Site 3",39.10367,-96.60065,335,19.93,10.57,87,18.27,27.7,15.1,231.7,15.83,28.83,15.83,277,16.5
"2022-10-10 18:00:00",103,"Site 3",39.10367,-96.60065,335,19.9,10.53,88,18.27,27.73,15.1,232.7,16,28.9,15.87,277,16.5
"2022-10-10 19:00:00",104,"Site 3",39.10367,-96.60065,335,19.83,10.57,87.7,18,27.8,15.13,234,16.23,28.8,15.8,277,16.43
"2022-10-10 20:00:00",105,"Site 3",39.10367,-96.60065,335,19.87,10.53,87,17.7,27.7,15.1,234.3,16.4,28.8,15.83,277,16.5
"2022-10-10 21:00:00",106,"Site 3",39.10367,-96.60065,335,19.93,10.57,87,17.53,27.77,15.1,235,16.47,28.8,15.8,277,16.47
"2022-10-10 22:00:00",107,"Site 3",39.10367,-96.60065,335,19.9,10.57,87,17.43,27.8,15.1,235.3,16.57,28.87,15.87,277,16.5
"2022-10-10 23:00:00",108,"Site 3",39.10367,-96.60065,335,19.9,10.53,87,17.23,27.8,15.17,236,16.63,28.73,15.8,277,16.5
"2022-10-11 00:00:00",109,"Site 3",39.10367,-96.60065,335,19.87,10.57,87,17.13,27.73,15.1,236,16.67,28.83,15.83,277,16.53
"2022-10-11 01:00:00",110,"Site 3",39.10367,-96.60065,335,19.83,10.5,87,17.03,27.73,15.13,236.3,16.7,28.83,15.83,277.3,16.53
"2022-10-11 02:00:00",111,"Site 3",39.10367,-96.60065,335,19.77,10.53,86.7,17.03,27.73,15.1,237,16.67,28.87,15.83,278,16.6
"2022-10-11 03:00:00",112,"Site 3",39.10367,-96.60065,335,19.87,10.5,86.7,17,27.77,15.13,237,16.67,28.83,15.83,278,16.6
"2022-10-11 04:00:00",113,"Site 3",39.10367,-96.60065,335,19.83,10.5,86,16.93,27.77,15.1,236.3,16.7,28.83,15.83,278,16.63
"2022-10-11 05:00:00",114,"Site 3",39.10367,-96.60065,335,19.73,10.5,86.3,16.87,27.67,15.07,237,16.7,28.83,15.8,278,16.6
"2022-10-11 06:00:00",115,"Site 3",39.10367,-96.60065,335,19.9,10.57,86,16.77,27.73,15.1,237,16.7,28.83,15.83,278,16.67
"2022-10-11 07:00:00",116,"Site 3",39.10367,-96.60065,335,19.73,10.5,86,16.73,27.7,15.1,237,16.7,28.87,15.87,278,16.7
"2022-10-11 08:00:00",117,"Site 3",39.10367,-96.60065,335,19.77,10.5,86,16.7,27.77,15.1,237,16.7,28.9,15.83,278,16.7
"2022-10-11 09:00:00",118,"Site 3",39.10367,-96.60065,335,19.73,10.5,86.3,16.9,27.7,15.1,237,16.7,28.73,15.8,278,16.7
"2022-10-11 10:00:00",119,"Site 3",39.10367,-96.60065,335,19.83,10.53,87,17.17,27.7,15.1,237,16.73,28.87,15.8,278,16.7
"2022-10-11 11:00:00",120,"Site 3",39.10367,-96.60065,335,19.97,10.63,87.7,17.83,27.63,15.03,237,16.7,28.83,15.8,278,16.7
"2022-10-11 12:00:00",121,"Site 3",39.10367,-96.60065,335,20.07,10.67,88.7,18.67,27.7,15.07,237,16.8,28.83,15.83,278,16.7
"2022-10-11 13:00:00",122,"Site 3",39.10367,-96.60065,335,20.03,10.63,90,19.47,27.7,15.07,237,16.87,28.87,15.8,278,16.7
"2022-10-11 14:00:00",123,"Site 3",39.10367,-96.60065,335,20.13,10.67,90.3,19.9,27.73,15.1,238,17.03,28.87,15.83,278.3,16.8
"2022-10-11 15:00:00",124,"Site 3",39.10367,-96.60065,335,20.17,10.7,91,20.1,27.7,15.1,239,17.23,28.83,15.8,278.3,16.77
"2022-10-11 16:00:00",125,"Site 3",39.10367,-96.60065,335,20.2,10.7,91.3,20.53,27.77,15.1,240,17.43,28.83,15.83,278.7,16.73
"2022-10-11 17:00:00",126,"Site 3",39.10367,-96.60065,335,20.27,10.73,92,20.77,27.73,15.13,240.7,17.6,28.83,15.8,279,16.8
"2022-10-11 18:00:00",127,"Site 3",39.10367,-96.60065,335,20.2,10.73,92,20.53,27.77,15.17,242,17.83,28.83,15.87,279,16.8
"2022-10-11 19:00:00",128,"Site 3",39.10367,-96.60065,335,20.23,10.73,92,20.27,27.8,15.1,242.3,18.03,28.83,15.8,279,16.83
"2022-10-11 20:00:00",129,"Site 3",39.10367,-96.60065,335,20.2,10.73,92,20.03,27.7,15.1,243.3,18.1,28.8,15.8,279.3,16.83
"2022-10-11 21:00:00",130,"Site 3",39.10367,-96.60065,335,20.2,10.7,91,19.73,27.73,15.1,244,18.2,28.9,15.83,279.3,16.9
"2022-10-11 22:00:00",131,"Site 3",39.10367,-96.60065,335,20.23,10.73,91,19.47,27.7,15.07,244,18.2,28.8,15.8,280,16.9
"2022-10-11 23:00:00",132,"Site 3",39.10367,-96.60065,335,20,10.63,90.7,19.27,27.7,15.1,244,18.23,28.77,15.8,280,16.97
"2022-10-12 00:00:00",133,"Site 3",39.10367,-96.60065,335,20.1,10.67,90,19.07,27.77,15.13,244,18.27,28.9,15.83,280,17
"2022-10-12 01:00:00",134,"Site 3",39.10367,-96.60065,335,20.1,10.67,90,18.93,27.73,15.1,244.3,18.23,28.87,15.8,280,17.03
"2022-10-12 02:00:00",135,"Site 3",39.10367,-96.60065,335,20.5,10.9,91.3,17.8,28.57,15.63,270.7,18.27,28.83,15.8,281,17.07
"2022-10-12 03:00:00",136,"Site 3",39.10367,-96.60065,335,20.23,10.73,86,17.27,28.7,15.77,277,18.2,28.83,15.87,281,17.1
"2022-10-12 04:00:00",137,"Site 3",39.10367,-96.60065,335,20.2,10.7,84.3,17,28.67,15.67,274,18.07,28.87,15.83,280.3,17.1
"2022-10-12 05:00:00",138,"Site 3",39.10367,-96.60065,335,20.03,10.63,84,16.73,28.63,15.7,272.3,17.93,28.93,15.83,280.3,17.17
"2022-10-12 06:00:00",139,"Site 3",39.10367,-96.60065,335,20,10.6,83,16.4,28.6,15.7,271.7,17.8,28.8,15.8,281,17.2
"2022-10-12 07:00:00",140,"Site 3",39.10367,-96.60065,335,19.9,10.6,82.3,15.9,28.63,15.7,270.7,17.67,28.93,15.83,281,17.23
"2022-10-12 08:00:00",141,"Site 3",39.10367,-96.60065,335,19.97,10.6,81.7,15.4,28.57,15.67,270,17.47,28.87,15.87,281,17.2
"2022-10-12 09:00:00",142,"Site 3",39.10367,-96.60065,335,20,10.6,81,15.37,28.57,15.67,269.3,17.4,28.87,15.8,281,17.23
"2022-10-12 10:00:00",143,"Site 3",39.10367,-96.60065,335,19.93,10.6,81,15.5,28.63,15.7,268,17.2,28.8,15.8,281,17.27
"2022-10-12 11:00:00",144,"Site 3",39.10367,-96.60065,335,20.03,10.63,82,16.2,28.6,15.7,267,17.07,28.8,15.8,281,17.27
"2022-10-12 12:00:00",145,"Site 3",39.10367,-96.60065,335,20.17,10.7,83.3,16.97,28.53,15.63,267,16.97,28.9,15.83,281.3,17.23
"2022-10-12 13:00:00",146,"Site 3",39.10367,-96.60065,335,20.37,10.8,84.7,17.6,28.57,15.63,266.7,16.97,28.83,15.8,281,17.2
"2022-10-12 14:00:00",147,"Site 3",39.10367,-96.60065,335,20.53,10.9,85.7,17.73,28.67,15.67,267,17,28.83,15.8,281,17.2
"2022-10-12 15:00:00",148,"Site 3",39.10367,-96.60065,335,20.4,10.83,86,17.87,28.57,15.67,267,17.1,28.83,15.83,281,17.23
"2022-10-12 16:00:00",149,"Site 3",39.10367,-96.60065,335,20.5,10.9,87,18.2,28.6,15.7,267,17.07,28.9,15.83,281,17.2
"2022-10-12 17:00:00",150,"Site 3",39.10367,-96.60065,335,20.63,10.97,87,17.9,28.63,15.7,267,17.17,28.83,15.8,280.7,17.2
"2022-10-12 18:00:00",151,"Site 3",39.10367,-96.60065,335,20.5,10.9,86.7,17.47,28.63,15.63,268,17.27,28.8,15.8,280,17.2
"2022-10-12 19:00:00",152,"Site 3",39.10367,-96.60065,335,20.4,10.83,86,16.87,28.67,15.73,268,17.3,28.87,15.8,280,17.17
"2022-10-12 20:00:00",153,"Site 3",39.10367,-96.60065,335,20.47,10.87,86,16.4,28.6,15.67,268.3,17.3,28.8,15.8,280.3,17.2
"2022-10-12 21:00:00",154,"Site 3",39.10367,-96.60065,335,20.33,10.8,85.3,15.93,28.6,15.67,268,17.23,29,15.9,281.3,17.13
"2022-10-12 22:00:00",155,"Site 3",39.10367,-96.60065,335,20.37,10.83,84.3,15.43,28.67,15.7,267,17.13,28.93,15.87,281,17.17
"2022-10-12 23:00:00",156,"Site 3",39.10367,-96.60065,335,20.3,10.8,83.3,14.8,28.63,15.67,266.7,17,28.83,15.83,281,17.17
"2022-10-13 00:00:00",157,"Site 3",39.10367,-96.60065,335,20.27,10.77,83,14.23,28.53,15.63,265.3,16.87,28.73,15.8,281,17.2
"2022-10-13 01:00:00",158,"Site 3",39.10367,-96.60065,335,20.23,10.73,82.3,13.83,28.67,15.67,265,16.67,28.9,15.83,281,17.17
"2022-10-13 02:00:00",159,"Site 3",39.10367,-96.60065,335,20.23,10.73,81.7,13.37,28.6,15.7,263.7,16.47,29,15.9,281,17.17
"2022-10-13 03:00:00",160,"Site 3",39.10367,-96.60065,335,20.07,10.63,81,13,28.6,15.67,262.3,16.37,28.93,15.87,281,17.17
"2022-10-13 04:00:00",161,"Site 3",39.10367,-96.60065,335,20.07,10.63,80,12.67,28.6,15.7,261.3,16.13,28.77,15.8,281,17.13
"2022-10-13 05:00:00",162,"Site 3",39.10367,-96.60065,335,20.07,10.63,80,12.33,28.67,15.73,260,15.93,28.83,15.83,281,17.1
"2022-10-13 06:00:00",163,"Site 3",39.10367,-96.60065,335,20.07,10.63,79.33,12.1,28.63,15.7,258.7,15.73,28.77,15.8,281,17.1
"2022-10-13 07:00:00",164,"Site 3",39.10367,-96.60065,335,19.97,10.6,79,11.93,28.57,15.67,258,15.57,28.83,15.8,280.7,17.07
"2022-10-13 08:00:00",165,"Site 3",39.10367,-96.60065,335,19.9,10.53,78,11.8,28.63,15.67,256.3,15.33,28.7,15.8,280.7,17.07
"2022-10-13 09:00:00",166,"Site 3",39.10367,-96.60065,335,19.97,10.6,78,12.13,28.63,15.67,255.3,15.23,28.87,15.83,280,17
"2022-10-13 10:00:00",167,"Site 3",39.10367,-96.60065,335,20,10.63,79,12.47,28.67,15.73,254.3,15.07,28.93,15.87,280,16.97
"2022-10-13 11:00:00",168,"Site 3",39.10367,-96.60065,335,20.03,10.63,79.67,13.07,28.6,15.63,253.3,15.03,28.8,15.83,280,16.97
"2022-10-13 12:00:00",169,"Site 3",39.10367,-96.60065,335,20.1,10.67,81,13.83,28.67,15.7,253,14.9,28.93,15.87,279.7,16.9
"2022-10-13 13:00:00",170,"Site 3",39.10367,-96.60065,335,20.1,10.7,83.3,14.57,28.6,15.63,253,14.9,28.87,15.87,279.7,16.83
"2022-10-13 14:00:00",171,"Site 3",39.10367,-96.60065,335,20.37,10.83,84.3,14.63,28.6,15.7,253,15,28.9,15.83,279,16.8
"2022-10-13 15:00:00",172,"Site 3",39.10367,-96.60065,335,20.27,10.73,85,14.8,28.67,15.7,253,15.07,28.9,15.83,279,16.8
"2022-10-13 16:00:00",173,"Site 3",39.10367,-96.60065,335,20.4,10.83,86.3,15.5,28.6,15.7,253,15.13,28.87,15.87,278,16.73
"2022-10-13 17:00:00",174,"Site 3",39.10367,-96.60065,335,20.5,10.9,87,15.7,28.6,15.63,254,15.3,28.9,15.83,278,16.7
"2022-10-13 18:00:00",175,"Site 3",39.10367,-96.60065,335,20.5,10.9,86.7,15.3,28.6,15.7,254.7,15.37,28.8,15.8,278,16.7
"2022-10-13 19:00:00",176,"Site 3",39.10367,-96.60065,335,20.33,10.8,86,14.8,28.6,15.67,255,15.43,28.8,15.8,278,16.63
"2022-10-13 20:00:00",177,"Site 3",39.10367,-96.60065,335,20.43,10.83,85.3,14.2,28.63,15.73,255,15.47,28.9,15.87,278,16.6
"2022-10-13 21:00:00",178,"Site 3",39.10367,-96.60065,335,20.3,10.77,84.7,13.6,28.67,15.73,255,15.43,28.87,15.83,278,16.63
"2022-10-13 22:00:00",179,"Site 3",39.10367,-96.60065,335,20.27,10.73,83.7,13.03,28.6,15.67,255,15.4,28.83,15.83,277.3,16.6
"2022-10-13 23:00:00",180,"Site 3",39.10367,-96.60065,335,20.2,10.7,82.7,12.57,28.63,15.7,254,15.3,28.73,15.8,277,16.53
"2022-10-14 00:00:00",181,"Site 3",39.10367,-96.60065,335,20.17,10.7,81.7,11.97,28.67,15.7,253,15.23,28.9,15.83,277,16.57
"2022-10-14 01:00:00",182,"Site 3",39.10367,-96.60065,335,20.13,10.67,81,11.5,28.63,15.7,252.7,14.97,28.8,15.83,277,16.57
"2022-10-14 02:00:00",183,"Site 3",39.10367,-96.60065,335,20.07,10.67,80,11.17,28.6,15.7,251.7,14.87,28.8,15.8,277,16.5
"2022-10-14 03:00:00",184,"Site 3",39.10367,-96.60065,335,19.97,10.63,79.67,10.87,28.63,15.7,250.3,14.63,28.77,15.8,277,16.5
"2022-10-14 04:00:00",185,"Site 3",39.10367,-96.60065,335,19.97,10.63,79,10.67,28.63,15.67,249.3,14.53,28.8,15.8,276.7,16.53
"2022-10-14 05:00:00",186,"Site 3",39.10367,-96.60065,335,19.93,10.57,78.33,10.5,28.6,15.63,248.3,14.33,28.8,15.8,276,16.5
"2022-10-14 06:00:00",187,"Site 3",39.10367,-96.60065,335,19.93,10.6,78,10.3,28.63,15.63,247.3,14.13,28.8,15.83,276,16.47
"2022-10-14 07:00:00",188,"Site 3",39.10367,-96.60065,335,19.77,10.53,78,10.1,28.6,15.63,246,14.03,28.87,15.83,276,16.4
"2022-10-14 08:00:00",189,"Site 3",39.10367,-96.60065,335,19.83,10.47,77.33,10.2,28.67,15.7,245.3,13.83,28.9,15.87,276,16.37
"2022-10-14 09:00:00",190,"Site 3",39.10367,-96.60065,335,19.93,10.53,77.33,10.5,28.63,15.7,244,13.7,28.9,15.87,275,16.33
"2022-10-14 10:00:00",191,"Site 3",39.10367,-96.60065,335,19.87,10.5,78,10.77,28.63,15.67,243.7,13.6,28.83,15.87,275,16.33
"2022-10-14 11:00:00",192,"Site 3",39.10367,-96.60065,335,20.07,10.67,78.33,11.63,28.6,15.63,242.7,13.5,28.73,15.8,275,16.27
"2022-10-14 12:00:00",193,"Site 3",39.10367,-96.60065,335,20,10.6,80.3,12.87,28.63,15.7,242,13.53,28.77,15.8,274.7,16.2
"2022-10-14 13:00:00",194,"Site 3",39.10367,-96.60065,335,20.13,10.67,82.3,13.9,28.6,15.6,242,13.57,28.83,15.8,274,16.2
"2022-10-14 14:00:00",195,"Site 3",39.10367,-96.60065,335,20.17,10.7,83.3,14.43,28.57,15.6,243,13.7,28.87,15.83,274,16.1
"2022-10-14 15:00:00",196,"Site 3",39.10367,-96.60065,335,20.37,10.8,84.7,14.9,28.6,15.6,243.7,13.93,28.7,15.8,273.7,16
"2022-10-14 16:00:00",197,"Site 3",39.10367,-96.60065,335,20.3,10.8,85.7,15.3,28.6,15.67,244.7,14.1,28.83,15.8,273,16.03
"2022-10-14 17:00:00",198,"Site 3",39.10367,-96.60065,335,20.4,10.83,86.3,15.6,28.6,15.67,245.7,14.27,28.8,15.8,273,15.93
"2022-10-14 18:00:00",199,"Site 3",39.10367,-96.60065,335,20.43,10.83,87,15.5,28.6,15.63,246.7,14.47,28.77,15.8,273,15.9
"2022-10-14 19:00:00",200,"Site 3",39.10367,-96.60065,335,20.47,10.83,87,15.3,28.6,15.63,248,14.63,28.77,15.83,273,15.9
"2022-10-14 20:00:00",201,"Site 3",39.10367,-96.60065,335,20.53,10.9,86.3,15.07,28.63,15.7,248.7,14.8,28.77,15.77,273,15.9
"2022-10-14 21:00:00",202,"Site 3",39.10367,-96.60065,335,20.43,10.83,86,14.8,28.63,15.7,249,14.87,28.83,15.87,272.7,15.9
"2022-10-14 22:00:00",203,"Site 3",39.10367,-96.60065,335,20.47,10.87,86,14.5,28.63,15.67,249,14.9,28.9,15.83,272,15.9
"2022-10-14 23:00:00",204,"Site 3",39.10367,-96.60065,335,20.33,10.8,85.3,14.17,28.7,15.73,249.7,14.9,28.7,15.77,272.3,15.9
"2022-10-15 00:00:00",205,"Site 3",39.10367,-96.60065,335,20.27,10.77,85,13.73,28.7,15.7,250,14.9,28.8,15.83,272.3,15.9
"2022-10-15 01:00:00",206,"Site 3",39.10367,-96.60065,335,20.3,10.8,84,13.33,28.7,15.73,249.3,14.9,28.73,15.8,272.3,15.9
"2022-10-15 02:00:00",207,"Site 3",39.10367,-96.60065,335,20.23,10.73,83.3,12.9,28.67,15.7,249,14.87,28.7,15.8,272,15.93
"2022-10-15 03:00:00",208,"Site 3",39.10367,-96.60065,335,20.17,10.7,82.7,12.37,28.63,15.73,249,14.7,28.87,15.8,272,15.97
"2022-10-15 04:00:00",209,"Site 3",39.10367,-96.60065,335,20.13,10.67,81.7,11.9,28.6,15.7,248.3,14.63,28.8,15.8,272,15.9
"2022-10-15 05:00:00",210,"Site 3",39.10367,-96.60065,335,20.1,10.67,81,11.5,28.63,15.67,248,14.53,28.9,15.83,272,15.93
"2022-10-15 06:00:00",211,"Site 3",39.10367,-96.60065,335,20.03,10.63,80,11.07,28.63,15.67,247,14.37,28.83,15.83,272,15.9
"2022-10-15 07:00:00",212,"Site 3",39.10367,-96.60065,335,20,10.6,79.67,10.73,28.67,15.73,246,14.23,28.87,15.83,272,15.9
"2022-10-15 08:00:00",213,"Site 3",39.10367,-96.60065,335,19.93,10.6,79,10.5,28.67,15.73,245.3,14.07,28.77,15.8,272,15.9
"2022-10-15 09:00:00",214,"Site 3",39.10367,-96.60065,335,19.93,10.57,79,10.7,28.63,15.63,244,13.9,28.8,15.8,272,15.9
"2022-10-15 10:00:00",215,"Site 3",39.10367,-96.60065,335,19.97,10.6,79,11.13,28.6,15.63,243,13.8,28.77,15.83,272,15.9
"2022-10-15 11:00:00",216,"Site 3",39.10367,-96.60065,335,20,10.6,80,12.13,28.63,15.63,242,13.67,28.8,15.8,272,15.87
"2022-10-15 12:00:00",217,"Site 3",39.10367,-96.60065,335,20.13,10.67,82,13.37,28.6,15.67,242,13.63,28.73,15.8,271.3,15.83
"2022-10-15 13:00:00",218,"Site 3",39.10367,-96.60065,335,20.27,10.73,83.3,14.37,28.63,15.63,242,13.67,28.77,15.8,271,15.8
"2022-10-15 14:00:00",219,"Site 3",39.10367,-96.60065,335,20.3,10.8,84.7,14.67,28.57,15.6,242.3,13.83,28.7,15.8,271,15.8
"2022-10-15 15:00:00",220,"Site 3",39.10367,-96.60065,335,20.37,10.8,85.7,14.97,28.63,15.63,243,14.07,28.73,15.8,271,15.77
"2022-10-15 16:00:00",221,"Site 3",39.10367,-96.60065,335,20.5,10.9,86.3,15.57,28.63,15.67,244,14.2,28.77,15.83,270.3,15.73
"2022-10-15 17:00:00",222,"Site 3",39.10367,-96.60065,335,20.73,11.03,87.7,16.1,28.57,15.63,244.7,14.33,28.77,15.8,270.3,15.73
"2022-10-15 18:00:00",223,"Site 3",39.10367,-96.60065,335,20.57,10.9,88,15.83,28.6,15.67,245.7,14.5,28.73,15.8,270,15.7
"2022-10-15 19:00:00",224,"Site 3",39.10367,-96.60065,335,20.5,10.9,87.3,15.43,28.63,15.67,247,14.77,28.77,15.8,270,15.67
"2022-10-15 20:00:00",225,"Site 3",39.10367,-96.60065,335,20.57,10.9,86.7,15,28.6,15.67,248,14.83,28.7,15.8,270,15.67
"2022-10-15 21:00:00",226,"Site 3",39.10367,-96.60065,335,20.4,10.8,86,14.53,28.57,15.63,248,14.9,28.83,15.83,270,15.67
"2022-10-15 22:00:00",227,"Site 3",39.10367,-96.60065,335,20.33,10.8,85.7,14.17,28.67,15.7,248,14.9,28.8,15.83,270,15.67
"2022-10-15 23:00:00",228,"Site 3",39.10367,-96.60065,335,20.33,10.77,84.7,13.77,28.6,15.63,248.7,14.9,28.73,15.8,270,15.7
"2022-10-16 00:00:00",229,"Site 3",39.10367,-96.60065,335,20.23,10.73,84,13.33,28.67,15.67,248,14.9,28.8,15.8,270,15.67
"2022-10-16 01:00:00",230,"Site 3",39.10367,-96.60065,335,20.2,10.73,83.3,12.93,28.67,15.7,248,14.8,28.73,15.8,270,15.67
"2022-10-16 02:00:00",231,"Site 3",39.10367,-96.60065,335,20.37,10.83,83,12.6,28.63,15.7,248,14.7,28.77,15.8,270,15.73
"2022-10-16 03:00:00",232,"Site 3",39.10367,-96.60065,335,20.03,10.63,82.7,12.3,28.63,15.67,247.3,14.57,28.8,15.83,270,15.7
"2022-10-16 04:00:00",233,"Site 3",39.10367,-96.60065,335,20.1,10.67,82,12.03,28.67,15.7,246.7,14.5,28.77,15.8,270.3,15.73
"2022-10-16 05:00:00",234,"Site 3",39.10367,-96.60065,335,20.1,10.67,81.3,11.73,28.63,15.67,246,14.4,28.77,15.77,270,15.73
"2022-10-16 06:00:00",235,"Site 3",39.10367,-96.60065,335,20.03,10.63,81,11.47,28.67,15.7,245.3,14.23,28.8,15.8,270,15.77
"2022-10-16 07:00:00",236,"Site 3",39.10367,-96.60065,335,19.97,10.6,80,11.1,28.63,15.67,244.7,14.13,28.77,15.8,270,15.7
"2022-10-16 08:00:00",237,"Site 3",39.10367,-96.60065,335,20,10.63,80,10.9,28.63,15.63,244,14.03,28.73,15.8,270,15.77
"2022-10-16 09:00:00",238,"Site 3",39.10367,-96.60065,335,19.93,10.57,80,11.07,28.67,15.7,242.7,13.87,28.77,15.77,270,15.7
"2022-10-16 10:00:00",239,"Site 3",39.10367,-96.60065,335,19.97,10.57,80,11.57,28.63,15.67,242,13.77,28.77,15.8,270,15.67
"2022-10-16 11:00:00",240,"Site 3",39.10367,-96.60065,335,19.97,10.6,80.7,12.23,28.63,15.7,241.3,13.63,28.83,15.8,270,15.67
"2022-10-16 12:00:00",241,"Site 3",39.10367,-96.60065,335,20.2,10.73,82,13.37,28.6,15.63,241,13.63,28.7,15.8,270,15.63
"2022-10-16 13:00:00",242,"Site 3",39.10367,-96.60065,335,20.43,10.83,84.7,14.67,28.63,15.67,241,13.67,28.77,15.8,270,15.6
"2022-10-16 14:00:00",243,"Site 3",39.10367,-96.60065,335,20.47,10.87,86,15.03,28.63,15.67,241.3,13.87,28.7,15.8,269.3,15.57
"2022-10-16 15:00:00",244,"Site 3",39.10367,-96.60065,335,20.5,10.9,86.7,15.33,28.6,15.6,242,14,28.73,15.77,269,15.57
"2022-10-16 16:00:00",245,"Site 3",39.10367,-96.60065,335,20.57,10.9,88,15.97,28.63,15.67,243,14.17,28.8,15.8,269,15.5
"2022-10-16 17:00:00",246,"Site 3",39.10367,-96.60065,335,20.57,10.9,89,16.2,28.57,15.63,244,14.33,28.83,15.83,269,15.5
"2022-10-16 18:00:00",247,"Site 3",39.10367,-96.60065,335,20.63,10.97,88.3,15.6,28.63,15.63,245.3,14.57,28.77,15.8,269,15.5
"2022-10-16 19:00:00",248,"Site 3",39.10367,-96.60065,335,20.53,10.9,87.7,15.03,28.6,15.7,246,14.73,28.7,15.8,269,15.5
"2022-10-16 20:00:00",249,"Site 3",39.10367,-96.60065,335,20.53,10.9,86.7,14.47,28.63,15.63,246.3,14.8,28.73,15.8,269,15.5
"2022-10-16 21:00:00",250,"Site 3",39.10367,-96.60065,335,20.33,10.8,86,13.97,28.67,15.67,247,14.83,28.77,15.8,269,15.5
"2022-10-16 22:00:00",251,"Site 3",39.10367,-96.60065,335,20.3,10.8,85,13.43,28.67,15.73,247,14.8,28.73,15.77,269,15.5
"2022-10-16 23:00:00",252,"Site 3",39.10367,-96.60065,335,20.23,10.73,84,13.03,28.67,15.77,246,14.7,28.77,15.8,269,15.5
"2022-10-17 00:00:00",253,"Site 3",39.10367,-96.60065,335,20.13,10.7,83.3,12.63,28.7,15.7,246,14.67,28.73,15.8,269,15.53
"2022-10-17 01:00:00",254,"Site 3",39.10367,-96.60065,335,20.17,10.7,83,12.17,28.6,15.7,245.7,14.5,28.77,15.83,269,15.53
"2022-10-17 02:00:00",255,"Site 3",39.10367,-96.60065,335,20.07,10.67,82,11.63,28.6,15.63,244.7,14.37,28.83,15.8,269,15.53
"2022-10-17 03:00:00",256,"Site 3",39.10367,-96.60065,335,20.13,10.67,81,11.1,28.63,15.67,244,14.23,28.7,15.8,269,15.5
"2022-10-17 04:00:00",257,"Site 3",39.10367,-96.60065,335,19.97,10.6,80,10.6,28.6,15.67,242.7,14.1,28.77,15.8,269,15.57
"2022-10-17 05:00:00",258,"Site 3",39.10367,-96.60065,335,19.9,10.6,79.33,10.1,28.63,15.67,242,13.93,28.8,15.83,269,15.5
"2022-10-17 06:00:00",259,"Site 3",39.10367,-96.60065,335,19.93,10.6,78,9.73,28.57,15.6,240.3,13.73,28.77,15.8,269,15.5
"2022-10-17 07:00:00",260,"Site 3",39.10367,-96.60065,335,19.73,10.47,77.33,9.37,28.6,15.63,239.3,13.57,28.77,15.83,269,15.5
"2022-10-17 08:00:00",261,"Site 3",39.10367,-96.60065,335,19.73,10.47,76.33,9,28.57,15.63,238.3,13.33,28.77,15.8,268.7,15.5
"2022-10-17 09:00:00",262,"Site 3",39.10367,-96.60065,335,19.8,10.5,76,9.13,28.6,15.63,237,13.17,28.83,15.8,268.7,15.5
"2022-10-17 10:00:00",263,"Site 3",39.10367,-96.60065,335,19.63,10.43,76,9.43,28.63,15.67,235.7,12.97,28.73,15.8,268,15.4
"2022-10-17 11:00:00",264,"Site 3",39.10367,-96.60065,335,19.73,10.47,76.67,10.37,28.6,15.67,235,12.83,28.77,15.83,268,15.47
"2022-10-17 12:00:00",265,"Site 3",39.10367,-96.60065,335,19.9,10.57,78.33,11.7,28.57,15.63,234,12.8,28.83,15.8,268,15.4
"2022-10-17 13:00:00",266,"Site 3",39.10367,-96.60065,335,20.1,10.67,80.3,12.83,28.5,15.63,234,12.77,28.77,15.8,268,15.37
"2022-10-17 14:00:00",267,"Site 3",39.10367,-96.60065,335,20.07,10.63,81,12.77,28.63,15.63,234,12.87,28.77,15.8,267.7,15.3
"2022-10-17 15:00:00",268,"Site 3",39.10367,-96.60065,335,20.1,10.67,81.3,13.1,28.6,15.6,235,12.97,28.77,15.8,267.3,15.27
"2022-10-17 16:00:00",269,"Site 3",39.10367,-96.60065,335,20.2,10.73,83,13.83,28.57,15.63,235,13.13,28.73,15.8,267,15.2
"2022-10-17 17:00:00",270,"Site 3",39.10367,-96.60065,335,20.23,10.73,84,13.97,28.6,15.6,236,13.23,28.73,15.8,267,15.2
"2022-10-17 18:00:00",271,"Site 3",39.10367,-96.60065,335,20.2,10.7,83.3,13.33,28.6,15.6,237,13.43,28.8,15.8,266.3,15.2
"2022-10-17 19:00:00",272,"Site 3",39.10367,-96.60065,335,20.07,10.67,82.3,12.57,28.53,15.6,237.3,13.53,28.77,15.8,266,15.2
"2022-10-17 20:00:00",273,"Site 3",39.10367,-96.60065,335,20.03,10.63,81.3,11.83,28.63,15.63,237.7,13.5,28.73,15.8,266,15.13
"2022-10-17 21:00:00",274,"Site 3",39.10367,-96.60065,335,20,10.63,80.3,11.1,28.6,15.63,237.3,13.5,28.73,15.77,266,15.07
"2022-10-17 22:00:00",275,"Site 3",39.10367,-96.60065,335,19.9,10.53,79.33,10.47,28.57,15.63,237,13.47,28.73,15.8,266,15.1
"2022-10-17 23:00:00",276,"Site 3",39.10367,-96.60065,335,19.87,10.53,78.33,10.03,28.57,15.6,236.3,13.3,28.77,15.8,266,15.1
"2022-10-18 00:00:00",277,"Site 3",39.10367,-96.60065,335,19.9,10.53,78,9.67,28.57,15.63,235.3,13.13,28.8,15.8,266,15.1
"2022-10-18 01:00:00",278,"Site 3",39.10367,-96.60065,335,19.83,10.5,77,9.4,28.6,15.6,234.7,13,28.77,15.83,266,15.1
"2022-10-18 02:00:00",279,"Site 3",39.10367,-96.60065,335,19.63,10.43,76.67,9.2,28.57,15.63,233.7,12.8,28.83,15.8,266,15.1
"2022-10-18 03:00:00",280,"Site 3",39.10367,-96.60065,335,19.67,10.43,76,8.87,28.6,15.6,232.7,12.67,28.73,15.8,265.7,15.03
"2022-10-18 04:00:00",281,"Site 3",39.10367,-96.60065,335,19.57,10.37,75.67,8.6,28.57,15.67,231.7,12.53,28.77,15.8,265,15
"2022-10-18 05:00:00",282,"Site 3",39.10367,-96.60065,335,19.73,10.43,75,8.27,28.5,15.63,231,12.37,28.8,15.8,265,14.97
"2022-10-18 06:00:00",283,"Site 3",39.10367,-96.60065,335,19.57,10.33,74,7.9,28.57,15.6,229.7,12.23,28.73,15.8,265,14.97
"2022-10-18 07:00:00",284,"Site 3",39.10367,-96.60065,335,19.47,10.3,73,7.467,28.53,15.63,229,12.03,28.83,15.8,264.3,14.9
"2022-10-18 08:00:00",285,"Site 3",39.10367,-96.60065,335,19.47,10.3,72.33,7.167,28.6,15.6,227.7,11.9,28.8,15.77,264,14.9
"2022-10-18 09:00:00",286,"Site 3",39.10367,-96.60065,335,19.43,10.3,72,7.133,28.6,15.6,226.7,11.73,28.87,15.83,264,14.9
"2022-10-18 10:00:00",287,"Site 3",39.10367,-96.60065,335,19.3,10.23,72,7.467,28.43,15.6,225.7,11.57,28.73,15.77,264,14.83
"2022-10-18 11:00:00",288,"Site 3",39.10367,-96.60065,335,19.4,10.3,72.67,8.5,28.53,15.6,225,11.4,28.7,15.8,263.7,14.8
"2022-10-18 12:00:00",289,"Site 3",39.10367,-96.60065,335,19.6,10.4,74,9.87,28.57,15.6,224,11.33,28.73,15.73,263.3,14.77
"2022-10-18 13:00:00",290,"Site 3",39.10367,-96.60065,335,19.77,10.5,76,11,28.5,15.6,224,11.33,28.77,15.8,263,14.7
"2022-10-18 14:00:00",291,"Site 3",39.10367,-96.60065,335,19.83,10.53,76.67,11.27,28.5,15.6,224.7,11.47,28.73,15.8,262,14.63
"2022-10-18 15:00:00",292,"Site 3",39.10367,-96.60065,335,19.8,10.5,77.33,11.4,28.43,15.57,225,11.63,28.73,15.73,262,14.6
"2022-10-18 16:00:00",293,"Site 3",39.10367,-96.60065,335,19.97,10.6,78.67,12.37,28.5,15.6,226,11.7,28.7,15.77,262,14.53
"2022-10-18 17:00:00",294,"Site 3",39.10367,-96.60065,335,20.1,10.67,79,12.3,28.47,15.6,226.3,11.87,28.7,15.77,262,14.5
"2022-10-18 18:00:00",295,"Site 3",39.10367,-96.60065,335,19.9,10.57,78.67,11.6,28.53,15.6,227.7,12.07,28.7,15.77,261.3,14.5
"2022-10-18 19:00:00",296,"Site 3",39.10367,-96.60065,335,19.77,10.47,78,10.9,28.5,15.57,228,12.2,28.8,15.83,261,14.4
"2022-10-18 20:00:00",297,"Site 3",39.10367,-96.60065,335,19.87,10.53,77,10.07,28.6,15.63,228,12.2,28.7,15.77,261,14.4
"2022-10-18 21:00:00",298,"Site 3",39.10367,-96.60065,335,19.73,10.47,76,9.33,28.57,15.63,228,12.13,28.7,15.77,260.7,14.37
"2022-10-18 22:00:00",299,"Site 3",39.10367,-96.60065,335,19.63,10.43,75.33,8.67,28.5,15.6,227.7,12.1,28.77,15.77,260.3,14.4
"2022-10-18 23:00:00",300,"Site 3",39.10367,-96.60065,335,19.53,10.37,74.33,8.13,28.57,15.6,226.7,11.97,28.77,15.8,260,14.4
"2022-10-19 00:00:00",301,"Site 3",39.10367,-96.60065,335,19.43,10.33,73,7.567,28.5,15.57,226,11.73,28.8,15.77,260,14.3
"2022-10-19 01:00:00",302,"Site 3",39.10367,-96.60065,335,19.43,10.33,72.33,7.167,28.47,15.6,225,11.57,28.73,15.77,260,14.3
"2022-10-19 02:00:00",303,"Site 3",39.10367,-96.60065,335,19.3,10.23,71.67,6.733,28.53,15.6,223.7,11.43,28.73,15.73,260,14.3
"2022-10-19 03:00:00",304,"Site 3",39.10367,-96.60065,335,19.33,10.27,70.67,6.333,28.53,15.6,222.7,11.17,28.73,15.8,260,14.27
"2022-10-19 04:00:00",305,"Site 3",39.10367,-96.60065,335,19.27,10.2,70,6,28.47,15.6,221.7,11,28.73,15.77,260,14.27
"2022-10-19 05:00:00",306,"Site 3",39.10367,-96.60065,335,19.27,10.23,69.33,5.733,28.5,15.6,220.3,10.8,28.73,15.8,259.3,14.23
"2022-10-19 06:00:00",307,"Site 3",39.10367,-96.60065,335,19.17,10.13,68.67,5.567,28.43,15.57,219,10.67,28.7,15.73,259,14.2
"2022-10-19 07:00:00",308,"Site 3",39.10367,-96.60065,335,19.27,10.23,68,5.333,28.5,15.6,218,10.43,28.77,15.73,259,14.2
"2022-10-19 08:00:00",309,"Site 3",39.10367,-96.60065,335,19.17,10.17,67.67,5.2,28.43,15.6,216.7,10.27,28.7,15.77,258,14.13
"2022-10-19 09:00:00",310,"Site 3",39.10367,-96.60065,335,19.17,10.17,67.67,5.467,28.4,15.53,216,10.1,28.7,15.8,258,14.07
"2022-10-19 10:00:00",311,"Site 3",39.10367,-96.60065,335,19.1,10.13,68,6.067,28.47,15.57,215,9.97,28.73,15.73,258,14.03
"2022-10-19 11:00:00",312,"Site 3",39.10367,-96.60065,335,19.23,10.2,69.33,7.433,28.43,15.53,214.3,9.9,28.67,15.73,257.3,14
"2022-10-19 12:00:00",313,"Site 3",39.10367,-96.60065,335,19.4,10.3,71,8.67,28.47,15.6,214,9.87,28.67,15.73,257,13.97
"2022-10-19 13:00:00",314,"Site 3",39.10367,-96.60065,335,19.53,10.4,73,10.13,28.47,15.6,214.7,9.97,28.7,15.77,256.7,13.87
"2022-10-19 14:00:00",315,"Site 3",39.10367,-96.60065,335,19.77,10.43,74.67,10.9,28.43,15.6,215.3,10.13,28.7,15.73,256,13.87
"2022-10-19 15:00:00",316,"Site 3",39.10367,-96.60065,335,19.83,10.53,75.67,11.53,28.47,15.6,216.3,10.4,28.67,15.73,256,13.8
"2022-10-19 16:00:00",317,"Site 3",39.10367,-96.60065,335,19.87,10.53,77.67,12.57,28.43,15.57,217.7,10.63,28.7,15.7,255.7,13.7
"2022-10-19 17:00:00",318,"Site 3",39.10367,-96.60065,335,20.07,10.63,79,12.83,28.47,15.6,219.3,10.93,28.7,15.73,255,13.7
"2022-10-19 18:00:00",319,"Site 3",39.10367,-96.60065,335,19.97,10.6,79,12.57,28.5,15.6,220.7,11.2,28.7,15.8,255,13.6
"2022-10-19 19:00:00",320,"Site 3",39.10367,-96.60065,335,20.07,10.63,79,12.07,28.43,15.6,222,11.4,28.63,15.7,255,13.6
"2022-10-19 20:00:00",321,"Site 3",39.10367,-96.60065,335,19.93,10.6,78,11.37,28.5,15.6,223,11.6,28.77,15.8,254.3,13.6
"2022-10-19 21:00:00",322,"Site 3",39.10367,-96.60065,335,19.97,10.6,77.33,10.83,28.5,15.6,224,11.73,28.63,15.7,254,13.6
"2022-10-19 22:00:00",323,"Site 3",39.10367,-96.60065,335,19.9,10.53,77,10.37,28.47,15.6,224,11.73,28.67,15.7,254,13.6
"2022-10-19 23:00:00",324,"Site 3",39.10367,-96.60065,335,19.77,10.5,76,9.97,28.43,15.6,224,11.7,28.67,15.73,254,13.6
"2022-10-20 00:00:00",325,"Site 3",39.10367,-96.60065,335,19.83,10.47,76,9.6,28.57,15.67,224,11.63,28.7,15.73,254,13.6
"2022-10-20 01:00:00",326,"Site 3",39.10367,-96.60065,335,19.6,10.43,75,9.2,28.4,15.6,223.3,11.6,28.7,15.7,254.3,13.6
"2022-10-20 02:00:00",327,"Site 3",39.10367,-96.60065,335,19.8,10.5,74.67,8.9,28.5,15.57,223,11.53,28.7,15.73,254.7,13.6
"2022-10-20 03:00:00",328,"Site 3",39.10367,-96.60065,335,19.63,10.4,74,8.7,28.53,15.57,222.7,11.4,28.67,15.77,254,13.6
"2022-10-20 04:00:00",329,"Site 3",39.10367,-96.60065,335,19.6,10.4,74,8.43,28.43,15.6,222,11.3,28.67,15.73,254.3,13.63
"2022-10-20 05:00:00",330,"Site 3",39.10367,-96.60065,335,19.63,10.47,73,8.33,28.5,15.6,221.7,11.23,28.67,15.7,254,13.6
"2022-10-20 06:00:00",331,"Site 3",39.10367,-96.60065,335,19.53,10.37,73,8.23,28.4,15.57,220.7,11.13,28.7,15.77,254,13.6
"2022-10-20 07:00:00",332,"Site 3",39.10367,-96.60065,335,19.47,10.37,73,8.13,28.47,15.57,220,11,28.7,15.73,254,13.6
"2022-10-20 08:00:00",333,"Site 3",39.10367,-96.60065,335,19.5,10.37,73,8,28.5,15.57,220,10.9,28.7,15.73,254,13.6
"2022-10-20 09:00:00",334,"Site 3",39.10367,-96.60065,335,19.53,10.33,73,8.2,28.4,15.6,219,10.83,28.7,15.7,254,13.6
"2022-10-20 10:00:00",335,"Site 3",39.10367,-96.60065,335,19.53,10.37,73,8.8,28.43,15.6,219,10.8,28.67,15.73,254,13.6
"2022-10-20 11:00:00",336,"Site 3",39.10367,-96.60065,335,19.57,10.37,74.67,10.17,28.5,15.6,219,10.8,28.7,15.73,254,13.6
"2022-10-20 12:00:00",337,"Site 3",39.10367,-96.60065,335,19.93,10.57,77,11.43,28.5,15.6,219,10.8,28.63,15.67,254,13.53
"2022-10-20 13:00:00",338,"Site 3",39.10367,-96.60065,335,20.17,10.7,80,12.87,28.53,15.6,219.3,11,28.67,15.67,254,13.53
"2022-10-20 14:00:00",339,"Site 3",39.10367,-96.60065,335,20.37,10.83,82.3,13.83,28.5,15.6,220.7,11.2,28.67,15.67,254,13.5
"2022-10-20 15:00:00",340,"Site 3",39.10367,-96.60065,335,20.5,10.9,84,14.6,28.43,15.6,222.3,11.5,28.67,15.7,253.7,13.5
"2022-10-20 16:00:00",341,"Site 3",39.10367,-96.60065,335,20.67,10.97,86.3,15.67,28.57,15.6,224.3,11.8,28.67,15.73,253.3,13.4
"2022-10-20 17:00:00",342,"Site 3",39.10367,-96.60065,335,20.8,11.03,87.7,15.87,28.5,15.6,225.7,12.17,28.7,15.7,253,13.43
"2022-10-20 18:00:00",343,"Site 3",39.10367,-96.60065,335,20.77,11.03,88,15.47,28.57,15.6,228,12.4,28.67,15.73,253,13.4
"2022-10-20 19:00:00",344,"Site 3",39.10367,-96.60065,335,20.8,11.03,87,14.97,28.6,15.6,229.3,12.83,28.7,15.73,253.7,13.5
"2022-10-20 20:00:00",345,"Site 3",39.10367,-96.60065,335,20.67,10.97,86.3,14.23,28.53,15.6,231,12.97,28.67,15.67,253.7,13.43
"2022-10-20 21:00:00",346,"Site 3",39.10367,-96.60065,335,20.57,10.9,85.3,13.7,28.57,15.6,232,13.07,28.77,15.8,254,13.53
"2022-10-20 22:00:00",347,"Site 3",39.10367,-96.60065,335,20.5,10.87,84.7,13.27,28.57,15.6,232,13.1,28.7,15.73,254,13.5
"2022-10-20 23:00:00",348,"Site 3",39.10367,-96.60065,335,20.43,10.83,84,12.93,28.53,15.6,232,13.2,28.67,15.67,254,13.57
"2022-10-21 00:00:00",349,"Site 3",39.10367,-96.60065,335,20.47,10.87,83,12.6,28.63,15.63,232,13.13,28.67,15.7,254,13.6
"2022-10-21 01:00:00",350,"Site 3",39.10367,-96.60065,335,20.4,10.83,83,12.4,28.63,15.63,232,13.13,28.7,15.73,254,13.6
"2022-10-21 02:00:00",351,"Site 3",39.10367,-96.60065,335,20.33,10.8,83,12.33,28.53,15.6,232,13.07,28.63,15.67,254.7,13.67
"2022-10-21 03:00:00",352,"Site 3",39.10367,-96.60065,335,20.3,10.8,83,12.3,28.47,15.6,232,13,28.67,15.7,255,13.7
"2022-10-21 04:00:00",353,"Site 3",39.10367,-96.60065,335,20.3,10.77,82.3,12.3,28.6,15.63,231.7,12.93,28.7,15.8,255,13.77
"2022-10-21 05:00:00",354,"Site 3",39.10367,-96.60065,335,20.33,10.8,82,12.3,28.5,15.6,232,12.93,28.7,15.73,255,13.77
"2022-10-21 06:00:00",355,"Site 3",39.10367,-96.60065,335,20.3,10.8,82,12.3,28.6,15.6,231,12.93,28.73,15.73,255.3,13.8
"2022-10-21 07:00:00",356,"Site 3",39.10367,-96.60065,335,20.3,10.8,82,12.27,28.53,15.6,231,12.93,28.67,15.73,256,13.8
"2022-10-21 08:00:00",357,"Site 3",39.10367,-96.60065,335,20.3,10.77,82,12.2,28.6,15.63,231,12.9,28.7,15.77,256,13.8
"2022-10-21 09:00:00",358,"Site 3",39.10367,-96.60065,335,20.3,10.8,82,12.4,28.57,15.63,231,12.9,28.73,15.77,256,13.83
"2022-10-21 10:00:00",359,"Site 3",39.10367,-96.60065,335,20.3,10.8,83,12.97,28.57,15.6,231,12.87,28.67,15.73,256,13.83
"2022-10-21 11:00:00",360,"Site 3",39.10367,-96.60065,335,20.47,10.87,84.7,14.2,28.6,15.6,231,12.9,28.7,15.73,256,13.8
"2022-10-21 12:00:00",361,"Site 3",39.10367,-96.60065,335,20.73,11.03,86.3,15.1,28.57,15.6,231,13,28.7,15.8,256,13.87
"2022-10-21 13:00:00",362,"Site 3",39.10367,-96.60065,335,20.7,11,89,16.3,28.5,15.6,232,13.17,28.77,15.8,256,13.83
"2022-10-21 14:00:00",363,"Site 3",39.10367,-96.60065,335,21,11.13,90.7,17.2,28.57,15.6,233.3,13.4,28.73,15.73,256,13.87
"2022-10-21 15:00:00",364,"Site 3",39.10367,-96.60065,335,21.13,11.2,92.7,17.93,28.57,15.6,234.7,13.7,28.7,15.77,256,13.87
"2022-10-21 16:00:00",365,"Site 3",39.10367,-96.60065,335,21.17,11.27,94.7,18.7,28.67,15.73,236,13.97,28.7,15.77,256,13.9
"2022-10-21 17:00:00",366,"Site 3",39.10367,-96.60065,335,21.17,11.2,95,18.63,28.6,15.67,238,14.3,28.7,15.77,256,13.9
"2022-10-21 18:00:00",367,"Site 3",39.10367,-96.60065,335,21.2,11.27,95,18.37,28.6,15.63,239.7,14.6,28.77,15.77,256,13.93
"2022-10-21 19:00:00",368,"Site 3",39.10367,-96.60065,335,21.23,11.23,95,17.9,28.6,15.63,241,14.83,28.7,15.73,256.3,13.93
"2022-10-21 20:00:00",369,"Site 3",39.10367,-96.60065,335,21.07,11.2,94.7,17.4,28.63,15.73,242.7,15.03,28.7,15.77,257,14
"2022-10-21 21:00:00",370,"Site 3",39.10367,-96.60065,335,21.17,11.2,94,17.1,28.6,15.6,243.7,15.13,28.7,15.77,257,14.03
"2022-10-21 22:00:00",371,"Site 3",39.10367,-96.60065,335,21.17,11.23,94,16.9,28.6,15.63,244,15.2,28.7,15.77,258,14.1
"2022-10-21 23:00:00",372,"Site 3",39.10367,-96.60065,335,21.03,11.17,93,16.7,28.63,15.67,244,15.27,28.7,15.73,258,14.13
"2022-10-22 00:00:00",373,"Site 3",39.10367,-96.60065,335,20.97,11.13,93,16.53,28.6,15.67,244.7,15.3,28.7,15.77,258,14.17
"2022-10-22 01:00:00",374,"Site 3",39.10367,-96.60065,335,21.07,11.2,92.7,16.33,28.63,15.7,245,15.3,28.7,15.8,258.3,14.23
"2022-10-22 02:00:00",375,"Site 3",39.10367,-96.60065,335,21,11.17,92,16.13,28.63,15.67,245,15.3,28.77,15.83,259,14.3
"2022-10-22 03:00:00",376,"Site 3",39.10367,-96.60065,335,21,11.2,92,15.93,28.57,15.63,245,15.27,28.7,15.8,259.3,14.33
"2022-10-22 04:00:00",377,"Site 3",39.10367,-96.60065,335,20.97,11.1,91,15.77,28.6,15.67,245,15.23,28.73,15.77,260,14.4
"2022-10-22 05:00:00",378,"Site 3",39.10367,-96.60065,335,21,11.17,91,15.6,28.63,15.67,245,15.23,28.73,15.77,260,14.4
"2022-10-22 06:00:00",379,"Site 3",39.10367,-96.60065,335,20.9,11.13,91,15.47,28.6,15.67,244.7,15.2,28.77,15.8,260,14.47
"2022-10-22 07:00:00",380,"Site 3",39.10367,-96.60065,335,20.87,11.1,90.3,15.33,28.6,15.67,244.7,15.23,28.77,15.8,260,14.5
"2022-10-22 08:00:00",381,"Site 3",39.10367,-96.60065,335,20.93,11.1,90,15.17,28.63,15.7,244.7,15.17,28.7,15.8,261,14.53
"2022-10-22 09:00:00",382,"Site 3",39.10367,-96.60065,335,20.93,11.13,90,15.17,28.6,15.63,244,15.13,28.8,15.8,261,14.57
"2022-10-22 10:00:00",383,"Site 3",39.10367,-96.60065,335,20.9,11.1,90.3,15.53,28.6,15.7,244,15.1,28.7,15.8,261,14.6
"2022-10-22 11:00:00",384,"Site 3",39.10367,-96.60065,335,21.03,11.17,91.7,16.27,28.57,15.6,244,15.1,28.73,15.77,261,14.6
"2022-10-22 12:00:00",385,"Site 3",39.10367,-96.60065,335,21.13,11.23,93.3,17.07,28.57,15.63,244,15.1,28.7,15.77,261.3,14.63
"2022-10-22 13:00:00",386,"Site 3",39.10367,-96.60065,335,21.2,11.23,95.3,18.03,28.57,15.6,244.3,15.2,28.77,15.77,262,14.67
"2022-10-22 14:00:00",387,"Site 3",39.10367,-96.60065,335,21.2,11.27,97,18.77,28.57,15.6,245.3,15.37,28.7,15.8,262,14.7
"2022-10-22 15:00:00",388,"Site 3",39.10367,-96.60065,335,21.23,11.3,98.3,19.23,28.6,15.63,246.3,15.57,28.77,15.8,262,14.7
"2022-10-22 16:00:00",389,"Site 3",39.10367,-96.60065,335,21.27,11.3,99.7,20.07,28.6,15.7,247.7,15.83,28.77,15.8,262,14.73
"2022-10-22 17:00:00",390,"Site 3",39.10367,-96.60065,335,21.27,11.3,101,20.17,28.6,15.63,248.7,16.1,28.77,15.8,262,14.8
"2022-10-22 18:00:00",391,"Site 3",39.10367,-96.60065,335,21.23,11.3,101,19.8,28.6,15.63,250.3,16.33,28.77,15.8,263,14.8
"2022-10-22 19:00:00",392,"Site 3",39.10367,-96.60065,335,21.23,11.3,100,19.3,28.67,15.7,251.7,16.5,28.8,15.8,263,14.8
"2022-10-22 20:00:00",393,"Site 3",39.10367,-96.60065,335,21.27,11.27,99.3,18.9,28.63,15.7,253,16.67,28.73,15.8,263,14.83
"2022-10-22 21:00:00",394,"Site 3",39.10367,-96.60065,335,21.23,11.27,98.7,18.4,28.6,15.67,253,16.7,28.8,15.83,263.7,14.9
"2022-10-22 22:00:00",395,"Site 3",39.10367,-96.60065,335,21.23,11.3,98,18.3,28.6,15.63,253,16.73,28.7,15.77,264,14.9
"2022-10-22 23:00:00",396,"Site 3",39.10367,-96.60065,335,21.23,11.27,98,18.23,28.6,15.67,253,16.8,28.73,15.77,264,15
"2022-10-23 00:00:00",397,"Site 3",39.10367,-96.60065,335,21.2,11.23,98,18.17,28.6,15.67,253.3,16.73,28.7,15.8,264,15.03
"2022-10-23 01:00:00",398,"Site 3",39.10367,-96.60065,335,21.23,11.27,98,18.03,28.6,15.67,253,16.77,28.77,15.77,264.7,15.07
"2022-10-23 02:00:00",399,"Site 3",39.10367,-96.60065,335,21.27,11.27,97,17.97,28.6,15.67,253.7,16.73,28.7,15.8,265,15.17
"2022-10-23 03:00:00",400,"Site 3",39.10367,-96.60065,335,21.17,11.27,97,17.8,28.63,15.67,253,16.7,28.7,15.8,265.3,15.17
"2022-10-23 04:00:00",401,"Site 3",39.10367,-96.60065,335,21.27,11.3,97,17.73,28.63,15.67,253.7,16.7,28.7,15.8,266,15.2
"2022-10-23 05:00:00",402,"Site 3",39.10367,-96.60065,335,21.27,11.3,97,17.67,28.63,15.7,253,16.7,28.73,15.8,266,15.23
"2022-10-23 06:00:00",403,"Site 3",39.10367,-96.60065,335,21.2,11.23,97,17.6,28.6,15.67,253,16.7,28.83,15.83,266,15.3
"2022-10-23 07:00:00",404,"Site 3",39.10367,-96.60065,335,21.17,11.27,96.7,17.6,28.6,15.67,253,16.7,28.73,15.8,266,15.3
"2022-10-23 08:00:00",405,"Site 3",39.10367,-96.60065,335,21.1,11.23,96,17.57,28.6,15.67,253,16.7,28.77,15.8,266.7,15.3
"2022-10-23 09:00:00",406,"Site 3",39.10367,-96.60065,335,21.23,11.27,97,17.7,28.6,15.67,253,16.7,28.8,15.83,267,15.4
"2022-10-23 10:00:00",407,"Site 3",39.10367,-96.60065,335,21.27,11.27,97,18.03,28.6,15.7,253,16.67,28.77,15.83,267,15.37
"2022-10-23 11:00:00",408,"Site 3",39.10367,-96.60065,335,21.23,11.27,98.3,18.63,28.63,15.63,253,16.7,28.77,15.8,267,15.37
"2022-10-23 12:00:00",409,"Site 3",39.10367,-96.60065,335,21.3,11.3,99.7,19.53,28.63,15.7,253,16.77,28.73,15.8,267.7,15.47
"2022-10-23 13:00:00",410,"Site 3",39.10367,-96.60065,335,21.27,11.3,101,20.03,28.6,15.67,254.3,16.87,28.8,15.8,268,15.43
"2022-10-23 14:00:00",411,"Site 3",39.10367,-96.60065,335,21.33,11.33,102,19.97,28.63,15.67,255,17.03,28.8,15.8,268,15.5
"2022-10-23 15:00:00",412,"Site 3",39.10367,-96.60065,335,21.3,11.3,102.3,20.4,28.67,15.7,256,17.17,28.77,15.8,268,15.5
"2022-10-23 16:00:00",413,"Site 3",39.10367,-96.60065,335,21.37,11.37,103.7,21.3,28.6,15.63,256.7,17.37,28.73,15.8,268,15.5
"2022-10-23 17:00:00",414,"Site 3",39.10367,-96.60065,335,21.47,11.4,105,21.43,28.6,15.67,257.7,17.53,28.77,15.8,268,15.57
"2022-10-23 18:00:00",415,"Site 3",39.10367,-96.60065,335,21.4,11.37,105,21.13,28.63,15.7,259,17.73,28.77,15.8,269,15.63
"2022-10-23 19:00:00",416,"Site 3",39.10367,-96.60065,335,21.4,11.37,104.3,20.77,28.6,15.67,260,17.9,28.93,15.87,269,15.63
"2022-10-23 20:00:00",417,"Site 3",39.10367,-96.60065,335,21.37,11.37,104,20.43,28.63,15.73,260.3,18.03,28.83,15.8,269,15.7
"2022-10-23 21:00:00",418,"Site 3",39.10367,-96.60065,335,21.3,11.3,104,20.2,28.63,15.7,261,18.1,28.83,15.8,270,15.73
"2022-10-23 22:00:00",419,"Site 3",39.10367,-96.60065,335,21.3,11.3,103,20.07,28.67,15.73,261,18.1,28.83,15.8,270,15.77
"2022-10-23 23:00:00",420,"Site 3",39.10367,-96.60065,335,21.33,11.33,103,19.97,28.63,15.7,262,18.13,28.8,15.8,270,15.9
"2022-10-24 00:00:00",421,"Site 3",39.10367,-96.60065,335,21.27,11.3,103,19.9,28.6,15.67,262,18.1,28.8,15.8,270,15.83
"2022-10-24 01:00:00",422,"Site 3",39.10367,-96.60065,335,21.3,11.3,102.3,19.73,28.63,15.7,262,18.1,28.8,15.8,270.7,15.9
"2022-10-24 02:00:00",423,"Site 3",39.10367,-96.60065,335,21.3,11.3,102,19.63,28.67,15.73,262,18.1,28.83,15.83,271,15.97
"2022-10-24 03:00:00",424,"Site 3",39.10367,-96.60065,335,21.23,11.3,102,19.5,28.6,15.67,262,18.13,28.8,15.8,271,16
"2022-10-24 04:00:00",425,"Site 3",39.10367,-96.60065,335,21.4,11.37,101.7,19.37,28.67,15.7,262,18.13,28.8,15.83,272,16
"2022-10-24 05:00:00",426,"Site 3",39.10367,-96.60065,335,21.23,11.3,101,19,28.6,15.7,262,18.1,28.9,15.87,272,16.07
"2022-10-24 06:00:00",427,"Site 3",39.10367,-96.60065,335,21.27,11.27,100,18.5,28.6,15.67,261.3,18.03,28.83,15.87,272.3,16.13
"2022-10-24 07:00:00",428,"Site 3",39.10367,-96.60065,335,21.27,11.3,99,18.07,28.67,15.7,261,18,28.77,15.8,273,16.1
"2022-10-24 08:00:00",429,"Site 3",39.10367,-96.60065,335,21.23,11.27,98,17.53,28.6,15.67,260.7,17.9,28.83,15.83,273,16.17
"2022-10-24 09:00:00",430,"Site 3",39.10367,-96.60065,335,21.2,11.23,96.7,17.07,28.57,15.6,260,17.77,28.83,15.8,273,16.2
"2022-10-24 10:00:00",431,"Site 3",39.10367,-96.60065,335,21.23,11.27,96,16.57,28.57,15.6,259.3,17.6,28.8,15.83,273,16.2
"2022-10-24 11:00:00",432,"Site 3",39.10367,-96.60065,335,21.17,11.2,95,16.23,28.6,15.67,258.3,17.47,28.83,15.83,273,16.23
"2022-10-24 12:00:00",433,"Site 3",39.10367,-96.60065,335,21,11.17,94.7,15.8,28.5,15.63,257.3,17.33,28.9,15.8,273.3,16.27
"2022-10-24 13:00:00",434,"Site 3",39.10367,-96.60065,335,21.13,11.2,94,15.47,28.6,15.6,256.7,17.17,28.77,15.83,274,16.27
"2022-10-24 14:00:00",435,"Site 3",39.10367,-96.60065,335,21.07,11.23,93.7,15.23,28.6,15.63,255,16.97,28.87,15.83,274,16.3
"2022-10-24 15:00:00",436,"Site 3",39.10367,-96.60065,335,21.03,11.13,93.3,15.1,28.6,15.67,254.7,16.77,28.87,15.83,274,16.3
"2022-10-24 16:00:00",437,"Site 3",39.10367,-96.60065,335,20.97,11.17,93,14.97,28.57,15.6,253.7,16.67,28.87,15.8,274,16.3
"2022-10-24 17:00:00",438,"Site 3",39.10367,-96.60065,335,20.93,11.1,92.3,14.9,28.63,15.67,253,16.5,28.93,15.87,274,16.3
"2022-10-24 18:00:00",439,"Site 3",39.10367,-96.60065,335,20.9,11.1,92,14.7,28.53,15.63,251.7,16.37,28.77,15.8,274,16.3
"2022-10-24 19:00:00",440,"Site 3",39.10367,-96.60065,335,20.97,11.13,91.3,14.3,28.57,15.6,251,16.23,28.87,15.87,274,16.23
"2022-10-24 20:00:00",441,"Site 3",39.10367,-96.60065,335,20.87,11.13,90.3,13.83,28.53,15.63,250,16.17,28.9,15.83,274,16.3
"2022-10-24 21:00:00",442,"Site 3",39.10367,-96.60065,335,20.8,11.03,89.7,13.37,28.57,15.63,249,15.93,28.87,15.8,274,16.2
"2022-10-24 22:00:00",443,"Site 3",39.10367,-96.60065,335,20.77,11,88.7,12.9,28.47,15.57,248,15.83,28.83,15.83,273.3,16.2
"2022-10-24 23:00:00",444,"Site 3",39.10367,-96.60065,335,20.6,10.93,87.7,12.43,28.5,15.57,246.7,15.63,28.9,15.8,273,16.2
"2022-10-25 00:00:00",445,"Site 3",39.10367,-96.60065,335,20.53,10.9,86.7,12.03,28.57,15.6,245.7,15.4,28.83,15.8,273,16.13
"2022-10-25 01:00:00",446,"Site 3",39.10367,-96.60065,335,20.47,10.87,86,11.7,28.57,15.6,244.3,15.23,28.87,15.83,273,16.1
"2022-10-25 02:00:00",447,"Site 3",39.10367,-96.60065,335,20.57,10.9,85,11.5,28.43,15.6,243,15,28.9,15.83,273,16.1
"2022-10-25 03:00:00",448,"Site 3",39.10367,-96.60065,335,20.37,10.8,84.7,11.2,28.47,15.6,241.7,14.83,28.87,15.87,273,16.1
"2022-10-25 04:00:00",449,"Site 3",39.10367,-96.60065,335,20.37,10.8,84,11,28.43,15.6,240,14.63,28.83,15.83,273,15.97
"2022-10-25 05:00:00",450,"Site 3",39.10367,-96.60065,335,20.4,10.83,83.3,10.8,28.4,15.57,239,14.43,28.9,15.83,272.7,15.97
"2022-10-25 06:00:00",451,"Site 3",39.10367,-96.60065,335,20.27,10.77,83,10.6,28.47,15.57,237.7,14.23,28.87,15.83,272,15.9
"2022-10-25 07:00:00",452,"Site 3",39.10367,-96.60065,335,20.27,10.77,82,10.2,28.43,15.53,236.7,14.1,28.8,15.8,272,15.9
"2022-10-25 08:00:00",453,"Site 3",39.10367,-96.60065,335,20.1,10.67,81.3,9.93,28.47,15.53,235.3,13.93,28.8,15.83,271,15.87
"2022-10-25 09:00:00",454,"Site 3",39.10367,-96.60065,335,20.17,10.7,81,9.8,28.37,15.57,234.3,13.73,28.9,15.9,271,15.83
"2022-10-25 10:00:00",455,"Site 3",39.10367,-96.60065,335,20.2,10.7,81,10.1,28.43,15.57,233.3,13.57,28.83,15.83,271,15.8
"2022-10-25 11:00:00",456,"Site 3",39.10367,-96.60065,335,20.1,10.7,81.3,10.87,28.43,15.57,232,13.43,28.77,15.83,270,15.73
"2022-10-25 12:00:00",457,"Site 3",39.10367,-96.60065,335,20.27,10.77,82.7,12,28.4,15.53,231.3,13.33,28.9,15.83,270,15.6
"2022-10-25 13:00:00",458,"Site 3",39.10367,-96.60065,335,20.47,10.87,85,13.37,28.4,15.6,231,13.37,28.77,15.8,269.7,15.6
"2022-10-25 14:00:00",459,"Site 3",39.10367,-96.60065,335,20.67,10.97,86.3,14.07,28.4,15.53,231.7,13.47,28.83,15.83,269.3,15.5
"2022-10-25 15:00:00",460,"Site 3",39.10367,-96.60065,335,20.63,10.97,87.3,14.53,28.37,15.53,232.3,13.63,28.83,15.83,268.3,15.5
"2022-10-25 16:00:00",461,"Site 3",39.10367,-96.60065,335,20.8,11.03,89.3,15.43,28.4,15.5,233.3,13.83,28.73,15.8,268,15.43
"2022-10-25 17:00:00",462,"Site 3",39.10367,-96.60065,335,20.87,11.1,90,15.37,28.43,15.57,234.3,14,28.87,15.8,268,15.4
"2022-10-25 18:00:00",463,"Site 3",39.10367,-96.60065,335,20.77,11.03,90,14.87,28.4,15.57,235.3,14.17,28.73,15.8,268,15.37
"2022-10-25 19:00:00",464,"Site 3",39.10367,-96.60065,335,20.73,11,88.7,14.13,28.37,15.53,236.3,14.33,28.87,15.8,268,15.33
"2022-10-25 20:00:00",465,"Site 3",39.10367,-96.60065,335,20.63,10.93,87.7,13.33,28.47,15.57,237,14.4,28.77,15.8,267.7,15.3
"2022-10-25 21:00:00",466,"Site 3",39.10367,-96.60065,335,20.6,10.93,86.3,12.63,28.47,15.6,237,14.33,28.87,15.8,267,15.27
"2022-10-25 22:00:00",467,"Site 3",39.10367,-96.60065,335,20.7,11,85.7,12.03,28.47,15.6,236.3,14.23,28.77,15.8,267,15.3
"2022-10-25 23:00:00",468,"Site 3",39.10367,-96.60065,335,20.4,10.83,84.7,11.43,28.47,15.6,235.7,14.17,28.8,15.8,267,15.27
"2022-10-26 00:00:00",469,"Site 3",39.10367,-96.60065,335,20.5,10.9,83.7,11,28.33,15.5,234.7,14.03,28.83,15.8,267,15.23
"2022-10-26 01:00:00",470,"Site 3",39.10367,-96.60065,335,20.4,10.8,83,10.53,28.4,15.53,234,13.83,28.73,15.8,267,15.2
"2022-10-26 02:00:00",471,"Site 3",39.10367,-96.60065,335,20.3,10.77,82,10.17,28.37,15.53,232.7,13.67,28.77,15.8,267,15.2
"2022-10-26 03:00:00",472,"Site 3",39.10367,-96.60065,335,20.2,10.73,81,9.8,28.37,15.53,231.3,13.5,28.73,15.8,266.7,15.2
"2022-10-26 04:00:00",473,"Site 3",39.10367,-96.60065,335,20.13,10.67,80.3,9.5,28.43,15.53,230.3,13.3,28.77,15.8,266.3,15.2
"2022-10-26 05:00:00",474,"Site 3",39.10367,-96.60065,335,20.2,10.7,80,9.13,28.43,15.53,229.3,13.17,28.83,15.8,266,15.17
"2022-10-26 06:00:00",475,"Site 3",39.10367,-96.60065,335,20,10.6,79,8.9,28.43,15.57,228.3,12.97,28.8,15.8,266,15.1
"2022-10-26 07:00:00",476,"Site 3",39.10367,-96.60065,335,19.97,10.6,78.33,8.63,28.33,15.47,226.7,12.77,28.77,15.83,266,15.1
"2022-10-26 08:00:00",477,"Site 3",39.10367,-96.60065,335,20,10.6,78,8.4,28.33,15.43,225.7,12.6,28.83,15.83,266,15.07
"2022-10-26 09:00:00",478,"Site 3",39.10367,-96.60065,335,19.97,10.6,78,8.53,28.4,15.53,225,12.4,28.83,15.83,265.7,15
"2022-10-26 10:00:00",479,"Site 3",39.10367,-96.60065,335,20.1,10.63,78,8.9,28.37,15.53,223.7,12.23,28.83,15.83,265.3,14.97
"2022-10-26 11:00:00",480,"Site 3",39.10367,-96.60065,335,20,10.63,78.67,9.6,28.33,15.47,223,12.13,28.77,15.77,264.7,14.9
"2022-10-26 12:00:00",481,"Site 3",39.10367,-96.60065,335,20.2,10.73,79.67,10.67,28.3,15.47,222,12.1,28.7,15.77,264,14.9
"2022-10-26 13:00:00",482,"Site 3",39.10367,-96.60065,335,20.13,10.7,81.7,12,28.33,15.5,222,12.1,28.73,15.8,264,14.83
"2022-10-26 14:00:00",483,"Site 3",39.10367,-96.60065,335,20.3,10.77,83.3,12.73,28.33,15.5,222.3,12.2,28.8,15.8,264,14.8
"2022-10-26 15:00:00",484,"Site 3",39.10367,-96.60065,335,20.43,10.83,84,13.13,28.37,15.53,223.3,12.37,28.7,15.8,263.7,14.77
"2022-10-26 16:00:00",485,"Site 3",39.10367,-96.60065,335,20.5,10.87,85,13.57,28.33,15.47,224.3,12.53,28.8,15.83,263,14.7
"2022-10-26 17:00:00",486,"Site 3",39.10367,-96.60065,335,20.57,10.93,85.7,13.5,28.33,15.53,225.3,12.77,28.73,15.8,263,14.63
"2022-10-26 18:00:00",487,"Site 3",39.10367,-96.60065,335,20.57,10.93,85,13.07,28.33,15.5,226,12.9,28.77,15.77,262,14.6
"2022-10-26 19:00:00",488,"Site 3",39.10367,-96.60065,335,20.53,10.9,85,12.73,28.33,15.5,227,13.07,28.77,15.8,262,14.6
"2022-10-26 20:00:00",489,"Site 3",39.10367,-96.60065,335,20.5,10.9,84.3,12.4,28.4,15.6,228,13.1,28.77,15.8,262,14.57
"2022-10-26 21:00:00",490,"Site 3",39.10367,-96.60065,335,20.47,10.87,84,12.03,28.43,15.57,228,13.13,28.8,15.8,262,14.53
"2022-10-26 22:00:00",491,"Site 3",39.10367,-96.60065,335,20.43,10.87,83.7,11.77,28.37,15.47,228,13.2,28.73,15.8,262,14.5
"2022-10-26 23:00:00",492,"Site 3",39.10367,-96.60065,335,20.43,10.87,83,11.43,28.33,15.5,228,13.13,28.73,15.8,262,14.5
"2022-10-27 00:00:00",493,"Site 3",39.10367,-96.60065,335,20.27,10.77,83,11.1,28.3,15.47,227.3,13.03,28.77,15.8,262,14.5
"2022-10-27 01:00:00",494,"Site 3",39.10367,-96.60065,335,20.33,10.8,82.7,10.87,28.33,15.47,227,13,28.7,15.77,262,14.53
"2022-10-27 02:00:00",495,"Site 3",39.10367,-96.60065,335,20.23,10.73,82,10.73,28.33,15.53,226,12.93,28.8,15.8,262,14.5
"2022-10-27 03:00:00",496,"Site 3",39.10367,-96.60065,335,20.27,10.77,82,10.53,28.37,15.53,226,12.83,28.73,15.8,261.7,14.5
"2022-10-27 04:00:00",497,"Site 3",39.10367,-96.60065,335,20.23,10.73,81.3,10.4,28.4,15.5,225.3,12.77,28.73,15.8,261.7,14.47
"2022-10-27 05:00:00",498,"Site 3",39.10367,-96.60065,335,20.23,10.73,81,10.33,28.37,15.53,225,12.63,28.7,15.77,261,14.43
"2022-10-27 06:00:00",499,"Site 3",39.10367,-96.60065,335,20.23,10.73,81,10.2,28.4,15.57,224.3,12.6,28.67,15.73,261,14.5
"2022-10-27 07:00:00",500,"Site 3",39.10367,-96.60065,335,20.17,10.7,81,10.17,28.33,15.43,224,12.5,28.8,15.8,261,14.47
"2022-10-27 08:00:00",501,"Site 3",39.10367,-96.60065,335,20.2,10.7,81,10.1,28.3,15.43,223,12.43,28.7,15.8,261,14.47
"2022-10-27 09:00:00",502,"Site 3",39.10367,-96.60065,335,20.27,10.77,81,10.23,28.33,15.47,223,12.37,28.8,15.77,261,14.4
"2022-10-27 10:00:00",503,"Site 3",39.10367,-96.60065,335,20.2,10.73,81,10.63,28.37,15.53,222.7,12.3,28.73,15.8,260.7,14.4
"2022-10-27 11:00:00",504,"Site 3",39.10367,-96.60065,335,20.23,10.73,81.7,11.2,28.33,15.53,222,12.27,28.8,15.8,260,14.4
"2022-10-27 12:00:00",505,"Site 3",39.10367,-96.60065,335,20.33,10.8,82.7,12.07,28.33,15.47,222,12.3,28.7,15.8,260,14.33
"2022-10-27 13:00:00",506,"Site 3",39.10367,-96.60065,335,20.33,10.8,83.7,12.87,28.33,15.5,222.3,12.37,28.7,15.73,260,14.33
"2022-10-27 14:00:00",507,"Site 3",39.10367,-96.60065,335,20.4,10.8,85,13.4,28.37,15.5,223,12.5,28.77,15.77,260,14.33
"2022-10-27 15:00:00",508,"Site 3",39.10367,-96.60065,335,20.57,10.9,85.7,13.47,28.33,15.47,223.7,12.7,28.77,15.8,260,14.27
"2022-10-27 16:00:00",509,"Site 3",39.10367,-96.60065,335,20.63,10.97,86,13.6,28.3,15.43,225,12.8,28.73,15.77,260,14.27
"2022-10-27 17:00:00",510,"Site 3",39.10367,-96.60065,335,20.63,10.97,86,13.57,28.4,15.5,225.3,12.97,28.67,15.73,260,14.23
"2022-10-27 18:00:00",511,"Site 3",39.10367,-96.60065,335,20.57,10.93,86,13.37,28.3,15.47,226,13.03,28.7,15.77,259.7,14.2
"2022-10-27 19:00:00",512,"Site 3",39.10367,-96.60065,335,20.63,10.97,86,13.13,28.33,15.53,226.3,13.17,28.7,15.77,259.3,14.23
"2022-10-27 20:00:00",513,"Site 3",39.10367,-96.60065,335,20.57,10.9,86,12.9,28.37,15.5,227,13.2,28.77,15.73,259,14.23
"2022-10-27 21:00:00",514,"Site 3",39.10367,-96.60065,335,20.6,10.93,85.7,12.7,28.33,15.5,227,13.2,28.73,15.8,259.3,14.23
"2022-10-27 22:00:00",515,"Site 3",39.10367,-96.60065,335,20.43,10.83,85,12.53,28.33,15.47,227,13.2,28.7,15.8,259.3,14.2
"2022-10-27 23:00:00",516,"Site 3",39.10367,-96.60065,335,20.53,10.87,85,12.27,28.4,15.53,227,13.2,28.7,15.8,259,14.2
"2022-10-28 00:00:00",517,"Site 3",39.10367,-96.60065,335,20.5,10.87,85,12.1,28.33,15.43,227,13.2,28.7,15.8,259,14.2
"2022-10-28 01:00:00",518,"Site 3",39.10367,-96.60065,335,20.43,10.87,85,12,28.33,15.5,227,13.17,28.7,15.77,259.7,14.23
"2022-10-28 02:00:00",519,"Site 3",39.10367,-96.60065,335,20.4,10.83,84,11.87,28.33,15.5,227,13.1,28.8,15.77,259,14.23
"2022-10-28 03:00:00",520,"Site 3",39.10367,-96.60065,335,20.57,10.9,84,11.8,28.3,15.5,227,13.03,28.73,15.8,259.7,14.23
"2022-10-28 04:00:00",521,"Site 3",39.10367,-96.60065,335,20.57,10.93,84,11.7,28.37,15.53,226,13.03,28.77,15.8,259.3,14.27
"2022-10-28 05:00:00",522,"Site 3",39.10367,-96.60065,335,20.37,10.83,84,11.53,28.4,15.57,226,13,28.73,15.8,259.7,14.23
"2022-10-28 06:00:00",523,"Site 3",39.10367,-96.60065,335,20.5,10.9,83,11.2,28.4,15.53,226,12.97,28.73,15.8,259.3,14.23
"2022-10-28 07:00:00",524,"Site 3",39.10367,-96.60065,335,20.43,10.87,83,10.87,28.4,15.53,226,12.9,28.7,15.73,259.3,14.2
"2022-10-28 08:00:00",525,"Site 3",39.10367,-96.60065,335,20.27,10.77,82.7,10.67,28.3,15.43,225,12.8,28.8,15.83,259.3,14.27
"2022-10-28 09:00:00",526,"Site 3",39.10367,-96.60065,335,20.43,10.83,82,10.63,28.37,15.5,225,12.73,28.7,15.73,259.3,14.2
"2022-10-28 10:00:00",527,"Site 3",39.10367,-96.60065,335,20.4,10.83,82.3,11.03,28.37,15.5,224.3,12.63,28.77,15.8,259,14.2
"2022-10-28 11:00:00",528,"Site 3",39.10367,-96.60065,335,20.4,10.83,83.3,11.77,28.37,15.53,224,12.6,28.7,15.8,259,14.2
"2022-10-28 12:00:00",529,"Site 3",39.10367,-96.60065,335,20.57,10.9,85.3,13.13,28.37,15.5,223.7,12.6,28.83,15.8,259,14.17
"2022-10-28 13:00:00",530,"Site 3",39.10367,-96.60065,335,20.7,11,88,14.67,28.4,15.53,224.3,12.67,28.73,15.77,259,14.2
"2022-10-28 14:00:00",531,"Site 3",39.10367,-96.60065,335,20.83,11.1,89.7,15.37,28.33,15.53,225.3,12.83,28.77,15.8,259,14.17
"2022-10-28 15:00:00",532,"Site 3",39.10367,-96.60065,335,20.93,11.13,90.7,15.6,28.33,15.53,226.3,13.1,28.7,15.73,258.7,14.2
"2022-10-28 16:00:00",533,"Site 3",39.10367,-96.60065,335,21,11.17,92.7,16.3,28.37,15.5,228,13.3,28.67,15.73,258.3,14.17
"2022-10-28 17:00:00",534,"Site 3",39.10367,-96.60065,335,21.13,11.23,93,16.1,28.3,15.5,229,13.57,28.73,15.8,258.3,14.13
"2022-10-28 18:00:00",535,"Site 3",39.10367,-96.60065,335,21.03,11.17,92.7,15.6,28.37,15.53,230.7,13.77,28.83,15.87,258.3,14.13
"2022-10-28 19:00:00",536,"Site 3",39.10367,-96.60065,335,21.07,11.17,91.7,14.8,28.4,15.53,231.7,13.93,28.73,15.73,258,14.1
"2022-10-28 20:00:00",537,"Site 3",39.10367,-96.60065,335,20.83,11.1,90.3,14.03,28.4,15.5,232,14,28.77,15.77,258.7,14.17
"2022-10-28 21:00:00",538,"Site 3",39.10367,-96.60065,335,20.9,11.07,89.3,13.37,28.33,15.5,232,14,28.73,15.8,259,14.2
"2022-10-28 22:00:00",539,"Site 3",39.10367,-96.60065,335,20.77,11.03,88,12.8,28.4,15.57,232,14,28.7,15.77,259,14.23
"2022-10-28 23:00:00",540,"Site 3",39.10367,-96.60065,335,20.63,10.93,87,12.27,28.37,15.5,232,13.93,28.73,15.77,259,14.23
"2022-10-29 00:00:00",541,"Site 3",39.10367,-96.60065,335,20.7,10.97,86.3,11.83,28.4,15.57,231,13.77,28.73,15.8,259,14.23
"2022-10-29 01:00:00",542,"Site 3",39.10367,-96.60065,335,20.67,10.97,85.7,11.37,28.37,15.53,230.3,13.63,28.7,15.8,259,14.3
"2022-10-29 02:00:00",543,"Site 3",39.10367,-96.60065,335,20.57,10.93,85,11.03,28.33,15.53,229.3,13.47,28.73,15.8,260,14.3
"2022-10-29 03:00:00",544,"Site 3",39.10367,-96.60065,335,20.43,10.83,84.3,10.6,28.4,15.53,228.7,13.33,28.77,15.77,259.7,14.3
"2022-10-29 04:00:00",545,"Site 3",39.10367,-96.60065,335,20.43,10.83,83.3,10.3,28.37,15.53,227.7,13.2,28.7,15.77,260,14.3
"2022-10-29 05:00:00",546,"Site 3",39.10367,-96.60065,335,20.33,10.77,83,9.97,28.3,15.5,226.7,13.03,28.7,15.8,260,14.27
"2022-10-29 06:00:00",547,"Site 3",39.10367,-96.60065,335,20.33,10.77,82,9.7,28.37,15.57,225.7,12.87,28.7,15.8,260,14.3
"2022-10-29 07:00:00",548,"Site 3",39.10367,-96.60065,335,20.37,10.83,81.3,9.5,28.37,15.5,225,12.67,28.73,15.77,259.7,14.3
"2022-10-29 08:00:00",549,"Site 3",39.10367,-96.60065,335,20.3,10.8,81,9.27,28.33,15.47,223.7,12.57,28.77,15.8,259.7,14.27
"2022-10-29 09:00:00",550,"Site 3",39.10367,-96.60065,335,20.27,10.77,80,9.23,28.33,15.5,223,12.4,28.73,15.77,259.7,14.23
"2022-10-29 10:00:00",551,"Site 3",39.10367,-96.60065,335,20.17,10.7,80.7,9.67,28.33,15.5,222,12.23,28.73,15.77,259,14.23
"2022-10-29 11:00:00",552,"Site 3",39.10367,-96.60065,335,20.23,10.73,81.7,10.37,28.33,15.47,221.3,12.13,28.77,15.8,259,14.2
"2022-10-29 12:00:00",553,"Site 3",39.10367,-96.60065,335,20.43,10.87,82.7,11.33,28.3,15.5,221,12.1,28.8,15.8,259,14.2
"2022-10-29 13:00:00",554,"Site 3",39.10367,-96.60065,335,20.57,10.9,85.3,13.2,28.3,15.43,221,12.17,28.73,15.8,258.3,14.17
"2022-10-29 14:00:00",555,"Site 3",39.10367,-96.60065,335,20.77,11.03,87.7,14.17,28.33,15.47,221.7,12.27,28.7,15.8,258,14.13
"2022-10-29 15:00:00",556,"Site 3",39.10367,-96.60065,335,20.77,11.07,89.3,14.63,28.33,15.47,222.7,12.5,28.8,15.8,258,14.1
"2022-10-29 16:00:00",557,"Site 3",39.10367,-96.60065,335,20.9,11.13,90.7,15.43,28.3,15.5,224,12.73,28.7,15.8,258,14.1
"2022-10-29 17:00:00",558,"Site 3",39.10367,-96.60065,335,21,11.2,92,15.43,28.33,15.47,225.7,13,28.7,15.77,258,14.1
"2022-10-29 18:00:00",559,"Site 3",39.10367,-96.60065,335,20.97,11.13,91,14.9,28.37,15.5,226.7,13.23,28.7,15.77,258,14
"2022-10-29 19:00:00",560,"Site 3",39.10367,-96.60065,335,20.87,11.13,90.3,14.13,28.4,15.53,228,13.4,28.83,15.8,258,14.03
"2022-10-29 20:00:00",561,"Site 3",39.10367,-96.60065,335,20.87,11.1,89.3,13.43,28.37,15.5,229,13.5,28.7,15.8,258,14.03
"2022-10-29 21:00:00",562,"Site 3",39.10367,-96.60065,335,20.77,11.07,88,12.87,28.4,15.57,229,13.5,28.73,15.77,258,14
"2022-10-29 22:00:00",563,"Site 3",39.10367,-96.60065,335,20.83,11.03,87,12.33,28.37,15.47,229,13.5,28.7,15.77,258,14.07
"2022-10-29 23:00:00",564,"Site 3",39.10367,-96.60065,335,20.73,11,86.3,12.03,28.37,15.47,228.7,13.43,28.77,15.8,258,14.1
"2022-10-30 00:00:00",565,"Site 3",39.10367,-96.60065,335,20.7,10.97,86,11.8,28.4,15.57,228,13.33,28.7,15.8,258,14.07
"2022-10-30 01:00:00",566,"Site 3",39.10367,-96.60065,335,20.57,10.9,86,11.63,28.4,15.53,228,13.27,28.7,15.8,258,14.1
"2022-10-30 02:00:00",567,"Site 3",39.10367,-96.60065,335,20.67,10.97,85,11.43,28.3,15.47,227,13.17,28.7,15.77,258,14.1
"2022-10-30 03:00:00",568,"Site 3",39.10367,-96.60065,335,20.53,10.9,85,11.37,28.33,15.5,226.3,13.1,28.73,15.77,258,14.1
"2022-10-30 04:00:00",569,"Site 3",39.10367,-96.60065,335,20.53,10.9,85,11.23,28.3,15.47,226,12.97,28.73,15.73,258,14.1
"2022-10-30 05:00:00",570,"Site 3",39.10367,-96.60065,335,20.57,10.9,84.3,11.1,28.33,15.5,225.7,12.9,28.77,15.77,258,14.1
"2022-10-30 06:00:00",571,"Site 3",39.10367,-96.60065,335,20.43,10.87,84,11.03,28.33,15.5,225,12.83,28.73,15.8,258,14.1
"2022-10-30 07:00:00",572,"Site 3",39.10367,-96.60065,335,20.4,10.83,84,11,28.33,15.53,224.7,12.77,28.73,15.8,258,14.07
"2022-10-30 08:00:00",573,"Site 3",39.10367,-96.60065,335,20.53,10.9,84,10.93,28.33,15.5,224,12.67,28.73,15.77,258,14.1
"2022-10-30 09:00:00",574,"Site 3",39.10367,-96.60065,335,20.43,10.87,84,11.07,28.33,15.43,224,12.6,28.73,15.77,258,14.03
"2022-10-30 10:00:00",575,"Site 3",39.10367,-96.60065,335,20.57,10.93,84.3,11.43,28.33,15.43,223,12.6,28.73,15.77,258,14.1
"2022-10-30 11:00:00",576,"Site 3",39.10367,-96.60065,335,20.5,10.87,85.3,12.07,28.33,15.5,223,12.57,28.8,15.8,258,14.1
"2022-10-30 12:00:00",577,"Site 3",39.10367,-96.60065,335,20.63,10.93,86.7,13.23,28.3,15.5,223,12.6,28.77,15.77,258,14.03
"2022-10-30 13:00:00",578,"Site 3",39.10367,-96.60065,335,20.77,11,88.3,14.1,28.33,15.5,223.7,12.67,28.7,15.8,257.3,14
"2022-10-30 14:00:00",579,"Site 3",39.10367,-96.60065,335,20.8,11.03,89.7,14.43,28.37,15.5,224.7,12.83,28.7,15.77,257.3,14
"2022-10-30 15:00:00",580,"Site 3",39.10367,-96.60065,335,20.87,11.1,90,14.43,28.33,15.47,225.7,13,28.73,15.77,257.3,14
"2022-10-30 16:00:00",581,"Site 3",39.10367,-96.60065,335,20.9,11.1,90,14.5,28.37,15.5,226.3,13.17,28.7,15.77,257,14
"2022-10-30 17:00:00",582,"Site 3",39.10367,-96.60065,335,20.83,11.1,90,14.4,28.33,15.5,227.3,13.33,28.7,15.73,257,14
"2022-10-30 18:00:00",583,"Site 3",39.10367,-96.60065,335,20.87,11.1,90,14.23,28.37,15.53,228,13.4,28.7,15.73,257,13.97
"2022-10-30 19:00:00",584,"Site 3",39.10367,-96.60065,335,20.93,11.13,90,13.93,28.3,15.5,228.7,13.53,28.77,15.77,257,14
"2022-10-30 20:00:00",585,"Site 3",39.10367,-96.60065,335,20.83,11.1,89.7,13.63,28.37,15.5,229,13.57,28.77,15.8,257,14
"2022-10-30 21:00:00",586,"Site 3",39.10367,-96.60065,335,20.9,11.07,89,13.27,28.37,15.5,229,13.6,28.73,15.77,257,14
"2022-10-30 22:00:00",587,"Site 3",39.10367,-96.60065,335,20.87,11.1,88.3,13.07,28.37,15.53,229,13.6,28.73,15.77,257,14
"2022-10-30 23:00:00",588,"Site 3",39.10367,-96.60065,335,20.83,11.03,88,12.9,28.37,15.53,229,13.57,28.67,15.77,258,14.03
"2022-10-31 00:00:00",589,"Site 3",39.10367,-96.60065,335,20.77,11.03,88,12.7,28.3,15.5,229,13.53,28.73,15.8,258,14.07
"2022-10-31 01:00:00",590,"Site 3",39.10367,-96.60065,335,20.73,11,87.3,12.53,28.33,15.47,229,13.47,28.7,15.77,258,14
"2022-10-31 02:00:00",591,"Site 3",39.10367,-96.60065,335,20.7,10.97,87,12.4,28.4,15.53,228.3,13.43,28.7,15.77,258,14.07
"2022-10-31 03:00:00",592,"Site 3",39.10367,-96.60065,335,20.67,10.97,87,12.27,28.33,15.47,228,13.4,28.77,15.8,258,14.1
"2022-10-31 04:00:00",593,"Site 3",39.10367,-96.60065,335,20.7,11,87,12.17,28.33,15.5,228,13.33,28.8,15.8,258,14.1
"2022-10-31 05:00:00",594,"Site 3",39.10367,-96.60065,335,20.7,11,86.3,12.07,28.33,15.5,228,13.3,28.7,15.8,258,14.07
"2022-10-31 06:00:00",595,"Site 3",39.10367,-96.60065,335,20.67,10.97,86,11.87,28.3,15.5,227,13.2,28.8,15.8,258,14.1
"2022-10-31 07:00:00",596,"Site 3",39.10367,-96.60065,335,20.67,10.97,86,11.53,28.3,15.47,227,13.2,28.7,15.8,258,14.1
"2022-10-31 08:00:00",597,"Site 3",39.10367,-96.60065,335,20.57,10.9,85,11.17,28.33,15.5,226,13.1,28.77,15.77,258,14.07
"2022-10-31 09:00:00",598,"Site 3",39.10367,-96.60065,335,20.67,10.97,85,10.97,28.3,15.47,226,13.03,28.83,15.8,258,14.1
"2022-10-31 10:00:00",599,"Site 3",39.10367,-96.60065,335,20.47,10.87,85,11.43,28.27,15.47,225,12.93,28.73,15.73,258,14.1
"2022-10-31 11:00:00",600,"Site 3",39.10367,-96.60065,335,20.63,10.93,85.7,12.27,28.3,15.43,225,12.87,28.7,15.77,258,14.1
"2022-10-31 12:00:00",601,"Site 3",39.10367,-96.60065,335,20.77,11,87.7,13.4,28.3,15.47,225,12.8,28.7,15.73,258,14.13
"2022-10-31 13:00:00",602,"Site 3",39.10367,-96.60065,335,20.93,11.13,90,14.6,28.3,15.43,225,12.87,28.7,15.73,258,14.07
"2022-10-31 14:00:00",603,"Site 3",39.10367,-96.60065,335,20.97,11.13,91.7,15.2,28.4,15.53,225.7,13.03,28.77,15.73,257.7,14.1
"2022-10-31 15:00:00",604,"Site 3",39.10367,-96.60065,335,21.07,11.2,92.7,15.43,28.37,15.53,226.7,13.2,28.7,15.77,258,14.03
"2022-10-31 16:00:00",605,"Site 3",39.10367,-96.60065,335,21.13,11.2,94.3,16.03,28.37,15.5,228,13.47,28.73,15.77,257.3,14.03
"2022-10-31 17:00:00",606,"Site 3",39.10367,-96.60065,335,21.27,11.3,95,15.93,28.43,15.6,229.3,13.7,28.87,15.8,257.3,14
"2022-10-31 18:00:00",607,"Site 3",39.10367,-96.60065,335,21.2,11.23,94,15.43,28.33,15.53,230.7,13.83,28.7,15.73,257.7,14.03
"2022-10-31 19:00:00",608,"Site 3",39.10367,-96.60065,335,21.13,11.23,93.3,14.73,28.4,15.57,231.7,13.97,28.73,15.77,257.3,14.03
"2022-10-31 20:00:00",609,"Site 3",39.10367,-96.60065,335,21.03,11.13,91.7,14,28.37,15.5,232,14.07,28.7,15.8,258,14.07
"2022-10-31 21:00:00",610,"Site 3",39.10367,-96.60065,335,20.9,11.1,90.3,13.43,28.37,15.57,232,14.03,28.73,15.73,258,14.1
"2022-10-31 22:00:00",611,"Site 3",39.10367,-96.60065,335,20.83,11.07,90,13,28.4,15.53,232,14.07,28.7,15.73,258,14.07
"2022-10-31 23:00:00",612,"Site 3",39.10367,-96.60065,335,20.87,11.1,89,12.8,28.4,15.57,231.3,13.93,28.73,15.8,258,14.1
"2022-11-01 00:00:00",613,"Site 3",39.10367,-96.60065,335,20.87,11.07,88.7,12.6,28.4,15.53,231,13.8,28.73,15.77,258,14.03
"2022-11-01 01:00:00",614,"Site 3",39.10367,-96.60065,335,20.8,11.07,88,12.47,28.4,15.53,230.7,13.77,28.73,15.8,258,14.13
"2022-11-01 02:00:00",615,"Site 3",39.10367,-96.60065,335,20.83,11.03,88,12.3,28.3,15.5,230,13.67,28.73,15.8,258,14.17
"2022-11-01 03:00:00",616,"Site 3",39.10367,-96.60065,335,20.8,11.03,88,12.2,28.37,15.53,229,13.6,28.83,15.83,258,14.13
"2022-11-01 04:00:00",617,"Site 3",39.10367,-96.60065,335,20.7,10.97,87,12.2,28.33,15.47,229,13.47,28.8,15.8,258,14.13
"2022-11-01 05:00:00",618,"Site 3",39.10367,-96.60065,335,20.77,11,87,12.17,28.33,15.5,228.3,13.43,28.7,15.77,258,14.2
"2022-11-01 06:00:00",619,"Site 3",39.10367,-96.60065,335,20.73,11,87,12.17,28.3,15.47,228,13.33,28.7,15.77,258,14.2
"2022-11-01 07:00:00",620,"Site 3",39.10367,-96.60065,335,20.73,11,87,12.17,28.33,15.43,228,13.3,28.77,15.83,258,14.13
"2022-11-01 08:00:00",621,"Site 3",39.10367,-96.60065,335,20.73,11,87,12.17,28.33,15.47,227.7,13.27,28.77,15.8,258,14.2
"2022-11-01 09:00:00",622,"Site 3",39.10367,-96.60065,335,20.6,10.93,87,12.3,28.27,15.43,227,13.27,28.7,15.77,258,14.2
"2022-11-01 10:00:00",623,"Site 3",39.10367,-96.60065,335,20.77,11,87.7,12.73,28.37,15.5,227,13.2,28.7,15.77,258,14.2
"2022-11-01 11:00:00",624,"Site 3",39.10367,-96.60065,335,20.87,11.1,89,13.6,28.33,15.53,227,13.2,28.73,15.8,258,14.13
"2022-11-01 12:00:00",625,"Site 3",39.10367,-96.60065,335,21.03,11.17,91,14.77,28.3,15.47,227,13.23,28.83,15.83,258,14.13
"2022-11-01 13:00:00",626,"Site 3",39.10367,-96.60065,335,21.2,11.2,94,15.97,28.3,15.5,228,13.4,28.7,15.77,258,14.1
"2022-11-01 14:00:00",627,"Site 3",39.10367,-96.60065,335,21.37,11.33,96.3,16.67,28.3,15.47,229,13.6,28.73,15.77,258,14.1
"2022-11-01 15:00:00",628,"Site 3",39.10367,-96.60065,335,21.43,11.37,97.3,17,28.37,15.5,230.7,13.83,28.67,15.77,258,14.1
"2022-11-01 16:00:00",629,"Site 3",39.10367,-96.60065,335,21.37,11.37,98.7,17.33,28.33,15.5,231.7,14.1,28.73,15.8,258,14.1
"2022-11-01 17:00:00",630,"Site 3",39.10367,-96.60065,335,21.47,11.4,99,17.3,28.33,15.5,233.7,14.37,28.77,15.83,258,14.1
"2022-11-01 18:00:00",631,"Site 3",39.10367,-96.60065,335,21.37,11.37,98.7,16.93,28.4,15.5,234.7,14.57,28.7,15.77,258,14.1
"2022-11-01 19:00:00",632,"Site 3",39.10367,-96.60065,335,21.3,11.3,97.7,16.5,28.4,15.53,235.7,14.8,28.73,15.77,258,14.13
"2022-11-01 20:00:00",633,"Site 3",39.10367,-96.60065,335,21.33,11.33,97,16,28.43,15.53,237,14.9,28.77,15.8,258,14.2
"2022-11-01 21:00:00",634,"Site 3",39.10367,-96.60065,335,21.27,11.3,96,15.6,28.43,15.6,237,14.9,28.73,15.8,258,14.2
"2022-11-01 22:00:00",635,"Site 3",39.10367,-96.60065,335,21.23,11.3,95,15.2,28.33,15.47,237,14.9,28.73,15.77,258.7,14.2
"2022-11-01 23:00:00",636,"Site 3",39.10367,-96.60065,335,21.2,11.23,94.7,14.97,28.37,15.57,237,14.9,28.7,15.8,259,14.23
"2022-11-02 00:00:00",637,"Site 3",39.10367,-96.60065,335,21.2,11.23,94,14.8,28.37,15.5,237,14.83,28.7,15.77,259,14.27
"2022-11-02 01:00:00",638,"Site 3",39.10367,-96.60065,335,21.17,11.23,94,14.53,28.33,15.53,237,14.8,28.73,15.77,259,14.3
"2022-11-02 02:00:00",639,"Site 3",39.10367,-96.60065,335,21.13,11.2,93,14.33,28.37,15.5,236.3,14.77,28.73,15.8,259.7,14.33
"2022-11-02 03:00:00",640,"Site 3",39.10367,-96.60065,335,21.1,11.2,93,14.23,28.37,15.57,236,14.7,28.77,15.77,260,14.37
"2022-11-02 04:00:00",641,"Site 3",39.10367,-96.60065,335,21.13,11.23,92.7,14.17,28.33,15.5,236,14.6,28.73,15.8,260,14.4
"2022-11-02 05:00:00",642,"Site 3",39.10367,-96.60065,335,21.13,11.2,92,14.03,28.37,15.53,235,14.57,28.77,15.8,260,14.4
"2022-11-02 06:00:00",643,"Site 3",39.10367,-96.60065,335,21,11.17,92,13.97,28.37,15.53,235,14.53,28.73,15.8,260,14.4
"2022-11-02 07:00:00",644,"Site 3",39.10367,-96.60065,335,21.07,11.23,92,13.9,28.33,15.5,235,14.43,28.73,15.77,260,14.47
"2022-11-02 08:00:00",645,"Site 3",39.10367,-96.60065,335,21.03,11.13,92,13.87,28.33,15.5,234.3,14.4,28.7,15.77,260,14.47
"2022-11-02 09:00:00",646,"Site 3",39.10367,-96.60065,335,21,11.1,92,13.93,28.37,15.5,234,14.37,28.77,15.8,260,14.4
"2022-11-02 10:00:00",647,"Site 3",39.10367,-96.60065,335,21,11.13,92,14.37,28.33,15.53,234,14.3,28.7,15.8,260,14.5
"2022-11-02 11:00:00",648,"Site 3",39.10367,-96.60065,335,21.17,11.23,93.3,15.13,28.37,15.5,234,14.3,28.83,15.77,260,14.5
"2022-11-02 12:00:00",649,"Site 3",39.10367,-96.60065,335,21.17,11.23,94.7,15.8,28.33,15.5,234,14.37,28.73,15.8,260,14.5
"2022-11-02 13:00:00",650,"Site 3",39.10367,-96.60065,335,21.3,11.33,96,16.8,28.33,15.5,234,14.47,28.73,15.8,260,14.47
"2022-11-02 14:00:00",651,"Site 3",39.10367,-96.60065,335,21.43,11.37,98.7,17.73,28.37,15.53,235,14.57,28.73,15.77,260,14.5
"2022-11-02 15:00:00",652,"Site 3",39.10367,-96.60065,335,21.33,11.33,100.3,18.43,28.33,15.53,236,14.8,28.7,15.8,260.3,14.5
"2022-11-02 16:00:00",653,"Site 3",39.10367,-96.60065,335,21.53,11.43,101.7,19,28.43,15.53,237.3,15.1,28.73,15.8,260,14.5
"2022-11-02 17:00:00",654,"Site 3",39.10367,-96.60065,335,21.5,11.4,102,18.8,28.4,15.53,238.7,15.33,28.73,15.8,260.7,14.5
"2022-11-02 18:00:00",655,"Site 3",39.10367,-96.60065,335,21.5,11.4,102,18.17,28.4,15.57,240,15.57,28.73,15.8,261,14.5
"2022-11-02 19:00:00",656,"Site 3",39.10367,-96.60065,335,21.43,11.37,101,17.53,28.43,15.53,241,15.67,28.73,15.8,261,14.5
"2022-11-02 20:00:00",657,"Site 3",39.10367,-96.60065,335,21.5,11.4,100,17.07,28.47,15.53,242,15.73,28.7,15.8,261,14.57
"2022-11-02 21:00:00",658,"Site 3",39.10367,-96.60065,335,21.4,11.37,99.3,16.7,28.47,15.6,242,15.8,28.8,15.8,261,14.6
"2022-11-02 22:00:00",659,"Site 3",39.10367,-96.60065,335,21.37,11.37,98.7,16.3,28.43,15.57,242,15.8,28.73,15.8,261.3,14.6
"2022-11-02 23:00:00",660,"Site 3",39.10367,-96.60065,335,21.4,11.37,98,15.9,28.43,15.53,242,15.77,28.77,15.8,262,14.6
"2022-11-03 00:00:00",661,"Site 3",39.10367,-96.60065,335,21.27,11.3,97,15.6,28.4,15.53,242,15.67,28.7,15.8,262,14.77
"2022-11-03 01:00:00",662,"Site 3",39.10367,-96.60065,335,21.33,11.33,97,15.4,28.4,15.57,241.3,15.6,28.73,15.8,262,14.77
"2022-11-03 02:00:00",663,"Site 3",39.10367,-96.60065,335,21.27,11.3,96,15.27,28.33,15.5,241,15.53,28.77,15.8,262,14.8
"2022-11-03 03:00:00",664,"Site 3",39.10367,-96.60065,335,21.3,11.3,96,15.2,28.37,15.5,240.3,15.4,28.83,15.87,262,14.8
"2022-11-03 04:00:00",665,"Site 3",39.10367,-96.60065,335,21.23,11.27,96,15.1,28.37,15.53,240,15.4,28.77,15.8,262.3,14.8
"2022-11-03 05:00:00",666,"Site 3",39.10367,-96.60065,335,21.3,11.3,96,15.07,28.4,15.57,240,15.33,28.77,15.8,262.7,14.83
"2022-11-03 06:00:00",667,"Site 3",39.10367,-96.60065,335,21.27,11.3,96,15.07,28.3,15.5,240,15.27,28.87,15.8,263,14.83
"2022-11-03 07:00:00",668,"Site 3",39.10367,-96.60065,335,21.3,11.33,96,15.1,28.5,15.6,239.7,15.23,28.77,15.8,263,14.9
"2022-11-03 08:00:00",669,"Site 3",39.10367,-96.60065,335,21.27,11.3,96,15.13,28.43,15.57,239,15.2,28.77,15.8,263,14.9
"2022-11-03 09:00:00",670,"Site 3",39.10367,-96.60065,335,21.23,11.27,96,15.37,28.43,15.53,239,15.2,28.8,15.77,263,14.87
"2022-11-03 10:00:00",671,"Site 3",39.10367,-96.60065,335,21.3,11.3,96.3,15.7,28.37,15.57,239,15.17,28.73,15.8,263,14.9
"2022-11-03 11:00:00",672,"Site 3",39.10367,-96.60065,335,21.43,11.37,97.3,16.4,28.37,15.53,239,15.17,28.77,15.83,263,14.83
"2022-11-03 12:00:00",673,"Site 3",39.10367,-96.60065,335,21.47,11.4,99,17.3,28.37,15.5,239,15.27,28.73,15.8,263,14.9
